1.537557999999999993e+03 8.461000000000000298e+00 1.275999999999999979e+01
1.125150000000000006e+02 8.605999999999999872e+00 1.080400000000000027e+01
3.318129999999999882e+02 1.012400000000000055e+01 1.251900000000000013e+01
8.580589999999999691e+02 8.986000000000000654e+00 1.184699999999999953e+01
1.340970000000000084e+02 1.824299999999999855e+01 1.075000000000000000e+01
9.439769999999999754e+02 1.858299999999999841e+01 1.298799999999999955e+01
1.413839999999999918e+03 1.777100000000000080e+01 9.715999999999999304e+00
1.217041999999999916e+03 1.990299999999999869e+01 1.331000000000000050e+01
4.742450000000000045e+02 2.139099999999999824e+01 1.194200000000000017e+01
3.490389999999999873e+02 2.295299999999999940e+01 1.568399999999999928e+01
7.064759999999999991e+02 2.373999999999999844e+01 1.320100000000000051e+01
1.007707999999999970e+03 2.323400000000000176e+01 7.969000000000000306e+00
2.000767000000000053e+03 2.649099999999999966e+01 1.477899999999999991e+01
9.629829999999999472e+02 2.720499999999999829e+01 1.193900000000000006e+01
1.583519000000000005e+03 2.995400000000000063e+01 1.015499999999999936e+01
1.558089999999999975e+02 3.305700000000000216e+01 1.189700000000000024e+01
4.145819999999999936e+02 3.368399999999999750e+01 1.135800000000000054e+01
2.681909999999999741e+02 3.373899999999999721e+01 8.336999999999999744e+00
9.082399999999999807e+01 3.912100000000000222e+01 1.001200000000000045e+01
5.354120000000000346e+02 3.896500000000000341e+01 1.341099999999999959e+01
1.516913000000000011e+03 4.465299999999999869e+01 1.320199999999999996e+01
6.981699999999999591e+02 4.455700000000000216e+01 1.032399999999999984e+01
6.492150000000000318e+02 4.921600000000000108e+01 1.347700000000000031e+01
1.024615000000000009e+03 5.575600000000000023e+01 1.222400000000000020e+01
1.156730000000000018e+02 5.769599999999999795e+01 1.076600000000000001e+01
3.792610000000000241e+02 5.947299999999999898e+01 1.221299999999999919e+01
1.322366999999999962e+03 6.077199999999999847e+01 1.458799999999999919e+01
1.606875000000000000e+03 6.135799999999999699e+01 1.205000000000000071e+01
2.175620000000000118e+02 6.225800000000000267e+01 1.532799999999999940e+01
1.559929999999999950e+02 6.440099999999999625e+01 8.484999999999999432e+00
1.234905999999999949e+03 6.732599999999999341e+01 1.288000000000000078e+01
9.760209999999999582e+02 6.783100000000000307e+01 1.285299999999999976e+01
1.019192999999999984e+03 6.789499999999999602e+01 1.161100000000000065e+01
5.770299999999999727e+02 6.922400000000000375e+01 1.008099999999999952e+01
1.508278000000000020e+03 6.908899999999999864e+01 1.288799999999999990e+01
1.089060999999999922e+03 6.944100000000000250e+01 8.432999999999999829e+00
4.903670000000000186e+02 7.110999999999999943e+01 1.279100000000000037e+01
1.200935999999999922e+03 7.398399999999999466e+01 1.211899999999999977e+01
5.773609999999999900e+02 7.860999999999999943e+01 9.576999999999999957e+00
1.038110000000000070e+02 8.224500000000000455e+01 1.264499999999999957e+01
1.610858999999999924e+03 8.445799999999999841e+01 1.510599999999999987e+01
8.476499999999999773e+02 8.912399999999999523e+01 1.325099999999999945e+01
1.406842000000000098e+03 9.489700000000000557e+01 1.152500000000000036e+01
6.743429999999999609e+02 9.768099999999999739e+01 1.109299999999999997e+01
1.719415999999999940e+03 1.006850000000000023e+02 1.214799999999999969e+01
7.305900000000000318e+02 1.042459999999999951e+02 1.174799999999999933e+01
1.494667999999999893e+03 1.035709999999999980e+02 1.124699999999999989e+01
1.910457000000000107e+03 1.068589999999999947e+02 1.316200000000000081e+01
1.449115999999999985e+03 1.071470000000000056e+02 8.887999999999999901e+00
1.483439999999999941e+02 1.078619999999999948e+02 1.210800000000000054e+01
5.724130000000000109e+02 1.101080000000000041e+02 1.031600000000000072e+01
1.952940000000000111e+02 1.179719999999999942e+02 1.315099999999999980e+01
5.016419999999999959e+02 1.177819999999999965e+02 8.595000000000000639e+00
6.869529999999999745e+02 1.184740000000000038e+02 9.358000000000000540e+00
1.300915999999999940e+03 1.219419999999999931e+02 1.223499999999999943e+01
1.745964999999999918e+03 1.215150000000000006e+02 8.734999999999999432e+00
3.195190000000000055e+02 1.214579999999999984e+02 8.080000000000000071e+00
1.784363000000000056e+03 1.226899999999999977e+02 1.220800000000000018e+01
1.842247000000000071e+03 1.236670000000000016e+02 1.266900000000000048e+01
2.137940000000000111e+02 1.267570000000000050e+02 1.276800000000000068e+01
1.978243999999999915e+03 1.269449999999999932e+02 1.161299999999999955e+01
1.423170000000000073e+03 1.329509999999999934e+02 1.344599999999999973e+01
8.798799999999999955e+01 1.352110000000000127e+02 1.265300000000000047e+01
8.235760000000000218e+02 1.343220000000000027e+02 1.244899999999999984e+01
1.956961000000000013e+03 1.349730000000000132e+02 1.396299999999999919e+01
8.660449999999999591e+02 1.375039999999999907e+02 1.287299999999999933e+01
1.817093000000000075e+03 1.399509999999999934e+02 1.300399999999999956e+01
1.703296000000000049e+03 1.409770000000000039e+02 1.115900000000000070e+01
1.318228000000000065e+03 1.455519999999999925e+02 1.336299999999999955e+01
1.420317000000000007e+03 1.542040000000000077e+02 8.029999999999999361e+00
1.454452999999999975e+03 1.594890000000000043e+02 1.206700000000000017e+01
1.618111000000000104e+03 1.621839999999999975e+02 1.139499999999999957e+01
1.396800000000000068e+02 1.628029999999999973e+02 1.144899999999999984e+01
1.735108999999999924e+03 1.636320000000000050e+02 1.190900000000000070e+01
6.941100000000000136e+02 1.618909999999999911e+02 7.692000000000000171e+00
1.896310999999999922e+03 1.670140000000000100e+02 1.010399999999999920e+01
5.444900000000000091e+02 1.686430000000000007e+02 9.339000000000000412e+00
1.274244999999999891e+03 1.707450000000000045e+02 1.224300000000000033e+01
9.168310000000000173e+02 1.708360000000000127e+02 1.525300000000000011e+01
1.236945999999999913e+03 1.793859999999999957e+02 1.048000000000000043e+01
1.622387999999999920e+03 1.878830000000000098e+02 1.325600000000000023e+01
1.175451000000000022e+03 1.897270000000000039e+02 1.335399999999999920e+01
1.811247000000000071e+03 1.900219999999999914e+02 1.358699999999999974e+01
1.924440000000000055e+03 1.908919999999999959e+02 9.494999999999999218e+00
4.473210000000000264e+02 1.928930000000000007e+02 1.046000000000000085e+01
1.861073000000000093e+03 1.917249999999999943e+02 1.376299999999999990e+01
1.064487000000000080e+03 1.942640000000000100e+02 8.214000000000000412e+00
1.369852000000000089e+03 2.008640000000000043e+02 6.953999999999999737e+00
8.291459999999999582e+02 2.016229999999999905e+02 1.159999999999999964e+01
1.713329999999999927e+03 2.034919999999999902e+02 1.176600000000000001e+01
9.079160000000000537e+02 2.054480000000000075e+02 1.368900000000000006e+01
4.378389999999999986e+02 2.095900000000000034e+02 1.151999999999999957e+01
3.450679999999999836e+02 2.118300000000000125e+02 1.377599999999999980e+01
1.162287000000000035e+03 2.115589999999999975e+02 1.102999999999999936e+01
1.817356999999999971e+03 2.124699999999999989e+02 8.849999999999999645e+00
1.486932999999999993e+03 2.254010000000000105e+02 6.522999999999999687e+00
1.767594000000000051e+03 2.249629999999999939e+02 8.159000000000000696e+00
1.515384000000000015e+03 2.257450000000000045e+02 8.939000000000000057e+00
1.649777000000000044e+03 2.261419999999999959e+02 1.020500000000000007e+01
5.728460000000000036e+02 2.297750000000000057e+02 1.260800000000000054e+01
3.333140000000000214e+02 2.319509999999999934e+02 1.436299999999999955e+01
3.572629999999999768e+02 2.331570000000000107e+02 8.521000000000000796e+00
1.786866999999999962e+03 2.323069999999999879e+02 1.409399999999999942e+01
1.886141000000000076e+03 2.360260000000000105e+02 1.027699999999999925e+01
1.357316000000000031e+03 2.390120000000000005e+02 1.280199999999999960e+01
2.041620000000000061e+02 2.424190000000000111e+02 1.138599999999999923e+01
1.377195999999999913e+03 2.442549999999999955e+02 1.301999999999999957e+01
6.483379999999999654e+02 2.469979999999999905e+02 8.730000000000000426e+00
1.085192000000000007e+03 2.523979999999999961e+02 8.615999999999999659e+00
8.383790000000000191e+02 2.526779999999999973e+02 1.321100000000000030e+01
5.385499999999999687e+01 2.535949999999999989e+02 1.106600000000000072e+01
2.007272999999999911e+03 2.546680000000000064e+02 1.066799999999999926e+01
1.791282999999999902e+03 2.561170000000000186e+02 1.223700000000000010e+01
2.087199999999999989e+01 2.577749999999999773e+02 1.311999999999999922e+01
4.082309999999999945e+02 2.595120000000000005e+02 1.356400000000000006e+01
1.391169000000000096e+03 2.603570000000000277e+02 1.210699999999999932e+01
6.309400000000000546e+02 2.625409999999999968e+02 7.549999999999999822e+00
1.307133000000000038e+03 2.642259999999999991e+02 1.057600000000000051e+01
1.383238000000000056e+03 2.692500000000000000e+02 1.101500000000000057e+01
1.570499000000000024e+03 2.677049999999999841e+02 1.326399999999999935e+01
9.778279999999999745e+02 2.722730000000000246e+02 1.225600000000000023e+01
3.653829999999999814e+02 2.745289999999999964e+02 1.178100000000000058e+01
5.991219999999999573e+02 2.750099999999999909e+02 9.000000000000000000e+00
1.978230999999999995e+03 2.821410000000000196e+02 1.296000000000000085e+01
1.045060000000000002e+02 2.851580000000000155e+02 1.077500000000000036e+01
1.481327999999999975e+03 2.852309999999999945e+02 1.144100000000000072e+01
3.048210000000000264e+02 2.876960000000000264e+02 1.268399999999999928e+01
1.876638999999999896e+03 2.879250000000000114e+02 1.053800000000000026e+01
8.542999999999999545e+02 2.889680000000000177e+02 1.150699999999999967e+01
1.656573000000000093e+03 2.906360000000000241e+02 7.897000000000000242e+00
3.544309999999999832e+02 2.916000000000000227e+02 1.076500000000000057e+01
1.259558999999999969e+03 2.923929999999999723e+02 1.134299999999999997e+01
1.333097999999999956e+03 2.921190000000000282e+02 1.317999999999999972e+01
1.845020000000000095e+02 2.974119999999999777e+02 8.922000000000000597e+00
1.549321999999999889e+03 2.982769999999999868e+02 1.377899999999999991e+01
7.269239999999999782e+02 3.001709999999999923e+02 1.218800000000000061e+01
6.276829999999999927e+02 3.007359999999999900e+02 1.303299999999999947e+01
1.875826000000000022e+03 3.006709999999999923e+02 1.230499999999999972e+01
1.416891000000000076e+03 3.055140000000000100e+02 7.310999999999999943e+00
1.440617999999999938e+03 3.079909999999999854e+02 8.432000000000000384e+00
1.057741999999999962e+03 3.078949999999999818e+02 1.181400000000000006e+01
6.691699999999999591e+02 3.080830000000000268e+02 1.355499999999999972e+01
1.020491999999999962e+03 3.101890000000000214e+02 1.334600000000000009e+01
4.246329999999999814e+02 3.143820000000000050e+02 8.723000000000000753e+00
2.020017000000000053e+03 3.166909999999999741e+02 8.214000000000000412e+00
1.185488000000000056e+03 3.173410000000000082e+02 1.269400000000000084e+01
1.084247000000000071e+03 3.217629999999999768e+02 8.035999999999999588e+00
1.367718000000000075e+03 3.187280000000000086e+02 1.322199999999999953e+01
1.004145999999999958e+03 3.218159999999999741e+02 1.394299999999999962e+01
1.758334000000000060e+03 3.273210000000000264e+02 1.135100000000000087e+01
1.428429000000000087e+03 3.390419999999999732e+02 9.996999999999999886e+00
9.503909999999999627e+02 3.411909999999999741e+02 1.284299999999999997e+01
2.727409999999999854e+02 3.464990000000000236e+02 1.213100000000000023e+01
5.697240000000000464e+02 3.515559999999999832e+02 1.302599999999999980e+01
1.052679000000000087e+03 3.524830000000000041e+02 1.203800000000000026e+01
2.365850000000000080e+02 3.542649999999999864e+02 8.391000000000000014e+00
1.518961999999999989e+03 3.552370000000000232e+02 1.136700000000000088e+01
1.367236000000000104e+03 3.558340000000000032e+02 9.378000000000000114e+00
6.049809999999999945e+02 3.584049999999999727e+02 1.119699999999999918e+01
4.184560000000000173e+02 3.589049999999999727e+02 1.123399999999999999e+01
6.992469999999999573e+02 3.598170000000000073e+02 9.426999999999999602e+00
1.503010999999999967e+03 3.622389999999999759e+02 1.104499999999999993e+01
1.953500000000000014e+01 3.669110000000000014e+02 9.422000000000000597e+00
9.654030000000000200e+02 3.669830000000000041e+02 1.324099999999999966e+01
1.589912000000000035e+03 3.710380000000000109e+02 7.570999999999999730e+00
1.883075000000000045e+03 3.706659999999999968e+02 1.207300000000000040e+01
1.073220000000000027e+02 3.716200000000000045e+02 1.057499999999999929e+01
6.168250000000000455e+02 3.758700000000000045e+02 1.293500000000000050e+01
1.188198000000000093e+03 3.772219999999999800e+02 1.006700000000000017e+01
1.108363000000000056e+03 3.791209999999999809e+02 1.210399999999999920e+01
6.735019999999999527e+02 3.803009999999999877e+02 1.210699999999999932e+01
1.413596999999999980e+03 3.813679999999999950e+02 1.235399999999999920e+01
1.594035000000000082e+03 3.813480000000000132e+02 8.500999999999999446e+00
4.510240000000000009e+02 3.858750000000000000e+02 1.191699999999999982e+01
1.471963999999999942e+03 3.921909999999999741e+02 1.372899999999999920e+01
5.775560000000000400e+02 3.943849999999999909e+02 1.256900000000000084e+01
8.011459999999999582e+02 3.971229999999999905e+02 1.323700000000000010e+01
2.031538000000000011e+03 3.978960000000000150e+02 1.271400000000000041e+01
1.692186999999999898e+03 4.006879999999999882e+02 7.924000000000000377e+00
6.824180000000000064e+02 4.017549999999999955e+02 8.384999999999999787e+00
1.938534000000000106e+03 4.011600000000000250e+02 9.643000000000000682e+00
7.047630000000000337e+02 4.017130000000000223e+02 1.223799999999999955e+01
1.273077999999999975e+03 4.020400000000000205e+02 1.154299999999999926e+01
9.924640000000000555e+02 4.046150000000000091e+02 9.951999999999999957e+00
1.047479000000000042e+03 4.076580000000000155e+02 1.392399999999999949e+01
1.000427999999999997e+03 4.149710000000000036e+02 1.364199999999999946e+01
1.183815000000000055e+03 4.174359999999999786e+02 1.018999999999999950e+01
1.300316000000000031e+03 4.174619999999999891e+02 1.308300000000000018e+01
2.017160000000000082e+02 4.190070000000000050e+02 1.182000000000000028e+01
9.674829999999999472e+02 4.190520000000000209e+02 1.250300000000000011e+01
1.923414999999999964e+03 4.190749999999999886e+02 8.945999999999999730e+00
7.022000000000000242e+00 4.204350000000000023e+02 1.364600000000000080e+01
6.463099999999999454e+02 4.198890000000000100e+02 1.173900000000000077e+01
1.694738000000000056e+03 4.190400000000000205e+02 1.282199999999999918e+01
1.862148999999999887e+03 4.261109999999999900e+02 6.988000000000000433e+00
8.678300000000000125e+01 4.278840000000000146e+02 1.351900000000000013e+01
5.044499999999999886e+02 4.298910000000000196e+02 1.279700000000000060e+01
1.975213999999999942e+03 4.295989999999999895e+02 1.218200000000000038e+01
2.221889999999999930e+02 4.312189999999999941e+02 1.059099999999999930e+01
1.559923000000000002e+03 4.320679999999999836e+02 1.278400000000000070e+01
1.032981999999999971e+03 4.351940000000000168e+02 9.125999999999999446e+00
1.283029999999999973e+02 4.362200000000000273e+02 1.055599999999999916e+01
1.642315000000000055e+03 4.377130000000000223e+02 1.308500000000000085e+01
7.595910000000000082e+02 4.420749999999999886e+02 1.187299999999999933e+01
7.963189999999999600e+02 4.439850000000000136e+02 1.056700000000000017e+01
1.576050999999999931e+03 4.471379999999999768e+02 1.319100000000000072e+01
1.536796000000000049e+03 4.489660000000000082e+02 9.621000000000000441e+00
1.268455999999999904e+03 4.507010000000000218e+02 1.360500000000000043e+01
1.612269000000000005e+03 4.511490000000000009e+02 1.150000000000000000e+01
7.097480000000000473e+02 4.522730000000000246e+02 1.135800000000000054e+01
1.667063000000000102e+03 4.524300000000000068e+02 1.043599999999999994e+01
1.476653999999999996e+03 4.542919999999999732e+02 1.245299999999999940e+01
9.597150000000000318e+02 4.574259999999999877e+02 1.267399999999999949e+01
1.052288999999999987e+03 4.560450000000000159e+02 1.319400000000000084e+01
2.722769999999999868e+02 4.588249999999999886e+02 1.193200000000000038e+01
1.076104000000000042e+03 4.587880000000000109e+02 9.824999999999999289e+00
1.338526000000000067e+03 4.622259999999999991e+02 1.369899999999999984e+01
1.844317999999999984e+03 4.627970000000000255e+02 1.308300000000000018e+01
4.945499999999999829e+01 4.635840000000000032e+02 1.138499999999999979e+01
1.979050000000000011e+02 4.646530000000000200e+02 1.203899999999999970e+01
5.342559999999999718e+02 4.654130000000000109e+02 1.219699999999999918e+01
5.811079999999999472e+02 4.655670000000000073e+02 1.211700000000000088e+01
1.320834000000000060e+03 4.680720000000000027e+02 1.150300000000000011e+01
2.143170000000000073e+02 4.765790000000000077e+02 1.008600000000000030e+01
3.748220000000000027e+02 4.774460000000000264e+02 1.131199999999999939e+01
1.509690000000000055e+03 4.784440000000000168e+02 1.317500000000000071e+01
1.349317999999999984e+03 4.786800000000000068e+02 1.045599999999999952e+01
1.486554000000000087e+03 4.821589999999999918e+02 1.103100000000000058e+01
1.013509999999999991e+03 4.849100000000000250e+02 1.288199999999999967e+01
2.776929999999999836e+02 4.928999999999999773e+02 1.009500000000000064e+01
5.362509999999999764e+02 4.930029999999999859e+02 1.372799999999999976e+01
1.028480000000000018e+03 4.927110000000000127e+02 1.172300000000000075e+01
6.756960000000000264e+02 4.954230000000000018e+02 1.224799999999999933e+01
1.211501999999999953e+03 4.959309999999999832e+02 1.192800000000000082e+01
1.456310999999999922e+03 4.987509999999999764e+02 1.052800000000000047e+01
1.489180000000000064e+03 4.991739999999999782e+02 1.269200000000000017e+01
1.502353000000000065e+03 4.996539999999999964e+02 1.347600000000000087e+01
1.078180000000000064e+03 5.010260000000000105e+02 1.186400000000000077e+01
1.391705999999999904e+03 5.056259999999999764e+02 8.429999999999999716e+00
3.323750000000000000e+02 5.063829999999999814e+02 1.299600000000000044e+01
1.112009999999999991e+03 5.068980000000000246e+02 1.212800000000000011e+01
8.063590000000000373e+02 5.099859999999999900e+02 9.830000000000000071e+00
1.430294000000000096e+03 5.106080000000000041e+02 1.294699999999999918e+01
5.749389999999999645e+02 5.143909999999999627e+02 8.932000000000000384e+00
1.409215999999999894e+03 5.191639999999999873e+02 1.265600000000000058e+01
1.863887999999999920e+03 5.198300000000000409e+02 1.087599999999999945e+01
9.068339999999999463e+02 5.271340000000000146e+02 1.378200000000000003e+01
1.079125000000000000e+03 5.286069999999999709e+02 9.583999999999999631e+00
4.421209999999999809e+02 5.287400000000000091e+02 1.391000000000000014e+01
6.441839999999999691e+02 5.362569999999999482e+02 9.682999999999999829e+00
1.480047000000000025e+03 5.355679999999999836e+02 1.302899999999999991e+01
1.585279999999999973e+03 5.394869999999999663e+02 1.078599999999999959e+01
1.287912000000000035e+03 5.415199999999999818e+02 1.163799999999999990e+01
2.557249999999999943e+02 5.408700000000000045e+02 1.401299999999999990e+01
2.510999999999999943e+01 5.431019999999999754e+02 1.275999999999999979e+01
7.549299999999999500e+02 5.436900000000000546e+02 9.369999999999999218e+00
1.078897999999999911e+03 5.474769999999999754e+02 1.283699999999999974e+01
9.006630000000000109e+02 5.476299999999999955e+02 1.161200000000000010e+01
1.503913999999999987e+03 5.506359999999999673e+02 1.177599999999999980e+01
4.461299999999999955e+02 5.528959999999999582e+02 1.336500000000000021e+01
4.149130000000000109e+02 5.543049999999999500e+02 9.971000000000000085e+00
5.771150000000000091e+02 5.541380000000000337e+02 1.234600000000000009e+01
6.805099999999999909e+02 5.553500000000000227e+02 1.366600000000000037e+01
1.004456999999999994e+03 5.558730000000000473e+02 1.331900000000000084e+01
1.895271999999999935e+03 5.571509999999999536e+02 1.145400000000000063e+01
1.632205999999999904e+03 5.593229999999999791e+02 1.303899999999999970e+01
1.251488000000000056e+03 5.632200000000000273e+02 1.167500000000000071e+01
1.188163000000000011e+03 5.638300000000000409e+02 1.079599999999999937e+01
1.595371000000000095e+03 5.654629999999999654e+02 1.285299999999999976e+01
1.893086000000000013e+03 5.662799999999999727e+02 1.158000000000000007e+01
1.919028999999999996e+03 5.683529999999999518e+02 1.168800000000000061e+01
1.046303000000000111e+03 5.688529999999999518e+02 8.439999999999999503e+00
6.840180000000000291e+02 5.698429999999999609e+02 1.206600000000000072e+01
3.012590000000000146e+02 5.737459999999999809e+02 1.237400000000000055e+01
1.745288999999999987e+03 5.741839999999999691e+02 1.201999999999999957e+01
1.690928000000000111e+03 5.768400000000000318e+02 1.119699999999999918e+01
1.205053000000000111e+03 5.802089999999999463e+02 1.043500000000000050e+01
1.448008000000000038e+03 5.802079999999999700e+02 9.413999999999999702e+00
1.768192999999999984e+03 5.863150000000000546e+02 9.444000000000000838e+00
1.564430000000000121e+02 5.873469999999999800e+02 1.275300000000000011e+01
4.282559999999999718e+02 5.902200000000000273e+02 1.516099999999999959e+01
1.843778000000000020e+03 5.884349999999999454e+02 1.277999999999999936e+01
1.417133000000000038e+03 5.934310000000000400e+02 1.141499999999999915e+01
5.560240000000000009e+02 5.948569999999999709e+02 1.240700000000000003e+01
9.794690000000000509e+02 5.969339999999999691e+02 1.242500000000000071e+01
1.843309999999999889e+02 5.996259999999999764e+02 1.173799999999999955e+01
2.374900000000000091e+02 6.020650000000000546e+02 1.226699999999999946e+01
9.275599999999999454e+02 6.023949999999999818e+02 8.635999999999999233e+00
9.060879999999999654e+02 6.046100000000000136e+02 1.184200000000000053e+01
1.092223999999999933e+03 6.062000000000000455e+02 1.047000000000000064e+01
7.375220000000000482e+02 6.065190000000000055e+02 1.106799999999999962e+01
1.451032999999999902e+03 6.083410000000000082e+02 1.089600000000000080e+01
1.765349999999999909e+03 6.109560000000000173e+02 8.132999999999999119e+00
1.780916999999999916e+03 6.107409999999999854e+02 8.462999999999999190e+00
4.667900000000000205e+02 6.148759999999999764e+02 1.266099999999999959e+01
1.641928000000000111e+03 6.152680000000000291e+02 1.149000000000000021e+01
5.479059999999999491e+02 6.157809999999999491e+02 9.871000000000000441e+00
1.952652000000000044e+03 6.172419999999999618e+02 1.136299999999999955e+01
1.874202999999999975e+03 6.186420000000000528e+02 1.380899999999999928e+01
9.882830000000000155e+02 6.237939999999999827e+02 1.458399999999999963e+01
1.689391000000000076e+03 6.239109999999999445e+02 1.277599999999999980e+01
7.335579999999999927e+02 6.258369999999999891e+02 1.230199999999999960e+01
1.210772999999999911e+03 6.262730000000000246e+02 1.126900000000000013e+01
2.797470000000000141e+02 6.278250000000000455e+02 1.025500000000000078e+01
1.594000000000000000e+03 6.288410000000000082e+02 1.237100000000000044e+01
1.288854000000000042e+03 6.339690000000000509e+02 1.085599999999999987e+01
1.555555000000000064e+03 6.378440000000000509e+02 1.171799999999999997e+01
5.452369999999999663e+02 6.413590000000000373e+02 1.052899999999999991e+01
1.247279999999999944e+02 6.418899999999999864e+02 1.218699999999999939e+01
1.311676999999999907e+03 6.423759999999999764e+02 1.082099999999999973e+01
2.005682999999999993e+03 6.425019999999999527e+02 1.159900000000000020e+01
8.317519999999999527e+02 6.434840000000000373e+02 1.358500000000000085e+01
3.615919999999999845e+02 6.473300000000000409e+02 9.423999999999999488e+00
1.155019999999999982e+03 6.478909999999999627e+02 1.327599999999999980e+01
1.086088999999999942e+03 6.501490000000000009e+02 1.015199999999999925e+01
1.860172000000000025e+03 6.505359999999999445e+02 9.855000000000000426e+00
4.325659999999999741e+02 6.509819999999999709e+02 1.018900000000000006e+01
1.482451999999999998e+03 6.587659999999999627e+02 1.224699999999999989e+01
1.085930000000000035e+02 6.605399999999999636e+02 1.079100000000000037e+01
1.122153000000000020e+03 6.610900000000000318e+02 1.102699999999999925e+01
3.400350000000000250e+02 6.616219999999999573e+02 1.081099999999999994e+01
1.670611000000000104e+03 6.637459999999999809e+02 7.889999999999999680e+00
1.799429000000000087e+03 6.649719999999999800e+02 1.214700000000000024e+01
2.011403000000000020e+03 6.647469999999999573e+02 1.236899999999999977e+01
4.931619999999999777e+02 6.667780000000000200e+02 1.294699999999999918e+01
2.516499999999999915e+01 6.686689999999999827e+02 1.066499999999999915e+01
9.881710000000000491e+02 6.752069999999999936e+02 1.276999999999999957e+01
1.205976000000000113e+03 6.742450000000000045e+02 1.383900000000000041e+01
1.392269000000000005e+03 6.743680000000000518e+02 1.536899999999999977e+01
8.045760000000000218e+02 6.770979999999999563e+02 1.433500000000000085e+01
1.037369999999999891e+03 6.770789999999999509e+02 1.480899999999999928e+01
7.483390000000000555e+02 6.775990000000000464e+02 1.042200000000000060e+01
8.739100000000000534e+01 6.773220000000000027e+02 1.179400000000000048e+01
1.752560000000000002e+02 6.799260000000000446e+02 1.331900000000000084e+01
1.677203999999999951e+03 6.806390000000000100e+02 1.228700000000000081e+01
1.176753999999999905e+03 6.806920000000000073e+02 1.142399999999999949e+01
2.128619999999999948e+02 6.820810000000000173e+02 1.272899999999999920e+01
3.484499999999999886e+02 6.823730000000000473e+02 8.503000000000000114e+00
1.433034000000000106e+03 6.898809999999999718e+02 1.325999999999999979e+01
7.048680000000000518e+02 6.905750000000000455e+02 1.339899999999999913e+01
1.738609999999999900e+03 6.945430000000000064e+02 8.096999999999999531e+00
1.569269999999999925e+02 7.012659999999999627e+02 8.628999999999999559e+00
1.181827999999999975e+03 7.022369999999999663e+02 1.013599999999999923e+01
1.170210000000000008e+02 7.059969999999999573e+02 1.333000000000000007e+01
1.003851999999999975e+03 7.063920000000000528e+02 1.352599999999999980e+01
1.232267000000000053e+03 7.069959999999999809e+02 8.846000000000000085e+00
9.830919999999999845e+02 7.116770000000000209e+02 1.372499999999999964e+01
1.714124000000000024e+03 7.126290000000000191e+02 1.380300000000000082e+01
1.096028999999999996e+03 7.141119999999999663e+02 1.140099999999999980e+01
2.234790000000000134e+02 7.163590000000000373e+02 8.285000000000000142e+00
1.143646999999999935e+03 7.190560000000000400e+02 8.599999999999999645e+00
1.660578999999999951e+03 7.197699999999999818e+02 1.136200000000000010e+01
8.829450000000000500e+02 7.204099999999999682e+02 1.234600000000000009e+01
1.819175999999999931e+03 7.252440000000000282e+02 1.373300000000000054e+01
3.745219999999999914e+02 7.300140000000000100e+02 1.083000000000000007e+01
1.618878999999999905e+03 7.300149999999999864e+02 9.221000000000000085e+00
8.532409999999999854e+02 7.311280000000000427e+02 8.746999999999999886e+00
5.015790000000000077e+02 7.341169999999999618e+02 8.134000000000000341e+00
1.311051999999999907e+03 7.363700000000000045e+02 9.019999999999999574e+00
1.185040999999999940e+03 7.411230000000000473e+02 1.086299999999999955e+01
1.116176999999999907e+03 7.424170000000000300e+02 1.346000000000000085e+01
1.545292999999999893e+03 7.421499999999999773e+02 9.355000000000000426e+00
1.490559999999999945e+03 7.440449999999999591e+02 1.169800000000000040e+01
1.876160000000000139e+02 7.448400000000000318e+02 1.178999999999999915e+01
6.361409999999999627e+02 7.451490000000000009e+02 8.054999999999999716e+00
6.864950000000000045e+02 7.450140000000000100e+02 1.188100000000000023e+01
9.059130000000000109e+02 7.456299999999999955e+02 1.187500000000000000e+01
1.432299999999999955e+03 7.450190000000000055e+02 8.817000000000000171e+00
3.767470000000000141e+02 7.497569999999999482e+02 1.024099999999999966e+01
5.123849999999999909e+02 7.506040000000000418e+02 9.432000000000000384e+00
1.003613000000000056e+03 7.506879999999999882e+02 1.165799999999999947e+01
1.517421000000000049e+03 7.505769999999999982e+02 1.249699999999999989e+01
7.564940000000000282e+02 7.539039999999999964e+02 1.215900000000000070e+01
1.076149999999999949e+02 7.552309999999999945e+02 1.101699999999999946e+01
1.219333000000000084e+03 7.551860000000000355e+02 1.303999999999999915e+01
1.752930000000000064e+02 7.566050000000000182e+02 1.175699999999999967e+01
7.739320000000000164e+02 7.589009999999999536e+02 1.376299999999999990e+01
1.162864000000000033e+03 7.584500000000000455e+02 1.203299999999999947e+01
1.314048999999999978e+03 7.581369999999999436e+02 9.551000000000000156e+00
1.693092000000000098e+03 7.601059999999999945e+02 1.125500000000000078e+01
3.523919999999999959e+02 7.609579999999999700e+02 9.494999999999999218e+00
1.124095000000000027e+03 7.614389999999999645e+02 1.085200000000000031e+01
9.700159999999999627e+02 7.616430000000000291e+02 8.023999999999999133e+00
6.792300000000000182e+02 7.639329999999999927e+02 8.544000000000000483e+00
1.470950000000000045e+03 7.629489999999999554e+02 1.581700000000000017e+01
1.879743999999999915e+03 7.646390000000000100e+02 1.057199999999999918e+01
4.975520000000000209e+02 7.645979999999999563e+02 1.155300000000000082e+01
1.140300000000000047e+01 7.660919999999999845e+02 9.935999999999999943e+00
7.491639999999999873e+02 7.664020000000000437e+02 1.021899999999999942e+01
3.219619999999999891e+02 7.698640000000000327e+02 1.244500000000000028e+01
1.123359999999999985e+02 7.712300000000000182e+02 1.388799999999999990e+01
1.311212999999999965e+03 7.723659999999999854e+02 1.308099999999999952e+01
6.308949999999999818e+02 7.754569999999999936e+02 9.473000000000000753e+00
1.286494999999999891e+03 7.771040000000000418e+02 9.875999999999999446e+00
1.094366999999999962e+03 7.799099999999999682e+02 9.561999999999999389e+00
2.965430000000000064e+02 7.828269999999999982e+02 1.151200000000000045e+01
7.661140000000000327e+02 7.837119999999999891e+02 1.092099999999999937e+01
1.534626999999999953e+03 7.904039999999999964e+02 1.318299999999999983e+01
4.913400000000000034e+01 7.905729999999999791e+02 8.319000000000000838e+00
1.341817999999999984e+03 7.921580000000000155e+02 1.287400000000000055e+01
9.666639999999999873e+02 7.928750000000000000e+02 8.371999999999999886e+00
1.142122000000000071e+03 7.934410000000000309e+02 9.702999999999999403e+00
1.179863000000000056e+03 7.996200000000000045e+02 1.250399999999999956e+01
4.227149999999999750e+02 8.028339999999999463e+02 9.384000000000000341e+00
2.170219999999999914e+02 8.036159999999999854e+02 1.094400000000000084e+01
8.859809999999999945e+02 8.043809999999999718e+02 1.204599999999999937e+01
1.022750999999999976e+03 8.065879999999999654e+02 7.983999999999999986e+00
7.566639999999999873e+02 8.074790000000000418e+02 1.327800000000000047e+01
1.254320999999999913e+03 8.072319999999999709e+02 1.053800000000000026e+01
1.485329999999999870e+02 8.072329999999999472e+02 1.524499999999999922e+01
9.162949999999999591e+02 8.095589999999999691e+02 8.971999999999999531e+00
1.570471999999999980e+03 8.147279999999999518e+02 1.278800000000000026e+01
1.284007000000000062e+03 8.160729999999999791e+02 1.331400000000000006e+01
6.466319999999999482e+02 8.177169999999999845e+02 1.326900000000000013e+01
9.599460000000000264e+02 8.177839999999999918e+02 1.247300000000000075e+01
1.052038000000000011e+03 8.198010000000000446e+02 7.998999999999999666e+00
2.037162000000000035e+03 8.187409999999999854e+02 9.712999999999999190e+00
1.593818999999999960e+03 8.219439999999999600e+02 1.118699999999999939e+01
1.700035000000000082e+03 8.234510000000000218e+02 9.051999999999999602e+00
1.520132000000000062e+03 8.251509999999999536e+02 8.051999999999999602e+00
9.435249999999999773e+02 8.252100000000000364e+02 1.286800000000000033e+01
9.305689999999999600e+02 8.260919999999999845e+02 1.369200000000000017e+01
1.365244999999999891e+03 8.299189999999999827e+02 7.629999999999999893e+00
2.783879999999999768e+02 8.303519999999999754e+02 1.017500000000000071e+01
6.048609999999999900e+02 8.337250000000000227e+02 1.521799999999999997e+01
1.643626999999999953e+03 8.324429999999999836e+02 1.322700000000000031e+01
1.208269000000000005e+03 8.335030000000000427e+02 9.362000000000000099e+00
2.583299999999999841e+01 8.335700000000000500e+02 1.255300000000000082e+01
1.108701999999999998e+03 8.359370000000000118e+02 7.631000000000000227e+00
9.447110000000000127e+02 8.370240000000000009e+02 1.317999999999999972e+01
1.329925999999999931e+03 8.385159999999999627e+02 1.185299999999999976e+01
7.985999999999999943e+01 8.386299999999999955e+02 1.026600000000000001e+01
3.257719999999999914e+02 8.415040000000000191e+02 8.506000000000000227e+00
1.462959999999999923e+02 8.429360000000000355e+02 1.300699999999999967e+01
1.367278999999999996e+03 8.431839999999999691e+02 1.090399999999999991e+01
3.974440000000000168e+02 8.455620000000000118e+02 8.804000000000000270e+00
1.443018000000000029e+03 8.458619999999999663e+02 1.348099999999999987e+01
1.852441000000000031e+03 8.462200000000000273e+02 8.246000000000000441e+00
1.063788000000000011e+03 8.476380000000000337e+02 8.002000000000000668e+00
1.165238000000000056e+03 8.484579999999999700e+02 7.756999999999999673e+00
1.958789999999999907e+02 8.481950000000000500e+02 1.070599999999999952e+01
2.837379999999999995e+02 8.493060000000000400e+02 1.158600000000000030e+01
6.669909999999999854e+02 8.514099999999999682e+02 1.244899999999999984e+01
4.100830000000000268e+02 8.524349999999999454e+02 1.188299999999999912e+01
5.706069999999999709e+02 8.550439999999999827e+02 8.721999999999999531e+00
3.692590000000000146e+02 8.595610000000000355e+02 1.291600000000000037e+01
9.337340000000000373e+02 8.606779999999999973e+02 9.887999999999999901e+00
1.213547000000000025e+03 8.609900000000000091e+02 8.384000000000000341e+00
1.038870000000000005e+02 8.623750000000000000e+02 1.064600000000000080e+01
1.507439999999999998e+02 8.626860000000000355e+02 1.143800000000000061e+01
4.987160000000000082e+02 8.639969999999999573e+02 1.096499999999999986e+01
4.035140000000000100e+02 8.644740000000000464e+02 1.068999999999999950e+01
2.035219999999999914e+02 8.683609999999999900e+02 1.041300000000000026e+01
1.551156999999999925e+03 8.721860000000000355e+02 1.203400000000000070e+01
3.151229999999999905e+02 8.728909999999999627e+02 8.400000000000000355e+00
1.454278999999999996e+03 8.733819999999999482e+02 1.271599999999999930e+01
1.910891000000000076e+03 8.736889999999999645e+02 1.234600000000000009e+01
2.010903000000000020e+03 8.762269999999999754e+02 1.036999999999999922e+01
4.538759999999999764e+02 8.768129999999999882e+02 1.230599999999999916e+01
9.875650000000000546e+02 8.775289999999999964e+02 1.037400000000000055e+01
5.501639999999999873e+02 8.776219999999999573e+02 1.333099999999999952e+01
8.112409999999999854e+02 8.781449999999999818e+02 1.171899999999999942e+01
1.031938000000000102e+03 8.814750000000000227e+02 8.074999999999999289e+00
1.576568999999999960e+03 8.822730000000000246e+02 1.323199999999999932e+01
1.422417999999999893e+03 8.834180000000000064e+02 9.208999999999999631e+00
1.788044000000000096e+03 8.858830000000000382e+02 1.176399999999999935e+01
3.765100000000000335e+01 8.872949999999999591e+02 9.433999999999999275e+00
5.550489999999999782e+02 8.877789999999999964e+02 1.240099999999999980e+01
2.001974999999999909e+03 8.879329999999999927e+02 1.198499999999999943e+01
5.819500000000000028e+01 8.889919999999999618e+02 8.207000000000000739e+00
2.452160000000000082e+02 8.886599999999999682e+02 1.095700000000000074e+01
1.065980000000000018e+03 8.888680000000000518e+02 1.269599999999999973e+01
1.296799999999999997e+01 8.898790000000000191e+02 1.120400000000000063e+01
3.865849999999999795e+02 8.916820000000000164e+02 1.028299999999999947e+01
4.450830000000000268e+02 8.913659999999999854e+02 1.561899999999999977e+01
1.661483999999999924e+03 8.968369999999999891e+02 1.222799999999999976e+01
1.559855000000000018e+03 8.974500000000000455e+02 1.053700000000000081e+01
2.195420000000000016e+02 8.995109999999999673e+02 1.037400000000000055e+01
9.108200000000000500e+02 9.008730000000000473e+02 1.158900000000000041e+01
7.207400000000000091e+02 9.077530000000000427e+02 1.043399999999999928e+01
1.063686999999999898e+03 9.022340000000000373e+02 1.392999999999999972e+01
3.527420000000000186e+02 9.035940000000000509e+02 1.159200000000000053e+01
6.816159999999999854e+02 9.042300000000000182e+02 1.064100000000000001e+01
2.744970000000000141e+02 9.050910000000000082e+02 1.377800000000000047e+01
5.051159999999999854e+02 9.055090000000000146e+02 1.418399999999999928e+01
1.076990999999999985e+03 9.053750000000000000e+02 1.200000000000000000e+01
5.743849999999999909e+02 9.059210000000000491e+02 1.135100000000000087e+01
9.569039999999999964e+02 9.070779999999999745e+02 1.247100000000000009e+01
7.472160000000000082e+02 9.066630000000000109e+02 1.274300000000000033e+01
6.508269999999999982e+02 9.095829999999999700e+02 1.295199999999999996e+01
1.193815000000000055e+03 9.103509999999999991e+02 1.293200000000000038e+01
1.571433999999999969e+03 9.090829999999999700e+02 1.360800000000000054e+01
1.929292999999999893e+03 9.102229999999999563e+02 1.570199999999999996e+01
1.828805000000000064e+03 9.164030000000000200e+02 1.006199999999999939e+01
1.852365000000000009e+03 9.179479999999999791e+02 1.144599999999999973e+01
1.125846999999999980e+03 9.192999999999999545e+02 1.051900000000000013e+01
9.149020000000000437e+02 9.207089999999999463e+02 8.756999999999999673e+00
1.226528999999999996e+03 9.250910000000000082e+02 9.599999999999999645e+00
7.643450000000000273e+02 9.255270000000000437e+02 1.281900000000000084e+01
1.009691000000000031e+03 9.262000000000000455e+02 8.121999999999999886e+00
9.614560000000000173e+02 9.280639999999999645e+02 8.284000000000000696e+00
1.186766000000000076e+03 9.286509999999999536e+02 8.148999999999999133e+00
4.392269999999999754e+02 9.314629999999999654e+02 1.153100000000000058e+01
7.799500000000000455e+01 9.326639999999999873e+02 1.293900000000000006e+01
6.058110000000000355e+02 9.355910000000000082e+02 1.096100000000000030e+01
1.000224000000000046e+03 9.354519999999999982e+02 1.023799999999999955e+01
1.048914999999999964e+03 9.365030000000000427e+02 1.420700000000000074e+01
1.330871000000000095e+03 9.357500000000000000e+02 1.304599999999999937e+01
1.051080000000000041e+02 9.373440000000000509e+02 1.248499999999999943e+01
7.599320000000000164e+02 9.380080000000000382e+02 1.274699999999999989e+01
1.439224999999999909e+03 9.416109999999999900e+02 1.274799999999999933e+01
1.539196999999999889e+03 9.417259999999999991e+02 1.355300000000000082e+01
5.134850000000000136e+02 9.427069999999999936e+02 1.006199999999999939e+01
1.098834000000000060e+03 9.462849999999999682e+02 1.063499999999999979e+01
1.107422000000000025e+03 9.466580000000000155e+02 1.006099999999999994e+01
4.909719999999999800e+02 9.479270000000000209e+02 1.194299999999999962e+01
5.933959999999999582e+02 9.483830000000000382e+02 1.058900000000000041e+01
2.751360000000000241e+02 9.513289999999999509e+02 1.284099999999999930e+01
8.422870000000000346e+02 9.506609999999999445e+02 8.163999999999999702e+00
6.763020000000000209e+02 9.516680000000000064e+02 6.125000000000000000e+00
9.826630000000000109e+02 9.537380000000000564e+02 6.493999999999999773e+00
1.153400000000000091e+03 9.534199999999999591e+02 1.215000000000000036e+01
1.955999000000000024e+03 9.554349999999999454e+02 8.819000000000000838e+00
1.318721000000000004e+03 9.595910000000000082e+02 1.426699999999999946e+01
9.008139999999999645e+02 9.639289999999999736e+02 9.080999999999999517e+00
1.026476000000000113e+03 9.640230000000000246e+02 8.836999999999999744e+00
5.693120000000000118e+02 9.659790000000000418e+02 8.217000000000000526e+00
1.117375000000000000e+03 9.663089999999999691e+02 9.246000000000000441e+00
1.285536000000000058e+03 9.658260000000000218e+02 9.221999999999999531e+00
1.518305000000000064e+03 9.660030000000000427e+02 1.023199999999999932e+01
4.936680000000000064e+02 9.669600000000000364e+02 1.020500000000000007e+01
1.907952999999999975e+03 9.671960000000000264e+02 1.005300000000000082e+01
1.151035000000000082e+03 9.685800000000000409e+02 1.353899999999999970e+01
4.170570000000000164e+02 9.697329999999999472e+02 1.295199999999999996e+01
1.444852000000000089e+03 9.701140000000000327e+02 1.138899999999999935e+01
6.419149999999999636e+02 9.709230000000000018e+02 1.015000000000000036e+01
1.507537000000000035e+03 9.707350000000000136e+02 1.254199999999999982e+01
5.550910000000000082e+02 9.773529999999999518e+02 9.837999999999999190e+00
8.616299999999999670e+01 9.786839999999999691e+02 1.650100000000000122e+01
8.493099999999999454e+02 9.785149999999999864e+02 1.236400000000000077e+01
3.848910000000000196e+02 9.788189999999999600e+02 9.381999999999999673e+00
7.351430000000000291e+02 9.794270000000000209e+02 8.811999999999999389e+00
8.900130000000000337e+02 9.792129999999999654e+02 7.647000000000000242e+00
2.014701000000000022e+03 9.791009999999999991e+02 1.154700000000000060e+01
2.204970000000000141e+02 9.818339999999999463e+02 1.225099999999999945e+01
5.066659999999999968e+02 9.804009999999999536e+02 1.218099999999999916e+01
6.617319999999999709e+02 9.823700000000000045e+02 7.942999999999999616e+00
6.478690000000000282e+02 9.821570000000000391e+02 8.473000000000000753e+00
4.464440000000000168e+02 9.840839999999999463e+02 1.202899999999999991e+01
1.241182999999999993e+03 9.836789999999999736e+02 1.243699999999999939e+01
1.188209000000000060e+03 9.862619999999999436e+02 1.019699999999999918e+01
1.801399999999999864e+02 9.866939999999999600e+02 1.248799999999999955e+01
1.320992999999999938e+03 9.877079999999999700e+02 1.363000000000000078e+01
1.465298000000000002e+03 9.886219999999999573e+02 1.327699999999999925e+01
1.769666999999999916e+03 9.884289999999999736e+02 1.084299999999999997e+01
1.451016000000000076e+03 9.891900000000000546e+02 1.025200000000000067e+01
3.194399999999999977e+02 9.898189999999999600e+02 1.180599999999999916e+01
1.331462999999999965e+03 9.909940000000000282e+02 1.326500000000000057e+01
9.082799999999999727e+02 9.920170000000000528e+02 9.182999999999999829e+00
7.588120000000000118e+02 9.951240000000000236e+02 8.580000000000000071e+00
8.968750000000000000e+02 9.953329999999999700e+02 1.042600000000000016e+01
8.139360000000000355e+02 9.983619999999999663e+02 1.185800000000000054e+01
8.318500000000000227e+02 9.998659999999999854e+02 9.141999999999999460e+00
1.067347999999999956e+03 1.003340000000000032e+03 1.384900000000000020e+01
1.307988000000000056e+03 1.001750000000000000e+03 1.185899999999999999e+01
5.794610000000000127e+02 1.002403999999999996e+03 1.303299999999999947e+01
8.579930000000000518e+02 1.002921000000000049e+03 1.076600000000000001e+01
1.086230000000000018e+03 1.002895999999999958e+03 1.180899999999999928e+01
1.428829999999999927e+03 1.004285999999999945e+03 1.250699999999999967e+01
4.437999999999999723e+00 1.004614000000000033e+03 1.282699999999999996e+01
1.702183999999999969e+03 1.007724000000000046e+03 1.141499999999999915e+01
4.964139999999999873e+02 1.009780999999999949e+03 1.168200000000000038e+01
1.546739000000000033e+03 1.010701000000000022e+03 1.261100000000000065e+01
1.289922000000000025e+03 1.012409999999999968e+03 1.282099999999999973e+01
1.607189999999999941e+02 1.013191000000000031e+03 1.248199999999999932e+01
3.323299999999999841e+02 1.012856999999999971e+03 8.401999999999999247e+00
6.162509999999999764e+02 1.013234000000000037e+03 9.651999999999999247e+00
1.328125000000000000e+03 1.013609000000000037e+03 1.298099999999999987e+01
1.857837999999999965e+03 1.015794999999999959e+03 1.196000000000000085e+01
9.416779999999999973e+02 1.016163999999999987e+03 1.234699999999999953e+01
1.011294999999999959e+03 1.016296000000000049e+03 8.227999999999999758e+00
1.445866999999999962e+03 1.015953999999999951e+03 8.673999999999999488e+00
3.160529999999999973e+02 1.020744000000000028e+03 1.134800000000000075e+01
4.388170000000000073e+02 1.020964000000000055e+03 1.319599999999999973e+01
1.759634000000000015e+03 1.021890999999999963e+03 1.171000000000000085e+01
7.480960000000000036e+02 1.023196000000000026e+03 1.285500000000000043e+01
9.821280000000000427e+02 1.026070999999999913e+03 8.750000000000000000e+00
1.036663999999999987e+03 1.027258000000000038e+03 1.012899999999999956e+01
8.717419999999999618e+02 1.028497000000000071e+03 1.232099999999999973e+01
1.262536000000000058e+03 1.029211000000000013e+03 8.519999999999999574e+00
2.670360000000000014e+02 1.031992999999999938e+03 1.163000000000000078e+01
1.208800999999999931e+03 1.032546000000000049e+03 1.352500000000000036e+01
1.337028000000000020e+03 1.033242999999999938e+03 1.222899999999999920e+01
1.093241999999999962e+03 1.035222999999999956e+03 1.015499999999999936e+01
7.251040000000000418e+02 1.036134000000000015e+03 8.983000000000000540e+00
1.693734999999999900e+03 1.039662000000000035e+03 7.761999999999999567e+00
4.345369999999999777e+02 1.039490000000000009e+03 1.158999999999999986e+01
5.876050000000000182e+02 1.040592000000000098e+03 1.159600000000000009e+01
8.394679999999999609e+02 1.040465999999999894e+03 1.042099999999999937e+01
1.808605000000000018e+03 1.040933999999999969e+03 1.121400000000000041e+01
1.466884999999999991e+03 1.042313000000000102e+03 1.036400000000000077e+01
3.221659999999999968e+02 1.043461000000000013e+03 1.067600000000000016e+01
1.043528000000000020e+03 1.043079999999999927e+03 9.250999999999999446e+00
1.635565000000000055e+03 1.042970000000000027e+03 1.368399999999999928e+01
1.658832000000000107e+03 1.044402000000000044e+03 1.269299999999999962e+01
3.596089999999999804e+02 1.045143000000000029e+03 9.900999999999999801e+00
1.097538000000000011e+03 1.045166999999999916e+03 9.942000000000000171e+00
6.244500000000000455e+02 1.047596000000000004e+03 1.345899999999999963e+01
4.189220000000000255e+02 1.048993999999999915e+03 1.339400000000000013e+01
6.457590000000000146e+02 1.049029999999999973e+03 1.035599999999999987e+01
1.138377999999999929e+03 1.049480999999999995e+03 1.054700000000000060e+01
1.602719000000000051e+03 1.048711000000000013e+03 1.086400000000000077e+01
1.768169000000000096e+03 1.049317999999999984e+03 1.261400000000000077e+01
9.810500000000000398e+01 1.050551999999999907e+03 6.225999999999999979e+00
9.249429999999999836e+02 1.051817000000000007e+03 7.551999999999999602e+00
2.075900000000000034e+01 1.051394999999999982e+03 8.797000000000000597e+00
8.087390000000000327e+02 1.052178000000000111e+03 1.097600000000000087e+01
6.581649999999999636e+02 1.053134999999999991e+03 1.081000000000000050e+01
6.014669999999999845e+02 1.053711999999999989e+03 9.968999999999999417e+00
1.179311999999999898e+03 1.055030999999999949e+03 1.027699999999999925e+01
1.416944999999999936e+03 1.056477000000000089e+03 8.410999999999999588e+00
7.620489999999999782e+02 1.058612000000000080e+03 8.240999999999999659e+00
7.975660000000000309e+02 1.058065000000000055e+03 1.230700000000000038e+01
5.160960000000000036e+02 1.058898999999999887e+03 1.241799999999999926e+01
7.229859999999999900e+02 1.059513999999999896e+03 1.367099999999999937e+01
2.870600000000000023e+02 1.061013999999999896e+03 9.271000000000000796e+00
3.873439999999999941e+02 1.060586999999999989e+03 1.179100000000000037e+01
1.553022999999999911e+03 1.061484999999999900e+03 1.236400000000000077e+01
1.818627999999999929e+03 1.062192999999999984e+03 1.350399999999999956e+01
8.846299999999999955e+02 1.064770999999999958e+03 1.259600000000000009e+01
3.645160000000000196e+02 1.064638999999999896e+03 1.273900000000000077e+01
4.898940000000000055e+02 1.066025000000000091e+03 9.987000000000000099e+00
4.710380000000000109e+02 1.067901000000000067e+03 1.212500000000000000e+01
1.166596999999999980e+03 1.071586000000000013e+03 8.269999999999999574e+00
7.047279999999999518e+02 1.074634000000000015e+03 1.220100000000000051e+01
1.069618999999999915e+03 1.075086999999999989e+03 9.574999999999999289e+00
7.865599999999999454e+02 1.077419000000000096e+03 8.878000000000000114e+00
1.482487000000000080e+03 1.077252999999999929e+03 1.291799999999999926e+01
1.313019000000000005e+03 1.078340999999999894e+03 1.163499999999999979e+01
1.330703999999999951e+03 1.079545000000000073e+03 1.038599999999999923e+01
4.198190000000000168e+02 1.080114000000000033e+03 1.333799999999999919e+01
1.669909000000000106e+03 1.080026000000000067e+03 1.291499999999999915e+01
1.759875000000000000e+03 1.079840999999999894e+03 1.201200000000000045e+01
1.997150000000000091e+03 1.080305000000000064e+03 1.262700000000000067e+01
2.005550000000000068e+02 1.082285000000000082e+03 9.698999999999999844e+00
1.383537000000000035e+03 1.082579999999999927e+03 1.273799999999999955e+01
1.103146999999999935e+03 1.086136999999999944e+03 6.956999999999999851e+00
1.245464999999999918e+03 1.085103000000000065e+03 7.964000000000000412e+00
1.853510999999999967e+03 1.086436999999999898e+03 1.228299999999999947e+01
8.860679999999999836e+02 1.087760999999999967e+03 8.070000000000000284e+00
5.371670000000000300e+02 1.089385999999999967e+03 1.303500000000000014e+01
7.905410000000000537e+02 1.092661000000000058e+03 9.109999999999999432e+00
1.362358999999999924e+03 1.092708000000000084e+03 1.267999999999999972e+01
1.691378999999999905e+03 1.092836000000000013e+03 1.270199999999999996e+01
1.437594000000000051e+03 1.095066000000000031e+03 1.157600000000000051e+01
1.340859999999999900e+03 1.096663999999999987e+03 8.496999999999999886e+00
1.022049999999999955e+03 1.097199000000000069e+03 8.699999999999999289e+00
1.993499999999999872e+01 1.099942000000000007e+03 1.319500000000000028e+01
1.140799999999999983e+02 1.100086000000000013e+03 1.214300000000000068e+01
3.860810000000000173e+02 1.099451000000000022e+03 1.063100000000000023e+01
1.882105999999999995e+03 1.100675999999999931e+03 9.470000000000000639e+00
1.615074000000000069e+03 1.101700000000000045e+03 1.195400000000000063e+01
1.418108999999999924e+03 1.103220000000000027e+03 8.474000000000000199e+00
1.716484999999999900e+03 1.103501999999999953e+03 9.407000000000000028e+00
5.786470000000000482e+02 1.104500000000000000e+03 9.621999999999999886e+00
6.347859999999999445e+02 1.104994999999999891e+03 1.034699999999999953e+01
8.597630000000000337e+02 1.104733999999999924e+03 1.170400000000000063e+01
2.009987000000000080e+03 1.104566000000000031e+03 1.298900000000000077e+01
5.649729999999999563e+02 1.108016000000000076e+03 8.419999999999999929e+00
4.789809999999999945e+02 1.111025000000000091e+03 8.173999999999999488e+00
4.943890000000000100e+02 1.114353000000000065e+03 8.826999999999999957e+00
5.297930000000000064e+02 1.115248000000000047e+03 9.746000000000000441e+00
1.606740000000000009e+03 1.114602000000000089e+03 1.204199999999999982e+01
8.611920000000000073e+02 1.115606999999999971e+03 1.136100000000000065e+01
1.864650000000000091e+03 1.118041999999999916e+03 9.542999999999999261e+00
1.170733999999999924e+03 1.120387999999999920e+03 9.702999999999999403e+00
1.518565000000000055e+03 1.120852000000000089e+03 1.220400000000000063e+01
6.783279999999999745e+02 1.124726000000000113e+03 9.691000000000000725e+00
8.281409999999999627e+02 1.124450000000000045e+03 8.832000000000000739e+00
4.963000000000000114e+02 1.123907999999999902e+03 9.970000000000000639e+00
1.407379999999999995e+02 1.127010999999999967e+03 9.782000000000000028e+00
2.001680000000000064e+02 1.126429000000000087e+03 1.072000000000000064e+01
3.249300000000000210e+01 1.135413000000000011e+03 1.232600000000000051e+01
4.986229999999999905e+02 1.136315000000000055e+03 1.067200000000000060e+01
6.791090000000000373e+02 1.137272999999999911e+03 9.278999999999999915e+00
1.101400000000000091e+03 1.136583000000000084e+03 1.238400000000000034e+01
3.527540000000000191e+02 1.138204999999999927e+03 8.537000000000000810e+00
1.203773999999999887e+03 1.139559999999999945e+03 1.239199999999999946e+01
1.023081999999999994e+03 1.140968000000000075e+03 8.227999999999999758e+00
2.515519999999999925e+02 1.141251999999999953e+03 9.435999999999999943e+00
1.254673000000000002e+03 1.141772999999999911e+03 1.307699999999999996e+01
1.708077999999999975e+03 1.142250999999999976e+03 1.024699999999999989e+01
7.985670000000000073e+02 1.143084000000000060e+03 1.392099999999999937e+01
7.588519999999999754e+02 1.146344000000000051e+03 7.706000000000000405e+00
1.247007000000000062e+03 1.148493999999999915e+03 1.355499999999999972e+01
1.560415999999999940e+03 1.149195999999999913e+03 1.341999999999999993e+01
1.591976000000000113e+03 1.152521999999999935e+03 1.194100000000000072e+01
9.583200000000000500e+02 1.152255000000000109e+03 1.384699999999999953e+01
9.156620000000000346e+02 1.154246000000000095e+03 9.730999999999999872e+00
8.737590000000000146e+02 1.154982999999999947e+03 1.365199999999999925e+01
7.491500000000000625e+01 1.156351000000000113e+03 8.230000000000000426e+00
7.241680000000000064e+02 1.158118999999999915e+03 7.924999999999999822e+00
1.571540999999999940e+03 1.157484999999999900e+03 1.281499999999999950e+01
6.654379999999999882e+02 1.158041999999999916e+03 1.287400000000000055e+01
1.729176999999999907e+03 1.158357999999999947e+03 1.108699999999999974e+01
3.866490000000000009e+02 1.159367999999999938e+03 1.008999999999999986e+01
8.341420000000000528e+02 1.159986000000000104e+03 8.670999999999999375e+00
2.288350000000000080e+02 1.163653999999999996e+03 8.452999999999999403e+00
3.422420000000000186e+02 1.165695999999999913e+03 1.181199999999999939e+01
1.832670000000000073e+03 1.165989000000000033e+03 1.183300000000000018e+01
1.206181000000000040e+03 1.167385999999999967e+03 1.029100000000000037e+01
7.270470000000000255e+02 1.168016000000000076e+03 9.326999999999999957e+00
1.098227000000000089e+03 1.173085000000000036e+03 1.578500000000000014e+01
1.343648999999999887e+03 1.172862000000000080e+03 1.180000000000000071e+01
8.552920000000000300e+02 1.174194999999999936e+03 9.980000000000000426e+00
2.024833000000000084e+03 1.162786000000000058e+03 9.928000000000000824e+00
1.015729999999999933e+02 1.176204999999999927e+03 1.322700000000000031e+01
1.653626999999999953e+03 1.176970000000000027e+03 7.642000000000000348e+00
1.278674999999999955e+03 1.177222999999999956e+03 8.622999999999999332e+00
5.266420000000000528e+02 1.179384999999999991e+03 1.264499999999999957e+01
1.596694999999999936e+03 1.181867999999999938e+03 7.842999999999999972e+00
4.992450000000000045e+02 1.183134000000000015e+03 9.371999999999999886e+00
6.886090000000000373e+02 1.185501999999999953e+03 8.970000000000000639e+00
7.725410000000000537e+02 1.186115000000000009e+03 1.252599999999999980e+01
4.260779999999999745e+02 1.190259999999999991e+03 8.198000000000000398e+00
9.908089999999999691e+02 1.190246000000000095e+03 1.197899999999999920e+01
1.038339999999999918e+03 1.189369999999999891e+03 1.272499999999999964e+01
1.255281999999999925e+03 1.191575000000000045e+03 8.195999999999999730e+00
9.614660000000000082e+02 1.193969000000000051e+03 9.032000000000000028e+00
9.349800000000000466e+01 1.196442999999999984e+03 9.733000000000000540e+00
5.564170000000000300e+02 1.198073000000000093e+03 8.566000000000000725e+00
1.640804000000000087e+03 1.196832000000000107e+03 1.243500000000000050e+01
2.974300000000000068e+02 1.198554000000000087e+03 1.066300000000000026e+01
1.174000000000000000e+03 1.200337999999999965e+03 8.071999999999999176e+00
3.901519999999999868e+02 1.199903999999999996e+03 1.130499999999999972e+01
1.336578999999999951e+03 1.200467000000000098e+03 1.109699999999999953e+01
1.143078999999999951e+03 1.200765000000000100e+03 1.364899999999999913e+01
7.657659999999999627e+02 1.204814000000000078e+03 1.056000000000000050e+01
5.365420000000000300e+02 1.207402000000000044e+03 1.183099999999999952e+01
1.837113000000000056e+03 1.208181000000000040e+03 1.071799999999999997e+01
1.752380000000000109e+03 1.209452999999999975e+03 1.323499999999999943e+01
1.193000000000000000e+03 1.212253999999999905e+03 1.042600000000000016e+01
4.098599999999999710e+01 1.212767000000000053e+03 8.852999999999999758e+00
1.390040999999999940e+03 1.214277000000000044e+03 9.358000000000000540e+00
1.344856999999999971e+03 1.215364000000000033e+03 9.157999999999999474e+00
5.795529999999999973e+02 1.216711999999999989e+03 7.971000000000000085e+00
8.751369999999999436e+02 1.215919000000000096e+03 1.161899999999999977e+01
4.549959999999999809e+02 1.217671000000000049e+03 9.073999999999999844e+00
1.414864000000000033e+03 1.231689000000000078e+03 1.169899999999999984e+01
7.687000000000000455e+02 1.223123000000000047e+03 8.839999999999999858e+00
7.978700000000000045e+02 1.225340999999999894e+03 7.937999999999999723e+00
9.496599999999999682e+02 1.228515000000000100e+03 1.211800000000000033e+01
8.697670000000000528e+02 1.229151000000000067e+03 8.269999999999999574e+00
3.114069999999999823e+02 1.229442000000000007e+03 1.368999999999999950e+01
1.761436999999999898e+03 1.230345000000000027e+03 1.363299999999999912e+01
1.112551999999999907e+03 1.231526000000000067e+03 1.020599999999999952e+01
1.342179999999999893e+02 1.233034000000000106e+03 9.022999999999999687e+00
5.889619999999999891e+02 1.234247000000000071e+03 1.267600000000000016e+01
5.126660000000000537e+02 1.235583000000000084e+03 1.458699999999999974e+01
6.802350000000000136e+02 1.236498000000000047e+03 8.064000000000000057e+00
7.121989999999999554e+02 1.236548000000000002e+03 1.161800000000000033e+01
1.640378999999999905e+03 1.236675999999999931e+03 1.190799999999999947e+01
1.938499000000000024e+03 1.237904999999999973e+03 1.231199999999999939e+01
4.833940000000000055e+02 1.239406999999999925e+03 1.008500000000000085e+01
7.371570000000000391e+02 1.239146999999999935e+03 1.048099999999999987e+01
8.654679999999999609e+02 1.240359999999999900e+03 7.899000000000000021e+00
1.901686999999999898e+03 1.244096999999999980e+03 1.239899999999999913e+01
1.227720000000000027e+03 1.244289999999999964e+03 1.207699999999999996e+01
8.512800000000000011e+01 1.247357999999999947e+03 1.342300000000000004e+01
9.530639999999999645e+02 1.247969000000000051e+03 7.086000000000000298e+00
1.403663999999999987e+03 1.247492999999999938e+03 6.674000000000000377e+00
7.020069999999999482e+02 1.251289999999999964e+03 6.884999999999999787e+00
1.182958000000000084e+03 1.249638999999999896e+03 9.067999999999999616e+00
7.851040000000000418e+02 1.235509000000000015e+03 1.314600000000000080e+01
1.375903000000000020e+03 1.251862000000000080e+03 8.332000000000000739e+00
1.006569999999999965e+02 1.252356999999999971e+03 1.190799999999999947e+01
4.022889999999999873e+02 1.253779999999999973e+03 1.339100000000000001e+01
7.376609999999999445e+02 1.253452999999999975e+03 1.172100000000000009e+01
1.687673999999999978e+03 1.253952999999999975e+03 8.455999999999999517e+00
3.814669999999999845e+02 1.255762999999999920e+03 8.631999999999999673e+00
6.250439999999999827e+02 1.257892000000000053e+03 9.388999999999999346e+00
5.982809999999999491e+02 1.258863000000000056e+03 9.154999999999999361e+00
1.798085000000000036e+03 1.258769999999999982e+03 1.038799999999999990e+01
8.140549999999999500e+02 1.262684999999999945e+03 1.376900000000000013e+01
8.498029999999999973e+02 1.263779999999999973e+03 8.064000000000000057e+00
4.900950000000000273e+02 1.266342000000000098e+03 1.020100000000000051e+01
1.118114000000000033e+03 1.268449000000000069e+03 7.826999999999999957e+00
4.207930000000000064e+02 1.268555000000000064e+03 8.692000000000000171e+00
1.088164999999999964e+03 1.272016000000000076e+03 8.830000000000000071e+00
2.034390000000000100e+03 1.271516000000000076e+03 1.129299999999999926e+01
6.185220000000000482e+02 1.274400000000000091e+03 9.537000000000000810e+00
7.537079999999999700e+02 1.277445999999999913e+03 1.110100000000000087e+01
1.769441000000000031e+03 1.277847999999999956e+03 1.289300000000000068e+01
1.043265000000000100e+03 1.279758000000000038e+03 1.307099999999999973e+01
1.272794000000000096e+03 1.279114000000000033e+03 1.104700000000000060e+01
6.614700000000000273e+02 1.280932999999999993e+03 8.060000000000000497e+00
1.064489000000000033e+03 1.280455999999999904e+03 1.023300000000000054e+01
1.302851000000000113e+03 1.283169000000000096e+03 1.075099999999999945e+01
1.373573000000000093e+03 1.282771999999999935e+03 1.115199999999999925e+01
1.752997000000000071e+03 1.282544000000000096e+03 1.282499999999999929e+01
1.415477000000000089e+03 1.283905999999999949e+03 1.189000000000000057e+01
1.801536000000000058e+03 1.285576000000000022e+03 1.177299999999999969e+01
2.157630000000000052e+02 1.287932000000000016e+03 8.788000000000000256e+00
1.067609999999999900e+03 1.289256000000000085e+03 9.067000000000000171e+00
2.021855999999999995e+03 1.290948000000000093e+03 1.381900000000000084e+01
9.284790000000000418e+02 1.291069999999999936e+03 9.445999999999999730e+00
2.512210000000000036e+02 1.292382000000000062e+03 9.288000000000000256e+00
4.813809999999999718e+02 1.292880000000000109e+03 8.525000000000000355e+00
6.187350000000000136e+02 1.293653000000000020e+03 1.269999999999999929e+01
1.695480000000000018e+03 1.293673999999999978e+03 1.554800000000000004e+01
6.733990000000000009e+02 1.296050999999999931e+03 1.174799999999999933e+01
5.494310000000000400e+02 1.298395999999999958e+03 1.040900000000000070e+01
1.852098999999999933e+03 1.298891000000000076e+03 9.430999999999999162e+00
1.357407999999999902e+03 1.305345000000000027e+03 1.161599999999999966e+01
1.305435999999999922e+03 1.312549999999999955e+03 1.384299999999999997e+01
1.367346999999999980e+03 1.313842000000000098e+03 9.625000000000000000e+00
1.429646999999999935e+03 1.314076000000000022e+03 1.308099999999999952e+01
1.752838999999999942e+03 1.316098999999999933e+03 1.130000000000000071e+01
1.621873000000000047e+03 1.319176999999999907e+03 1.240099999999999980e+01
1.473506000000000085e+03 1.330096000000000004e+03 8.570000000000000284e+00
1.352097999999999956e+03 1.338132000000000062e+03 8.208999999999999631e+00
1.447825000000000045e+03 1.349019000000000005e+03 9.971000000000000085e+00
1.387336000000000013e+03 1.351701999999999998e+03 1.227899999999999991e+01
1.314036000000000058e+03 1.352981999999999971e+03 8.778999999999999915e+00
1.807603000000000065e+03 1.362017000000000053e+03 9.798999999999999488e+00
1.780535000000000082e+03 1.367159000000000106e+03 1.265799999999999947e+01
1.364078999999999951e+03 1.373105000000000018e+03 1.258500000000000085e+01
1.725367999999999938e+03 1.383561999999999898e+03 8.490999999999999659e+00
1.690836999999999989e+03 1.393771999999999935e+03 1.074200000000000088e+01
1.443392000000000053e+03 1.395326999999999998e+03 1.133699999999999974e+01
2.019219000000000051e+03 1.402380000000000109e+03 1.297799999999999976e+01
1.382538999999999987e+03 1.416612000000000080e+03 9.378000000000000114e+00
1.812104000000000042e+03 1.421251999999999953e+03 1.409800000000000075e+01
1.901540999999999940e+03 1.432061999999999898e+03 1.367500000000000071e+01
1.314060999999999922e+03 1.432103000000000065e+03 1.246199999999999974e+01
1.348404999999999973e+03 1.431849999999999909e+03 1.199900000000000055e+01
1.403063000000000102e+03 1.432727000000000089e+03 1.338199999999999967e+01
1.809200000000000045e+03 1.433434999999999945e+03 1.375900000000000034e+01
1.730150000000000091e+03 1.436321999999999889e+03 9.477999999999999758e+00
1.430255000000000109e+03 1.449095000000000027e+03 1.150900000000000034e+01
1.516933999999999969e+03 1.449169000000000096e+03 1.405400000000000027e+01
1.663143000000000029e+03 1.453265000000000100e+03 1.137100000000000044e+01
1.596948000000000093e+03 1.456621000000000095e+03 7.083999999999999631e+00
1.444255000000000109e+03 1.461787000000000035e+03 6.881999999999999673e+00
1.488595000000000027e+03 1.462005000000000109e+03 8.403999999999999915e+00
1.719031999999999925e+03 1.465415999999999940e+03 1.531499999999999950e+01
1.657914999999999964e+03 1.466952999999999975e+03 1.157600000000000051e+01
1.354558999999999969e+03 1.488330999999999904e+03 1.229299999999999926e+01
1.379919000000000096e+03 1.493665999999999940e+03 1.226299999999999990e+01
1.740499000000000024e+03 1.498541999999999916e+03 1.017600000000000016e+01
1.863842000000000098e+03 1.523759000000000015e+03 9.833999999999999631e+00
1.686704999999999927e+03 1.538794000000000096e+03 1.167300000000000004e+01
1.506316000000000031e+03 1.541507000000000062e+03 1.257499999999999929e+01
1.924862000000000080e+03 1.542884000000000015e+03 9.800000000000000711e+00
1.916699000000000069e+03 1.544856999999999971e+03 9.455000000000000071e+00
1.658435999999999922e+03 1.547097999999999956e+03 1.223900000000000077e+01
1.347539999999999964e+03 1.550409000000000106e+03 1.135100000000000087e+01
1.494327999999999975e+03 1.550180000000000064e+03 1.164899999999999913e+01
1.364214999999999918e+03 1.567099999999999909e+03 1.033099999999999952e+01
1.433739000000000033e+03 1.568268000000000029e+03 1.327999999999999936e+01
1.548884000000000015e+03 1.573285000000000082e+03 9.923000000000000043e+00
1.739276000000000067e+03 1.575368999999999915e+03 9.445999999999999730e+00
1.598990999999999985e+03 1.581179000000000087e+03 1.167900000000000027e+01
1.501778000000000020e+03 1.583951999999999998e+03 1.016200000000000081e+01
1.302845000000000027e+03 1.584971000000000004e+03 1.303700000000000081e+01
1.389498000000000047e+03 1.592008000000000038e+03 8.083999999999999631e+00
1.609284000000000106e+03 1.602625999999999976e+03 1.401900000000000013e+01
1.444061999999999898e+03 1.602749000000000024e+03 1.104100000000000037e+01
1.406053000000000111e+03 1.605612000000000080e+03 1.224900000000000055e+01
1.470071999999999889e+03 1.614083000000000084e+03 1.207199999999999918e+01
1.533675999999999931e+03 1.621921000000000049e+03 1.367399999999999949e+01
1.423875999999999976e+03 1.626809999999999945e+03 8.413000000000000256e+00
1.325269000000000005e+03 1.628194999999999936e+03 1.223000000000000043e+01
1.356678000000000111e+03 1.634527000000000044e+03 1.294100000000000072e+01
1.320903999999999996e+03 1.646384000000000015e+03 1.364100000000000001e+01
1.535351000000000113e+03 1.670537000000000035e+03 1.258000000000000007e+01
1.732582000000000107e+03 1.671088999999999942e+03 1.167800000000000082e+01
1.465078999999999951e+03 1.671721999999999980e+03 1.171100000000000030e+01
1.862574000000000069e+03 1.674219000000000051e+03 1.025799999999999912e+01
1.828010999999999967e+03 1.683010999999999967e+03 1.041099999999999959e+01
1.903349999999999909e+03 1.685565000000000055e+03 1.011200000000000010e+01
1.406208000000000084e+03 1.688973999999999933e+03 1.423499999999999943e+01
1.332262999999999920e+03 1.694728000000000065e+03 1.092399999999999949e+01
1.641635999999999967e+03 1.695221999999999980e+03 1.084299999999999997e+01
1.527588999999999942e+03 1.707247000000000071e+03 1.303599999999999959e+01
1.692249000000000024e+03 1.714612000000000080e+03 8.680999999999999162e+00
1.466212999999999965e+03 1.729775000000000091e+03 1.283000000000000007e+01
1.328798999999999978e+03 1.731077999999999975e+03 1.234900000000000020e+01
1.930165999999999940e+03 1.740258000000000038e+03 1.535999999999999943e+01
1.524778000000000020e+03 1.741458000000000084e+03 1.234399999999999942e+01
1.629638999999999896e+03 1.741198000000000093e+03 1.213599999999999923e+01
1.732751999999999953e+03 1.740837999999999965e+03 1.203200000000000003e+01
1.974551999999999907e+03 1.739867999999999938e+03 1.317699999999999960e+01
1.368228000000000065e+03 1.743769999999999982e+03 1.226399999999999935e+01
1.316073000000000093e+03 1.761865000000000009e+03 1.128100000000000058e+01
1.397094000000000051e+03 1.772476000000000113e+03 9.192000000000000171e+00
1.883738000000000056e+03 1.773030999999999949e+03 1.147400000000000020e+01
1.685118999999999915e+03 1.774025000000000091e+03 1.206300000000000061e+01
1.338221999999999980e+03 1.775815000000000055e+03 1.278299999999999947e+01
1.692532999999999902e+03 1.783287000000000035e+03 1.230700000000000038e+01
1.386710000000000036e+03 1.784884000000000015e+03 1.144800000000000040e+01
1.859798999999999978e+03 1.785979000000000042e+03 1.033600000000000030e+01
1.371787000000000035e+03 1.786692999999999984e+03 1.157799999999999940e+01
1.554933999999999969e+03 1.789722999999999956e+03 1.310699999999999932e+01
1.731737000000000080e+03 1.804384000000000015e+03 1.265499999999999936e+01
1.852583000000000084e+03 1.804267000000000053e+03 1.377200000000000024e+01
1.689809999999999945e+03 1.812074000000000069e+03 1.608699999999999974e+01
1.335522999999999911e+03 1.817944999999999936e+03 1.186299999999999955e+01
1.458101000000000113e+03 1.830825000000000045e+03 1.184699999999999953e+01
1.885391000000000076e+03 1.852018000000000029e+03 1.231099999999999994e+01
1.691962999999999965e+03 1.856265000000000100e+03 1.053299999999999947e+01
2.023305000000000064e+03 1.858500999999999976e+03 1.166600000000000037e+01
1.505535000000000082e+03 1.859473999999999933e+03 1.223099999999999987e+01
1.571939000000000078e+03 1.858730000000000018e+03 1.356099999999999994e+01
1.959248000000000047e+03 1.864627999999999929e+03 1.309299999999999997e+01
1.857750000000000000e+03 1.868983999999999924e+03 1.309500000000000064e+01
1.824730000000000018e+03 1.875211999999999989e+03 1.218800000000000061e+01
1.428042999999999893e+03 1.879108999999999924e+03 1.090000000000000036e+01
1.775140000000000100e+03 1.885067000000000007e+03 1.140199999999999925e+01
2.017176999999999907e+03 1.885509999999999991e+03 9.423000000000000043e+00
1.338453999999999951e+03 1.891710000000000036e+03 8.362000000000000099e+00
1.759135999999999967e+03 1.893761999999999944e+03 9.944000000000000838e+00
1.731087999999999965e+03 1.896507000000000062e+03 1.346799999999999997e+01
1.703107999999999947e+03 1.901261999999999944e+03 1.120299999999999940e+01
1.689384999999999991e+03 1.911673000000000002e+03 1.422000000000000064e+01
1.395576999999999998e+03 1.919460000000000036e+03 1.435699999999999932e+01
1.938848999999999933e+03 1.922701999999999998e+03 7.344000000000000306e+00
1.378496000000000095e+03 1.931586999999999989e+03 9.173000000000000043e+00
1.471013999999999896e+03 1.939762999999999920e+03 1.492699999999999960e+01
1.575042999999999893e+03 1.940961000000000013e+03 7.801999999999999602e+00
1.395490999999999985e+03 1.943415999999999940e+03 1.272700000000000031e+01
1.770759999999999991e+03 1.942759000000000015e+03 1.094400000000000084e+01
1.843672000000000025e+03 1.948241999999999962e+03 9.439999999999999503e+00
1.790827999999999975e+03 1.961913999999999987e+03 1.069500000000000028e+01
1.776521999999999935e+03 1.978240000000000009e+03 7.062999999999999723e+00
1.656090999999999894e+03 1.981657999999999902e+03 1.509099999999999930e+01
1.420984999999999900e+03 1.990501999999999953e+03 1.063000000000000078e+01
1.351498000000000047e+03 1.993882000000000062e+03 8.550000000000000711e+00
1.959961999999999989e+03 1.994137999999999920e+03 1.236800000000000033e+01
2.018467000000000098e+03 1.996364000000000033e+03 1.262800000000000011e+01
1.373698000000000093e+03 2.006405999999999949e+03 8.034000000000000696e+00
1.321423000000000002e+03 2.015801999999999907e+03 1.448700000000000010e+01
1.489558999999999969e+03 2.018463999999999942e+03 1.276800000000000068e+01
1.511601000000000113e+03 2.020804000000000087e+03 9.894999999999999574e+00
1.444711000000000013e+03 2.034634000000000015e+03 1.371599999999999930e+01
