2	1537.217	8.687	12.257	0.014	3014.607	8	1.312	2.205	0
3	112.293	8.776	10.038	0.011	3176.56	9	1.632	5.530	0
4	331.568	10.338	12.168	0.010	3032.857	8	0.634	1.566	0
5	858.052	9.207	11.595	0.007	3026.66	8	-0.185	1.533	0
6	133.999	18.446	10.616	0.009	3128.2	5	0.870	3.481	0
7	943.758	19.099	12.283	0.009	3027.761	6	0.486	1.329	0
8	1413.763	18.013	9.505	0.012	3056.338	5	1.262	7.248	0
9	1216.716	20.262	12.701	0.012	2990.773	6	0.520	1.285	0
10	474.085	21.573	11.603	0.008	3030.797	5	0.204	1.955	0
11	348.058	25.209	15.823	0.179	3030.227	7	-8.957	1.350	0
12	706.683	23.994	12.986	0.013	3078.246	6	0.709	1.111	0
13	1007.912	23.287	7.992	0.015	3259.72	5	2.090	12.472	0
14	1998.885	29.861	14.839	0.093	2963.177	11	-9.110	1.692	0
15	962.909	27.206	11.445	0.008	3063.034	5	-0.118	1.940	0
16	1583.337	30.279	9.967	0.012	3065.939	6	1.061	6.387	0
17	155.774	33.102	11.662	0.011	3120.984	6	1.118	2.431	0
18	414.420	33.924	10.753	0.006	3063.625	6	-0.442	2.020	0
#19	1994.349	36.748	16.263	0.345	2957.27	11	-30.388	1.699	0
20	268.181	33.807	8.366	0.018	3192.797	5	2.742	13.896	0
21	90.704	39.287	9.843	0.012	3153.684	5	1.954	6.734	0
22	535.131	39.114	13.052	0.018	3024.32	5	0.853	1.555	0
23	1516.703	45.236	12.904	0.016	3002.575	6	0.535	1.504	0
24	698.159	44.784	9.993	0.011	3119.285	6	1.301	5.413	0
25	649.618	49.457	13.020	0.015	3097.411	5	0.087	1.248	0
26	1024.732	56.097	12.114	0.011	3047.064	7	0.907	1.805	0
27	115.549	57.885	10.564	0.009	3120.654	6	0.945	3.661	0
28	379.019	59.803	11.891	0.009	3045.366	5	0.808	1.689	0
29	1320.776	63.614	14.878	0.110	2988.795	9	-10.569	1.962	0
30	1606.604	61.635	11.831	0.013	3019.783	6	1.016	2.654	0
31	215.858	66.142	15.059	0.107	3064.415	7	-7.294	1.597	0
32	155.919	64.552	8.168	0.017	3262.782	5	2.594	13.871	0
33	1234.582	67.686	12.477	0.010	3005.43	5	-0.049	1.255	0
34	975.913	68.261	12.535	0.012	3009.686	5	0.587	1.494	0
35	1019.191	68.044	11.375	0.009	3047.337	9	-0.615	2.170	0
36	577.014	69.350	10.030	0.005	3123.105	6	0.119	2.626	0
37	1508.139	69.908	12.788	0.018	3004.692	6	1.676	1.838	0
38	1089.220	69.438	8.544	0.011	3110.773	7	1.461	8.012	0
39	490.468	71.040	12.230	0.010	3075.189	5	-0.149	1.591	0
40	1200.827	74.075	11.834	0.008	3021.613	5	-0.344	1.602	0
41	577.372	78.841	9.611	0.005	3154.09	9	0.322	1.821	0
42	103.695	82.317	12.417	0.015	3100.698	6	1.343	1.988	0
43	1609.873	86.024	15.775	0.246	2993.887	9	-19.210	1.947	0
44	847.834	89.328	12.983	0.017	2987.61	5	-0.435	1.508	0
45	1406.808	95.100	11.257	0.008	3122.241	6	-0.906	2.336	0
46	674.275	97.761	10.707	0.006	3109.376	6	-0.503	2.234	0
47	1719.029	101.170	11.745	0.011	2994.213	7	1.033	2.437	0
48	730.561	104.405	11.488	0.008	3097.387	8	-1.109	1.939	0
49	1494.597	103.707	11.022	0.010	3098.683	4	-0.165	3.405	0
50	1909.909	107.112	12.764	0.015	2988.472	6	0.843	1.619	0
51	1449.099	107.300	8.772	0.014	3182.761	6	1.791	10.367	0
52	148.294	107.896	11.981	0.011	3105.574	5	0.842	2.105	0
53	572.348	110.261	9.995	0.005	3153.686	5	0.021	2.485	0
54	195.517	117.872	12.750	0.014	3066.811	5	0.405	1.446	0
55	501.587	117.898	8.279	0.012	3190.424	5	1.925	9.480	0
56	686.999	118.565	9.425	0.004	3230.056	5	0.150	2.653	0
57	1300.797	121.816	11.981	0.009	3035.958	5	0.193	1.758	0
58	1745.905	121.778	8.529	0.024	3154.906	6	4.082	18.569	0
59	319.578	121.351	8.314	0.013	3214.698	6	1.979	10.459	0
60	1784.219	123.049	11.950	0.011	2991.595	5	0.904	2.193	0
#61	1801.312	125.751	15.193	0.143	2980.636	9	-12.932	1.922	0
62	1842.152	124.100	12.439	0.016	2976.454	5	1.603	2.135	0
63	213.675	126.791	12.050	0.011	3049.284	5	0.696	1.874	0
64	1977.731	127.277	11.275	0.012	3032.087	5	0.903	3.340	0
65	1425.323	132.386	13.161	0.031	3234.995	9	3.503	2.349	0
66	88.375	135.420	12.313	0.011	3060.769	5	0.992	1.554	0
67	823.514	134.659	12.242	0.008	2984.785	5	0.383	1.278	0
68	1956.729	133.893	13.599	0.028	3022.231	9	2.391	1.537	0
69	865.714	137.756	12.741	0.011	2979.069	5	0.300	1.198	0
70	1816.727	140.434	12.857	0.018	2985.512	7	1.769	1.839	0
71	1703.024	141.262	10.689	0.011	3047.154	5	0.252	4.159	0
72	1318.144	146.264	12.505	0.013	3092.155	6	-0.220	1.650	0
73	1420.168	154.239	7.797	0.031	3484.652	7	4.362	26.433	0
74	1454.407	159.683	11.731	0.010	3249.522	5	0.340	2.214	0
75	1618.019	162.318	10.777	0.010	3058.661	4	-0.147	3.906	0
76	139.577	162.808	10.449	0.008	3067.879	5	0.322	3.329	0
77	1734.997	163.803	11.590	0.012	3001.074	5	0.714	2.847	0
78	694.238	162.164	7.770	0.015	3436.154	5	1.934	12.512	0
79	1896.053	167.387	9.924	0.013	3062.039	5	1.325	6.757	0
80	544.479	168.738	9.394	0.005	3079.003	5	0.511	3.070	0
81	1274.252	170.795	11.908	0.008	3038.388	6	-0.109	1.528	0
82	917.998	167.578	16.123	0.264	2969.728	10	-11.465	1.546	0
83	1236.865	179.430	10.376	0.011	3046.111	7	0.986	4.942	0
84	1622.378	187.936	12.987	0.021	3057.693	6	0.186	1.843	0
85	1175.134	189.930	13.106	0.017	2995.865	5	0.733	1.371	0
86	1810.454	190.884	13.477	0.030	3026.372	7	0.339	1.748	0
87	1924.157	191.257	9.425	0.016	3101.013	6	2.256	10.071	0
88	447.230	192.928	10.344	0.005	3085.483	6	-0.492	2.235	0
89	1861.578	192.270	12.679	0.020	3037.582	5	1.734	2.296	0
90	1064.605	194.308	7.985	0.013	3220.645	5	1.698	10.898	0
92	1370.214	200.929	7.013	0.025	3952.979	7	2.954	22.345	0
93	829.015	201.727	11.308	0.011	2986.692	8	-1.540	2.717	0
94	1713.254	203.958	11.528	0.013	3066.599	6	1.151	3.360	0
95	908.217	205.556	12.913	0.015	3001.433	5	-1.079	1.463	0
96	437.834	209.668	11.225	0.010	3103.181	8	-1.536	2.825	0
97	343.684	208.384	13.258	0.023	3087.695	10	0.626	1.645	0
98	1162.321	211.585	10.353	0.008	3020.712	5	-1.148	3.663	0
100	1817.257	212.669	9.008	0.019	3115.283	5	2.454	12.831	0
101	1487.305	225.448	6.795	0.021	4140.377	5	2.129	19.765	0
102	1767.549	225.209	8.398	0.017	3152.064	5	2.055	13.576	0
103	1515.414	225.882	9.061	0.012	3440.316	5	1.344	7.776	0
104	1649.661	226.326	10.005	0.010	3079.564	5	0.258	5.139	0
105	572.476	229.938	12.144	0.012	3113.7	6	-0.977	1.985	0
106	337.079	239.380	15.133	0.149	3093.593	35	0.225	2.098	0
107	357.238	233.204	8.491	0.010	3128.971	5	1.360	7.464	0
108	1785.653	236.027	14.624	0.090	3033.352	16	2.291	1.986	0
109	1885.901	236.285	10.131	0.011	3064.711	5	1.255	5.599	0
110	1357.120	239.513	12.214	0.009	3298.501	5	-0.241	1.423	0
111	203.943	242.406	10.974	0.007	3043.78	6	-0.182	2.347	0
112	1376.917	243.907	12.502	0.014	3355.716	6	-0.135	1.751	0
113	648.397	246.990	8.725	0.007	3356.749	6	0.935	4.985	0
114	1085.294	252.391	8.857	0.008	3147.447	5	0.723	5.452	0
115	837.878	252.333	12.941	0.016	2989.83	5	-0.321	1.445	0
116	53.718	253.554	10.846	0.009	3072.728	5	-0.065	3.167	0
117	2006.904	255.033	10.449	0.011	3169.287	6	1.048	4.814	0
118	1791.284	256.290	11.843	0.012	3032.658	5	0.719	2.453	0
119	20.168	257.516	12.733	0.021	3057.262	8	1.916	2.306	0
120	407.855	259.359	12.823	0.015	3059.482	6	-1.055	1.429	0
121	1391.068	260.561	11.791	0.008	3344.129	6	-0.251	1.618	0
122	631.104	262.538	7.542	0.014	3546.007	6	1.577	11.968	0
123	1307.101	264.211	10.462	0.008	3096.362	5	-1.088	3.293	0
124	1383.177	269.301	10.833	0.010	3306.847	8	-1.454	3.033	0
125	1570.656	267.750	12.817	0.013	3123.308	5	-0.275	1.276	0
126	977.815	272.373	11.961	0.011	3009.342	6	-0.881	2.135	0
127	365.216	274.619	11.226	0.008	3096.82	8	-0.750	2.172	0
128	599.096	275.129	9.101	0.005	3288.758	5	0.322	3.418	0
129	1977.538	282.854	12.685	0.013	3117.987	6	1.015	1.483	0
130	104.308	285.151	10.270	0.008	3047.917	5	0.187	3.663	0
131	1481.311	285.353	11.037	0.011	3298.764	6	-1.388	3.527	0
132	304.436	287.518	12.310	0.009	3023.351	4	0.164	1.302	0
133	1876.410	288.113	10.237	0.010	3089.413	11	0.729	4.357	0
134	854.168	289.132	10.528	0.010	2996.829	7	-1.842	4.097	0
135	1656.772	290.711	8.129	0.019	3235.39	5	2.398	15.114	0
136	354.367	291.695	10.577	0.007	3075.148	6	-0.817	2.781	0
137	1259.550	292.390	11.135	0.012	3039.311	7	-1.753	3.513	0
138	1333.345	291.753	12.488	0.014	3122.522	4	-0.711	1.792	0
140	184.347	297.492	8.677	0.012	3182.274	5	1.714	8.826	0
141	1549.150	297.585	13.350	0.019	3108.485	6	1.281	1.242	0
142	726.732	300.275	11.850	0.011	3088.345	7	-1.062	2.019	0
143	627.380	300.846	12.732	0.016	3211.768	5	-0.505	1.643	0
144	1875.870	300.816	12.097	0.014	3064.895	8	1.528	2.486	0
145	1417.261	305.521	7.558	0.018	3632.922	5	2.395	16.001	0
146	1440.770	307.986	8.425	0.013	3439.584	6	1.568	10.243	0
147	1057.619	307.799	11.551	0.012	3124.852	8	-1.746	2.571	0
148	669.439	308.957	12.890	0.013	3152.596	4	-0.547	1.175	0
149	1020.254	310.434	12.706	0.012	3021.692	5	-0.126	1.352	0
150	424.526	314.381	8.394	0.010	3172.721	5	1.361	7.928	0
151	2019.847	316.981	8.309	0.023	3414.445	5	3.367	17.783	0
152	1185.335	317.976	12.461	0.014	3019.318	5	-1.625	1.896	0
153	1084.386	321.870	7.955	0.012	3283.258	5	1.310	10.176	0
154	1367.384	318.643	12.723	0.015	3160.607	4	-0.891	1.609	0
155	1004.304	322.881	13.022	0.019	3012.323	6	-1.980	1.619	0
156	1758.192	327.573	10.910	0.009	3034.449	5	-0.140	3.274	0
157	1428.489	339.113	9.985	0.008	3245.672	5	-0.555	4.148	0
158	950.539	341.431	12.550	0.011	2958.868	5	-0.731	1.398	0
159	272.565	346.564	11.710	0.010	3081.692	7	-1.253	2.202	0
160	569.962	351.417	12.267	0.010	3066.209	6	-0.595	1.523	0
161	1052.634	352.408	11.779	0.015	3049.963	8	-2.547	3.025	0
162	236.591	354.227	8.626	0.009	3151.464	5	1.054	6.781	0
163	1518.926	355.347	11.106	0.011	3127.383	7	-1.702	3.233	0
164	1367.261	355.843	9.294	0.007	3186.156	5	-0.142	4.788	0
165	604.937	358.388	10.986	0.013	3091.592	9	-2.195	3.840	0
166	418.297	358.973	10.900	0.009	3084.739	7	-0.638	3.177	0
167	699.218	359.839	9.343	0.005	3170.428	5	-0.593	2.993	0
168	1503.076	362.394	10.804	0.011	3117.986	4	-0.952	3.848	0
169	19.341	366.934	9.459	0.011	3176.734	5	0.863	6.662	0
170	965.479	367.112	12.863	0.015	2969.969	5	0.175	1.507	0
171	1590.274	371.175	7.658	0.017	3455.359	6	2.020	13.895	0
172	1882.748	370.624	11.730	0.009	3181.191	5	0.443	2.029	0
173	107.125	371.706	10.141	0.009	3079.393	5	-0.102	4.608	0
174	616.557	375.862	12.526	0.014	3096.614	6	-1.644	1.673	0
175	1188.202	377.226	9.989	0.008	3053.586	6	-1.323	4.044	0
176	1108.292	379.195	11.830	0.012	3017.024	8	-1.982	2.304	0
177	673.329	379.938	11.500	0.014	3189.888	8	-1.913	3.087	0
178	1413.614	381.381	11.721	0.011	3113.992	6	-1.119	2.283	0
179	1594.149	381.330	8.097	0.016	3477.235	6	2.262	12.400	0
180	450.675	385.998	11.477	0.011	3049.727	8	-1.745	2.547	0
181	1472.264	391.746	13.339	0.021	3048.908	5	-1.748	1.375	0
182	577.667	394.341	12.217	0.011	3056.515	7	-1.418	1.661	0
183	801.054	397.876	12.770	0.013	2990.889	6	0.393	1.389	0
184	2030.597	398.085	12.025	0.018	3483.248	7	2.448	3.204	0
185	1692.310	400.762	7.639	0.018	3350.893	5	2.416	15.488	0
186	682.412	401.735	8.146	0.010	3344.713	5	1.147	8.295	0
187	1938.356	401.316	9.530	0.013	3257.083	5	1.597	7.917	0
188	705.065	401.605	11.340	0.012	3125.466	10	-1.744	3.106	0
189	1273.005	402.039	11.173	0.013	3003.479	9	-2.341	3.702	0
190	992.401	404.610	9.293	0.006	3118.314	6	-0.957	4.121	0
191	1046.882	408.764	13.357	0.027	3024.758	5	-1.034	1.807	0
192	1000.179	415.483	13.024	0.023	3044.602	10	-0.165	1.408	0
193	1183.794	417.420	9.937	0.010	3014.347	5	-1.689	5.029	0
194	1300.277	417.599	12.718	0.012	3006.152	6	-0.897	1.320	0
195	201.607	419.050	11.542	0.010	3071.747	6	-0.566	2.261	0
196	967.425	418.849	11.911	0.017	3029.52	8	-2.598	2.994	0
197	1923.298	419.214	9.029	0.016	3281.327	5	2.197	10.899	0
198	6.415	420.865	13.341	0.026	3098.898	8	1.066	1.689	0
199	646.267	419.809	11.228	0.015	3118.593	9	-2.795	3.930	0
200	1694.753	419.330	12.327	0.026	3231.919	10	3.024	3.663	0
201	1862.385	426.232	7.248	0.023	3613.287	6	2.923	20.489	0
202	86.379	427.441	13.241	0.019	3057.965	5	0.268	1.347	0
203	504.259	430.203	12.302	0.010	3019.788	7	-0.854	1.418	0
204	1974.987	429.842	11.931	0.010	3250.625	5	0.538	1.836	0
205	222.059	431.310	10.315	0.009	3113.282	5	-0.955	3.922	0
206	1560.135	431.828	12.179	0.011	3108.643	5	-0.334	1.704	0
207	1032.980	435.133	9.270	0.006	3085.288	5	-0.753	3.660	0
208	128.114	436.215	9.991	0.007	3099.304	5	-0.339	3.579	0
209	1641.769	437.682	12.110	0.011	3095.341	5	-0.562	1.858	0
210	759.494	442.161	11.583	0.015	3034.658	9	-2.749	3.302	0
211	796.255	443.905	10.353	0.012	3038.338	7	-2.210	5.278	0
212	1576.078	447.632	12.619	0.016	3072.173	5	-1.541	1.813	0
213	1536.819	448.974	9.329	0.008	3104.248	5	0.268	5.247	0
214	1269.118	450.498	12.976	0.019	2971.467	5	-0.915	1.704	0
215	1612.132	451.188	11.205	0.009	3067.619	7	-1.044	2.600	0
216	709.723	452.315	11.094	0.014	3062.876	9	-2.500	3.944	0
217	1667.061	452.445	10.189	0.008	3126.892	5	-0.457	3.738	0
218	1476.604	454.489	12.003	0.011	3044.644	7	-1.276	1.968	0
219	959.745	457.404	12.275	0.015	2977.081	6	-1.696	2.246	0
220	1052.099	455.502	12.922	0.017	3043.056	5	-0.319	1.530	0
221	271.995	458.664	11.730	0.011	3049.851	6	-1.063	2.300	0
222	1076.064	458.784	9.722	0.009	3063.075	4	-1.516	5.141	0
223	1338.855	461.854	13.191	0.018	3029.959	6	0.048	1.368	0
224	1844.408	463.477	12.563	0.015	3169.494	6	0.948	1.777	0
225	49.321	463.579	11.152	0.013	3094.936	6	-1.139	3.914	0
226	197.607	464.509	11.653	0.013	3115.043	8	-1.038	2.910	0
227	534.122	465.641	11.908	0.012	3040.848	7	-1.554	2.252	0
228	580.894	465.567	11.881	0.013	3041.12	7	-1.831	2.392	0
229	1320.824	468.004	11.352	0.013	3025.005	9	-2.326	3.243	0
230	214.233	476.638	10.031	0.021	3104.938	9	1.820	10.580	0
231	374.734	477.437	10.582	0.013	3053.431	5	-0.315	5.347	0
232	1509.902	478.609	12.648	0.012	3039.952	6	-0.423	1.366	0
233	1349.339	478.624	10.355	0.011	3054.925	6	-1.935	4.989	0
234	1486.555	482.130	10.540	0.011	3049.024	5	-1.508	4.509	0
235	1013.609	484.381	12.485	0.015	3040.858	7	-0.835	1.821	0
236	277.571	492.883	10.035	0.009	3070.082	5	-0.989	4.309	0
237	536.089	492.340	13.568	0.028	3047.25	5	0.033	1.554	0
238	1028.355	492.682	11.155	0.014	3051.717	9	-2.611	3.919	0
239	675.642	495.466	11.930	0.014	3047.137	8	-2.379	2.479	0
240	1211.509	495.885	11.567	0.018	2984.496	8	-3.049	3.993	0
241	1456.386	498.665	10.403	0.010	3031.637	5	-1.483	4.169	0
242	1489.431	498.765	12.432	0.014	3037.865	6	-1.269	1.871	0
243	1502.109	499.734	13.095	0.022	3131.02	9	-0.245	1.683	0
244	1078.125	500.927	11.602	0.015	3040.189	9	-2.649	3.083	0
245	1391.879	505.495	8.425	0.010	3155.381	5	0.813	7.773	0
246	332.580	506.391	12.568	0.013	3032.296	5	-0.273	1.547	0
247	1111.991	506.972	11.417	0.015	3018.323	8	-2.709	3.533	0
248	806.294	509.929	9.631	0.010	3057.934	5	-1.695	5.725	0
249	1430.684	510.742	12.700	0.013	3048.423	5	-0.347	1.483	0
250	574.879	514.316	9.049	0.005	3127.368	5	-0.462	3.338	0
251	1409.405	519.267	12.157	0.013	3041.65	6	-0.295	2.150	0
252	1863.699	519.951	10.032	0.009	3096.256	5	0.451	4.405	0
253	906.641	527.326	13.007	0.023	3023.402	7	-2.842	1.889	0
254	1079.121	528.530	9.579	0.009	3079.261	4	-1.509	5.222	0
255	441.454	529.408	13.614	0.029	3021.567	5	-0.383	1.562	0
256	644.096	536.185	9.387	0.008	3111.267	6	-1.329	5.065	0
257	1479.750	535.633	12.589	0.014	3035.031	5	-1.582	1.650	0
258	1585.277	539.515	10.390	0.008	3038.519	5	-1.245	3.585	0
259	1287.851	541.503	11.288	0.015	2994.66	9	-2.602	3.880	0
260	256.672	541.359	13.297	0.021	3053.418	6	1.141	1.484	0
261	24.610	542.731	12.728	0.016	3147.333	5	-0.077	1.753	0
262	754.874	543.651	9.438	0.007	3051.996	5	-1.110	4.150	0
263	1078.726	547.171	11.906	0.016	3087.035	9	-2.761	2.675	0
264	900.704	547.673	11.333	0.016	3029.961	10	-3.059	4.066	0
265	1504.015	550.662	11.415	0.015	3041.908	8	-2.636	3.650	0
266	445.871	552.535	13.211	0.024	3040.187	5	-2.621	1.734	0
267	414.770	554.315	9.940	0.009	3081.307	5	-1.587	4.829	0
268	576.924	554.081	11.919	0.015	3032.583	8	-2.714	2.559	0
269	680.250	555.255	13.060	0.023	3055.193	6	0.329	1.945	0
270	1004.003	555.958	12.408	0.014	3042.59	5	-1.379	1.953	0
271	1895.042	557.255	11.208	0.008	3090.637	6	-0.155	2.245	0
272	1632.792	559.899	12.788	0.014	3000.981	6	0.449	1.476	0
273	1251.473	563.145	11.182	0.015	3039.175	9	-2.767	4.231	0
274	1188.146	563.739	10.653	0.015	3077.197	7	-2.620	5.498	0
275	1595.406	565.397	12.624	0.013	3022.809	5	-0.672	1.513	0
276	1892.877	566.453	10.985	0.008	3109.296	6	-0.416	2.651	0
277	1918.695	568.539	11.339	0.008	3081.573	5	-0.036	2.080	0
278	1046.318	568.844	8.284	0.008	3202.176	5	0.477	6.118	0
279	683.861	569.751	11.656	0.018	3057.472	9	-3.595	3.822	0
280	301.034	573.571	11.344	0.013	3045.802	8	-2.048	3.269	0
281	1745.266	574.156	11.923	0.016	3148.097	7	0.893	2.960	0
282	1690.992	576.942	10.964	0.009	3083.286	6	-1.146	2.951	0
283	1205.020	580.122	10.274	0.012	3065.799	6	-2.177	5.532	0
284	1448.104	580.169	9.346	0.006	3073.311	5	-0.475	3.906	0
285	1768.193	586.293	9.550	0.008	3228.531	5	0.593	4.650	0
286	156.416	586.873	12.322	0.022	3095.668	7	2.490	3.280	0
287	426.222	592.857	15.262	0.129	3046.52	7	-10.751	1.578	0
288	1843.718	587.926	12.763	0.012	3069.69	6	0.341	1.299	0
289	1417.231	593.366	11.175	0.016	3062.228	8	-2.695	4.458	0
290	555.733	594.980	12.212	0.016	3079.145	7	-2.070	2.328	0
291	979.288	596.817	12.194	0.015	3034.739	7	-1.884	2.287	0
292	184.076	599.572	11.183	0.012	3064.55	8	-1.695	3.273	0
293	237.402	602.122	12.143	0.011	3076.923	6	-0.687	1.851	0
294	927.560	602.386	8.628	0.006	3193.051	6	-0.178	4.046	0
295	905.969	604.856	11.663	0.016	3095.452	9	-2.837	3.338	0
296	1092.194	606.124	10.303	0.015	3084.833	7	-2.774	6.751	0
297	737.421	606.514	10.833	0.017	3031.889	8	-3.120	5.732	0
298	1451.063	608.346	10.476	0.012	3079.264	7	-2.092	4.900	0
299	1765.534	610.898	7.909	0.017	3473.921	7	2.355	12.660	0
300	1780.954	610.719	8.449	0.014	3354.051	5	2.130	10.624	0
301	466.681	614.857	12.295	0.016	3037.071	8	-2.393	2.198	0
302	1641.923	615.314	11.269	0.011	3049.444	8	-1.698	3.075	0
303	547.794	615.698	9.883	0.012	3121.436	5	-2.149	6.340	0
304	1952.383	617.309	10.998	0.007	3122.111	5	-0.358	2.399	0
305	1873.829	619.299	13.291	0.021	3060.376	5	0.401	1.472	0
306	986.395	626.334	14.802	0.075	3061.357	8	0.146	1.421	0
307	1689.335	624.062	12.374	0.009	3117.572	5	-0.340	1.299	0
308	733.384	625.773	11.935	0.015	3026.782	8	-2.593	2.681	0
309	1210.674	626.202	10.861	0.016	3082.514	8	-2.884	5.325	0
310	279.556	627.810	9.923	0.010	3109.568	5	-1.454	5.197	0
311	1594.111	628.641	11.807	0.010	3026.495	6	-0.460	2.002	0
312	1288.810	633.897	10.635	0.016	3107.923	8	-2.955	6.163	0
313	1555.649	637.761	11.461	0.012	3032.153	8	-1.993	2.861	0
314	545.158	641.344	10.165	0.013	3116.627	7	-2.249	5.943	0
315	124.559	642.014	11.694	0.014	3174.685	7	-1.817	2.789	0
316	1311.709	642.256	10.585	0.014	3101.615	8	-2.571	5.534	0
317	2005.416	642.524	11.029	0.008	3150.898	5	0.091	2.556	0
318	831.802	643.576	13.007	0.021	3062.061	5	-0.430	1.854	0
319	361.462	647.258	9.469	0.009	3178.115	5	-1.309	5.375	0
320	1154.491	647.842	12.823	0.018	3078.824	7	-2.148	1.713	0
321	1086.068	650.062	10.112	0.014	3109.646	6	-2.452	6.625	0
322	1860.086	650.579	9.901	0.008	3096.82	5	0.157	4.070	0
323	432.430	650.904	10.118	0.012	3141.13	6	-2.052	5.900	0
324	1482.537	658.843	11.740	0.014	3028.33	8	-1.854	2.786	0
325	108.352	660.580	10.258	0.009	3218.901	5	-1.019	4.247	0
326	1122.088	661.027	10.525	0.017	3118.778	7	-3.127	6.796	0
327	339.740	661.608	10.655	0.013	3145.719	8	-2.080	4.729	0
328	1670.798	663.715	7.675	0.014	3357.05	5	1.848	12.011	0
329	1799.427	664.905	11.759	0.007	3093.521	5	-0.052	1.551	0
330	2011.159	665.073	11.989	0.010	3136.418	5	0.856	1.868	0
331	493.114	666.706	12.569	0.016	3069.034	5	-1.741	1.960	0
333	24.933	668.682	10.316	0.009	3350.923	5	-0.654	4.138	0
334	988.434	675.151	12.436	0.018	3110.194	7	-2.802	2.314	0
335	1205.677	674.334	13.181	0.018	3097.066	6	-1.412	1.307	0
336	1390.307	677.920	15.350	0.162	3059.266	8	-9.093	1.885	0
337	804.859	676.102	13.651	0.030	3038.013	5	-1.155	1.546	0
338	1036.414	679.700	14.745	0.080	3112.971	7	-4.293	1.587	0
339	748.270	677.530	10.268	0.016	3053.335	7	-2.774	7.049	0
340	87.223	677.279	11.536	0.012	3235.741	7	-1.453	2.818	0
341	175.281	679.457	13.132	0.020	3216.04	5	-0.897	1.530	0
342	1676.962	680.253	11.942	0.017	3182.699	10	1.843	3.106	0
343	1176.607	680.716	11.123	0.020	3121.273	8	-3.592	5.517	0
344	212.555	682.165	11.828	0.014	3166.105	7	-1.767	2.722	0
345	348.368	682.274	8.697	0.007	3227.64	5	-0.173	5.109	0
#346	657.031	684.063	15.792	0.256	3114.313	8	-23.117	1.969	0
347	1433.048	690.056	13.199	0.016	3026.184	5	-1.296	1.193	0
348	704.287	691.211	12.800	0.021	3108.363	8	-2.535	1.996	0
349	1738.709	694.413	7.853	0.014	3304.896	6	1.890	11.499	0
350	156.726	701.290	8.311	0.009	3336.832	5	0.915	7.249	0
351	1181.810	702.116	10.098	0.013	3205.826	7	-2.320	6.383	0
#352	283.620	696.701	15.460	0.124	3119.57	9	-0.654	1.274	0
353	117.517	705.293	12.908	0.016	3229.142	5	-0.169	1.431	0
354	1003.128	705.597	12.635	0.019	3170.72	6	-2.036	2.118	0
355	1232.267	706.955	8.550	0.007	3277.898	5	-0.291	4.851	0
356	983.490	711.279	13.258	0.024	3213.284	5	-2.453	1.639	0
357	1714.510	712.738	13.096	0.018	3165.973	5	-1.523	1.422	0
358	1095.990	714.065	11.159	0.019	3167.436	9	-3.486	5.204	0
359	223.370	716.303	8.492	0.009	3280.107	6	1.287	6.607	0
360	1143.655	718.948	8.833	0.006	3245.21	5	-0.795	4.511	0
361	1660.521	719.750	11.079	0.012	3106.716	8	-2.232	3.612	0
362	882.947	720.345	12.028	0.018	3117.989	8	-2.761	2.891	0
363	1819.030	725.037	13.445	0.025	3040.081	5	-0.418	1.521	0
364	374.392	730.019	10.652	0.015	3121.477	7	-2.647	5.418	0
365	1618.958	729.974	8.853	0.006	3113.299	6	0.367	4.096	0
366	853.247	731.033	8.947	0.007	3195.647	5	-1.066	5.030	0
367	501.536	733.987	8.399	0.006	3203.531	4	0.169	4.671	0
368	1311.025	736.396	9.184	0.009	3425.438	9	0.719	5.622	0
369	1185.005	741.107	10.694	0.018	3196.887	8	-3.274	6.473	0
370	1115.776	742.134	12.601	0.016	3260.152	7	-1.837	1.718	0
371	1545.408	742.098	9.436	0.007	3105.075	5	-0.452	4.005	0
372	1490.627	744.002	11.379	0.014	3043.376	8	-2.431	3.520	0
373	187.366	744.886	11.486	0.015	3199.819	8	-2.382	3.572	0
374	635.998	745.131	7.717	0.011	3462.418	5	0.109	9.306	0
375	686.223	744.927	11.514	0.019	3204.733	9	-3.101	4.314	0
376	905.730	745.599	11.619	0.022	3173.523	8	-4.111	4.579	0
377	1432.426	744.958	8.966	0.006	3135.933	5	-0.616	3.827	0
378	376.609	749.625	10.182	0.013	3184.375	6	-2.281	6.092	0
379	512.274	750.575	9.491	0.009	3187.509	5	-1.434	5.295	0
380	1003.534	750.623	10.952	0.020	3350.002	8	-3.749	6.364	0
381	1517.488	750.344	12.236	0.016	3061.053	7	-2.227	2.394	0
382	756.507	753.706	11.993	0.021	3135.565	11	-3.975	2.993	0
383	107.377	755.158	10.805	0.012	3278.135	7	-1.777	3.985	0
384	1219.432	755.132	12.846	0.019	3196.194	7	-2.206	1.788	0
385	174.937	756.660	11.466	0.014	3203.641	9	-2.641	3.179	0
386	773.483	758.916	13.082	0.026	3094.402	8	-2.914	2.013	0
387	1162.831	758.337	11.748	0.018	3270.85	9	-3.407	3.403	0
388	1314.095	758.079	9.601	0.010	3288.773	6	-1.707	5.651	0
389	1693.102	759.864	10.959	0.013	3073.647	6	-0.294	4.241	0
390	352.230	760.877	9.373	0.009	3230.724	5	-0.867	5.877	0
391	1124.016	761.396	10.597	0.019	3360.937	7	-3.413	7.098	0
392	970.099	761.646	8.238	0.016	3579.035	16	1.520	11.783	0
393	679.148	763.928	8.640	0.010	3263.901	6	0.208	7.742	0
394	1469.074	766.895	15.518	0.184	3034.841	9	-17.928	1.845	0
395	1879.668	764.624	10.449	0.005	3044.493	5	-0.283	2.340	0
396	497.473	764.590	11.358	0.018	3129.722	8	-2.987	4.350	0
397	11.165	766.051	9.451	0.008	3649.121	11	0.362	4.693	0
398	749.097	766.378	10.171	0.017	3164.668	6	-2.966	7.816	0
399	321.438	769.751	12.084	0.023	3153.675	7	0.225	3.899	0
400	111.476	771.452	13.654	0.029	3251.737	7	-1.018	1.439	0
401	1311.484	772.158	12.958	0.019	3239.144	11	-1.375	1.402	0
402	630.856	775.396	9.522	0.011	3326.967	5	-1.997	6.862	0
403	1286.489	777.066	9.889	0.011	3237.651	5	-2.057	6.003	0
404	1094.335	779.854	9.640	0.011	3481.74	5	-1.905	6.197	0
405	296.303	782.834	11.176	0.016	3138.866	8	-2.782	4.469	0
406	766.004	783.714	10.726	0.018	3129.031	8	-3.320	6.526	0
407	1534.245	790.014	12.808	0.019	3078.469	5	-1.302	1.954	0
408	48.992	790.614	8.514	0.009	3528.785	5	1.088	7.179	0
409	1341.933	791.992	12.686	0.016	3178.583	7	-1.936	1.728	0
410	966.750	792.893	8.532	0.023	3534.184	9	2.561	16.755	0
411	1142.048	793.380	9.710	0.012	3489.23	5	-2.028	6.568	0
412	1179.838	799.406	11.724	0.021	3360.488	5	2.702	4.429	0
413	422.568	802.773	9.457	0.010	3190.353	5	-1.685	6.247	0
414	216.734	803.578	10.736	0.014	3160.57	8	-2.351	4.870	0
415	885.649	804.370	11.647	0.019	3189.985	9	-3.617	3.938	0
416	1022.783	806.484	7.956	0.009	3655.046	5	0.509	7.745	0
417	757.010	807.772	12.763	0.019	3119.52	6	-1.572	1.967	0
418	1254.260	807.276	10.083	0.015	3268.396	6	-2.675	7.094	0
419	145.501	810.632	15.889	0.253	3195.948	10	-18.192	1.752	0
420	916.253	809.521	9.163	0.008	3343.523	5	-1.368	5.558	0
421	1570.827	814.106	12.193	0.017	3061.279	6	-0.108	2.688	0
422	1284.163	815.758	13.030	0.027	3197.492	7	-3.671	2.097	0
423	646.520	817.573	12.734	0.020	3211.037	6	-2.514	2.018	0
424	959.780	817.876	12.211	0.020	3430.938	8	-3.445	2.725	0
425	1052.100	819.714	8.173	0.008	3853.645	5	0.254	6.545	0
426	2036.865	818.772	9.728	0.007	3259.987	11	0.204	2.560	0
427	1593.914	821.867	10.974	0.012	3058.903	8	-1.831	3.596	0
428	1700.115	823.385	9.178	0.004	3058.481	5	0.004	2.738	0
429	1520.322	824.993	8.196	0.008	3216.74	6	0.800	6.166	0
430	943.339	825.083	12.141	0.022	3409.943	8	-3.980	3.016	0
431	930.502	825.470	12.413	0.024	3350.302	8	-4.010	2.991	0
432	1365.384	829.862	7.829	0.010	3342.432	8	0.836	8.109	0
433	278.149	830.340	10.112	0.012	3189.475	6	-2.002	5.863	0
434	596.751	844.966	13.349	0.027	3210.781	30	-1.230	1.752	0
435	1643.735	832.320	12.624	0.017	3014.195	5	-1.027	2.056	0
436	1208.236	833.459	9.343	0.010	3383.624	5	-1.727	6.305	0
437	25.200	833.520	12.230	0.015	3615.37	6	-1.231	2.083	0
438	1108.746	835.822	6.958	0.014	4242.822	5	0.351	12.529	0
439	944.888	836.445	12.683	0.020	3393.57	6	-2.378	2.081	0
440	1329.902	838.451	11.807	0.018	3187.126	8	-3.269	3.254	0
441	79.591	838.574	9.986	0.010	3418.583	6	-1.154	4.820	0
442	325.581	841.415	8.186	0.006	3383.567	4	0.321	4.793	0
443	146.476	842.131	12.893	0.020	3248.592	5	-1.738	1.885	0
444	1367.323	843.333	10.781	0.015	3244.489	13	-1.769	3.195	0
445	397.306	845.506	8.714	0.006	3274.551	6	-0.571	4.441	0
446	1443.007	845.803	12.909	0.017	3066.806	8	-2.537	1.494	0
447	1852.458	846.129	7.980	0.013	3186.481	6	2.014	10.891	0
448	1063.842	847.529	8.259	0.007	3835.58	5	0.126	5.313	0
449	1165.287	848.302	8.135	0.007	3600.49	5	0.165	5.950	0
450	195.657	848.140	10.560	0.013	3185.939	7	-2.055	4.987	0
451	283.456	849.260	11.299	0.015	3211.728	9	-2.510	3.855	0
452	666.906	851.369	11.992	0.021	3290.243	8	-3.996	3.381	0
453	409.871	852.414	11.379	0.018	3234.439	12	-2.730	3.118	0
454	570.583	855.002	8.906	0.007	3253.118	5	-1.025	5.015	0
455	368.873	859.741	12.440	0.023	3209.276	7	-3.414	2.845	0
456	933.683	860.675	9.912	0.015	3401.115	5	-2.745	7.947	0
457	1213.504	860.983	8.122	0.009	3476.967	6	0.029	6.889	0
458	103.552	862.336	10.007	0.009	3328.237	5	-1.287	4.742	0
459	150.421	862.538	11.208	0.015	3237.04	8	-2.499	3.908	0
460	498.600	864.018	10.772	0.018	3151.359	8	-3.268	6.367	0
461	403.311	864.535	10.527	0.015	3227.564	6	-2.022	6.121	0
462	203.337	868.307	10.272	0.010	3184.394	5	-1.322	4.482	0
463	1551.430	872.090	11.940	0.015	3044.281	8	-2.795	2.652	0
464	314.995	872.823	8.544	0.006	3360.083	5	0.172	4.799	0
465	1454.280	873.464	12.338	0.014	3047.079	8	-2.213	1.865	0
466	1911.115	873.501	12.072	0.009	3017.641	5	0.347	1.584	0
467	2010.751	876.217	10.207	0.006	3118.162	5	0.312	2.818	0
468	453.685	876.731	11.874	0.020	3143.932	8	-3.499	3.518	0
469	987.515	877.433	10.317	0.016	3642.953	7	-2.900	7.005	0
470	549.787	877.420	12.794	0.018	3181.174	6	-2.346	1.835	0
471	811.038	878.054	11.414	0.021	3181.905	9	-4.081	4.906	0
472	1031.999	881.426	8.282	0.009	3760.442	5	0.565	7.147	0
473	1576.680	882.242	12.848	0.019	3034.95	5	-1.509	1.847	0
474	1422.482	883.410	9.348	0.006	3098.926	5	-0.959	3.643	0
475	1787.999	885.841	11.528	0.010	3013.306	7	-1.037	2.285	0
476	37.324	887.253	9.198	0.010	3621.995	6	-0.298	6.523	0
477	554.962	888.062	12.052	0.016	3176.832	8	-2.204	2.393	0
478	2001.604	887.840	11.756	0.009	3072.918	7	0.230	1.806	0
479	58.053	888.766	8.299	0.014	3558.11	5	0.848	11.176	0
480	244.997	888.571	10.762	0.013	3151.018	8	-2.271	4.523	0
481	1066.048	888.722	12.213	0.018	3642.818	4	-2.505	2.766	0
482	12.695	889.816	10.900	0.011	3633.001	10	-1.304	3.537	0
483	386.377	891.653	9.902	0.013	3175.186	5	-2.104	6.669	0
484	443.786	895.385	15.225	0.117	3096.361	10	-9.876	1.504	0
485	1661.488	896.857	11.870	0.011	3022.456	7	-1.288	2.150	0
486	1559.941	897.379	10.186	0.010	3046.472	7	-1.709	4.588	0
487	219.302	899.500	10.295	0.012	3152.067	6	-2.054	5.427	0
488	910.663	900.510	11.400	0.019	3413.679	11	-3.076	4.505	0
489	713.199	901.757	11.479	0.018	3586.36	7	-2.499	4.322	0
490	1064.155	901.543	13.363	0.025	3640.861	7	-1.450	1.452	0
491	352.624	903.530	11.347	0.019	3153.663	8	-3.338	4.673	0
492	681.531	904.176	10.556	0.018	3685.181	8	-3.216	6.632	0
493	274.235	906.368	13.324	0.026	3136.322	5	-2.414	1.728	0
494	504.338	904.316	13.344	0.027	3168.332	6	-1.354	1.721	0
495	1076.859	905.485	11.343	0.020	3478.936	11	-3.782	4.724	0
496	574.240	905.921	11.081	0.021	3241.653	8	-3.793	6.016	0
497	956.428	906.382	12.453	0.020	3653.432	8	-0.120	2.181	0
498	747.277	906.474	12.185	0.019	3377.847	10	-3.476	2.641	0
#499	720.784	907.711	10.379	0.019	3556.384	10	-3.109	6.053	0
500	650.190	909.686	12.693	0.016	3553.548	6	0.305	1.632	0
501	1193.051	908.870	12.692	0.019	3354.025	9	-0.822	1.940	0
502	1571.980	908.986	12.975	0.018	3026.59	8	-0.734	1.574	0
503	1927.710	914.548	15.514	0.155	3012.449	8	-14.156	1.534	0
504	1828.750	916.366	9.966	0.004	3052.124	5	-0.229	2.179	0
505	1852.281	918.004	10.977	0.009	3048.452	7	-1.133	3.012	0
506	1125.773	919.301	10.367	0.016	3422.385	6	-2.906	7.031	0
507	914.849	921.053	8.761	0.015	3673.338	12	1.211	10.493	0
508	1226.477	925.077	9.632	0.011	3291.456	5	-2.045	6.535	0
509	764.122	925.575	11.872	0.022	3343.574	11	-3.952	3.798	0
510	1009.742	926.176	8.343	0.007	4067.393	8	0.066	4.978	0
511	961.490	928.006	8.461	0.006	4081.039	6	-0.350	4.754	0
512	1186.790	928.596	8.276	0.008	3417.91	6	-0.092	5.874	0
513	439.064	931.380	11.317	0.018	3122.004	9	-3.435	4.521	0
514	77.378	932.376	12.273	0.015	3324.893	6	-0.318	2.179	0
515	605.668	935.526	10.764	0.021	3428.505	7	-3.720	7.213	0
516	1000.327	935.432	10.246	0.015	4421.938	12	0.849	4.180	0
517	1049.322	936.244	13.624	0.028	3661.134	5	-2.173	1.323	0
518	1331.011	935.911	12.583	0.016	3132.958	7	-2.352	1.751	0
519	104.771	937.084	12.099	0.011	3307.656	7	-1.035	1.777	0
520	760.002	938.234	12.316	0.018	3418.039	8	-2.785	2.453	0
521	1438.904	941.904	12.424	0.019	3095.538	6	-2.773	2.485	0
522	1538.843	941.491	12.971	0.021	3021.959	5	-1.419	1.874	0
523	513.346	942.683	10.050	0.015	3221.027	6	-2.690	7.435	0
524	1098.556	946.271	10.417	0.018	3503.756	8	-3.369	6.877	0
525	1107.384	946.630	9.995	0.016	3467.91	8	-3.171	7.396	0
526	491.123	948.002	11.484	0.026	3188.971	6	1.155	6.595	0
527	593.306	948.427	10.384	0.018	3398.936	8	-3.358	7.333	0
528	274.939	951.135	12.538	0.017	3143.262	7	-2.372	1.936	0
529	842.232	950.659	7.985	0.010	3514.099	5	-1.260	8.411	0
530	676.147	951.547	6.124	0.014	5267.398	6	0.114	13.532	0
531	982.628	953.684	6.117	0.016	5509.391	5	-0.103	14.967	0
532	1153.343	953.327	11.813	0.017	3343.079	8	-2.775	3.049	0
533	1955.886	955.386	8.817	0.007	3102.146	7	0.730	4.924	0
534	1319.487	959.290	14.126	0.042	3147.531	6	-0.486	1.418	0
535	900.773	963.900	9.159	0.008	3759.151	8	-1.154	4.399	0
536	1026.434	964.009	8.980	0.007	3958.612	4	-1.088	4.990	0
537	569.259	966.020	8.472	0.007	3440.601	5	-0.653	5.073	0
538	1117.322	966.272	9.370	0.010	3452.069	4	-1.718	6.194	0
539	1285.516	965.783	9.044	0.008	3234.32	4	-1.162	5.279	0
540	1518.373	965.940	10.164	0.011	3064.828	9	-1.996	4.983	0
541	493.529	966.961	10.141	0.015	3215.586	6	-2.783	7.315	0
542	1907.879	967.198	10.057	0.005	3072.827	4	-0.259	2.698	0
543	1150.410	968.846	13.191	0.021	3339.738	7	-1.278	1.486	0
544	417.152	969.798	12.519	0.018	3114.037	7	-2.376	2.145	0
545	1444.956	970.060	11.103	0.018	3135.127	9	-3.338	5.159	0
546	641.735	970.881	10.117	0.011	3716.037	13	-1.682	3.560	0
547	1507.628	970.690	11.530	0.018	3053.458	9	-3.251	4.127	0
548	554.969	977.346	9.870	0.012	3321.541	7	-2.100	6.235	0
549	85.255	980.949	15.155	0.110	3386.854	6	-11.300	1.377	0
550	849.258	978.333	11.907	0.021	3484.929	8	-3.487	3.551	0
551	384.752	978.807	9.431	0.011	3190.295	5	-1.761	6.479	0
552	735.131	979.422	8.946	0.010	3626.488	5	-1.619	7.003	0
553	889.968	979.150	7.646	0.011	3867.537	5	0.129	9.589	0
554	2014.533	979.084	10.936	0.007	3051.501	5	-0.412	2.270	0
555	220.286	981.602	11.981	0.017	3165.423	6	-0.113	3.123	0
556	506.220	980.669	11.858	0.018	3181.613	8	-2.882	3.171	0
557	661.697	982.346	8.213	0.007	4454.347	6	-0.242	5.506	0
558	647.838	982.107	8.617	0.007	3874.961	9	-0.664	3.997	0
559	446.268	984.156	11.761	0.016	3122.617	8	-2.977	3.130	0
560	1241.143	983.478	12.063	0.016	3196.773	8	-2.491	2.524	0
561	1188.176	986.202	10.048	0.015	3298.603	6	-2.744	7.431	0
562	180.055	986.663	11.956	0.012	3215.034	8	-1.879	2.064	0
563	1321.362	987.472	12.932	0.020	3130.286	10	-2.473	1.571	0
564	1465.748	988.437	13.101	0.025	3117.734	11	-1.880	1.729	0
565	1769.701	988.379	10.704	0.009	3060.049	7	-1.478	3.167	0
566	1451.066	989.154	10.240	0.011	3166.726	6	-1.931	4.963	0
567	319.087	989.726	11.602	0.016	3168.402	8	-2.748	3.289	0
568	1331.414	990.954	12.914	0.019	3128.385	7	-2.063	1.662	0
569	908.264	992.027	9.251	0.007	3775.339	8	-0.858	4.487	0
570	758.821	995.121	8.793	0.008	3534.587	5	-1.075	5.652	0
571	896.641	995.342	10.362	0.014	3645.303	13	-1.756	3.725	0
572	813.825	998.448	11.680	0.021	3351.884	10	-3.992	4.098	0
573	831.818	999.804	9.249	0.011	3431.551	4	-1.768	6.828	0
574	1067.460	1003.773	13.185	0.025	3505.031	6	-2.800	1.757	0
575	1307.997	1001.562	11.600	0.020	3210.863	9	-3.679	4.201	0
576	579.238	1002.941	12.775	0.020	3326.712	7	-2.546	1.939	0
577	857.881	1002.957	10.625	0.018	3458.465	8	-3.299	6.653	0
578	1086.280	1002.763	11.515	0.019	3462.333	9	-3.747	4.155	0
579	1428.592	1004.256	11.613	0.018	3154.256	9	-3.297	3.524	0
580	4.488	1004.519	12.377	0.015	3381.94	6	-0.908	1.992	0
581	1702.215	1007.537	10.973	0.010	3236.177	7	-1.207	3.177	0
582	496.318	1009.816	11.013	0.021	3163.787	8	-3.800	6.278	0
583	1546.536	1010.653	12.280	0.013	3023.604	7	-1.305	1.800	0
584	1289.956	1012.551	12.525	0.023	3260.364	8	-3.629	2.670	0
585	160.304	1013.078	12.202	0.015	3331.558	8	-2.297	2.166	0
586	332.218	1012.781	8.641	0.005	3254.515	4	-0.399	3.977	0
587	616.158	1013.242	9.637	0.013	3462.56	5	-2.361	7.694	0
588	1328.646	1013.742	12.728	0.023	3174.08	5	-2.287	2.443	0
589	1857.876	1015.814	11.682	0.008	3001.771	6	-0.498	1.718	0
590	941.654	1016.132	12.070	0.018	3671.414	8	-3.137	2.668	0
591	1011.256	1016.312	8.021	0.008	3886.239	5	0.145	6.161	0
592	1445.906	1015.948	8.855	0.004	3240.45	5	-0.446	3.024	0
593	315.739	1020.755	11.182	0.015	3184.84	10	-2.812	4.077	0
594	438.768	1020.931	12.729	0.022	3141.279	7	-3.146	2.191	0
595	1759.549	1021.873	11.224	0.009	3106.184	7	-1.290	2.596	0
596	748.153	1023.898	12.071	0.019	3447.38	8	-3.253	2.870	0
597	982.121	1026.009	8.927	0.007	3714.501	5	-0.945	5.075	0
598	1036.613	1027.222	9.973	0.014	3650.93	8	-2.548	6.760	0
599	871.716	1028.614	12.056	0.025	3448.391	9	-4.588	3.771	0
600	1262.501	1029.170	8.252	0.009	3361.35	5	0.244	6.957	0
601	266.857	1031.854	11.560	0.016	3177.37	8	-2.963	3.565	0
602	1208.898	1032.161	13.018	0.020	3271.618	7	-2.300	1.592	0
603	1336.877	1033.314	11.901	0.016	3140.983	8	-2.609	2.875	0
604	1093.128	1035.162	9.651	0.013	3565.508	6	-2.299	7.030	0
605	725.062	1036.123	9.097	0.010	3529.135	5	-1.660	6.742	0
606	1693.747	1039.518	7.107	0.015	3701.791	5	1.908	13.898	0
607	434.275	1039.609	11.302	0.019	3192.247	9	-3.593	4.779	0
608	587.465	1040.508	11.073	0.019	3283.566	9	-3.601	5.363	0
609	839.380	1040.424	10.353	0.018	3380.647	7	-3.397	7.840	0
610	1808.597	1040.866	10.886	0.008	3054.67	7	-1.200	2.710	0
611	1466.901	1042.278	9.867	0.011	3170.2	5	-1.972	5.719	0
612	321.998	1043.419	10.546	0.016	3200.983	7	-2.905	6.335	0
613	1043.445	1043.042	9.320	0.010	3585.556	5	-1.817	6.555	0
614	1635.160	1042.270	13.026	0.016	3125.681	5	-0.893	1.376	0
615	1658.881	1044.399	12.115	0.011	3198.039	7	-0.926	1.702	0
616	359.420	1045.153	9.881	0.012	3219.624	7	-2.146	6.261	0
617	1097.472	1045.114	9.902	0.017	3736.217	11	-2.606	5.392	0
618	625.201	1047.347	13.062	0.020	3368.174	6	-2.071	1.541	0
619	418.706	1049.172	12.950	0.017	3162.919	5	-0.286	1.556	0
620	645.663	1049.068	10.133	0.018	3464.324	8	-3.396	8.184	0
621	1138.321	1049.415	10.465	0.017	3515.719	7	-3.192	6.793	0
622	1602.718	1048.693	10.551	0.011	3120.292	7	-1.926	4.199	0
623	1768.078	1049.777	12.512	0.012	3092.423	5	-0.796	1.530	0
624	97.904	1050.265	6.454	0.013	4926.454	5	0.956	12.603	0
625	924.955	1051.794	7.750	0.009	3674.019	5	-0.586	7.304	0
626	20.456	1051.344	8.855	0.009	3500.172	5	-0.026	6.596	0
627	808.710	1052.176	10.644	0.020	3369.254	10	-3.811	6.958	0
628	658.067	1053.176	10.243	0.018	3421.082	8	-3.381	7.914	0
629	601.337	1053.753	9.890	0.015	3369.639	7	-2.769	7.835	0
630	1179.294	1055.051	10.228	0.016	3360.887	7	-0.910	7.063	0
631	1416.958	1056.410	8.498	0.006	3235.676	5	0.048	4.600	0
632	762.044	1058.661	8.461	0.007	3466.107	4	-0.302	5.132	0
633	797.639	1057.525	12.029	0.019	3385.811	7	-2.446	3.359	0
634	515.798	1059.262	11.961	0.017	3215.323	8	-3.276	2.813	0
635	724.011	1059.773	13.009	0.020	3411.665	5	-1.585	1.693	0
636	286.862	1061.045	8.804	0.004	3251.153	5	-0.327	2.842	0
637	387.177	1060.687	11.314	0.019	3170.541	14	-3.491	4.376	0
638	1553.216	1061.482	12.101	0.014	3053.089	7	-1.982	2.309	0
639	1819.023	1062.748	13.216	0.019	3035.712	5	-0.411	1.407	0
#640	396.125	1058.403	15.409	0.140	3154.35	14	-5.941	1.481	0
641	884.063	1063.994	12.347	0.021	3440.626	8	-2.436	2.603	0
642	364.111	1064.906	12.215	0.015	3193.738	7	-1.961	2.162	0
643	489.758	1065.996	9.974	0.014	3262.656	7	-2.434	6.816	0
644	470.806	1067.886	11.629	0.015	3231.529	7	-1.385	3.224	0
645	1166.619	1071.468	8.334	0.009	3528.327	5	0.228	7.009	0
646	704.612	1074.469	11.938	0.020	3351.007	9	-3.715	3.229	0
647	1069.706	1074.978	9.434	0.014	3683.787	7	0.049	8.442	0
648	786.557	1077.390	9.016	0.011	3500.01	8	-0.479	6.848	0
649	1482.599	1077.329	12.436	0.013	3118.505	6	-1.336	1.649	0
650	1313.027	1078.337	11.403	0.019	3244.961	9	-3.644	4.423	0
651	1330.663	1079.482	10.345	0.014	3244.456	10	-2.383	5.425	0
652	419.865	1080.262	12.703	0.018	3152.753	8	-2.747	1.827	0
653	1669.522	1079.857	12.611	0.009	3219.294	5	-0.547	1.095	0
654	1759.974	1079.729	11.764	0.008	3076.899	7	-0.670	1.580	0
655	1997.079	1080.294	12.599	0.013	3025.406	5	0.704	1.532	0
656	200.318	1082.276	9.424	0.008	3252.81	5	-1.265	5.164	0
657	1383.815	1082.565	12.581	0.019	3218.935	8	-2.760	2.022	0
659	1103.055	1086.043	6.837	0.013	4290.395	6	-0.055	11.592	0
660	1245.487	1085.078	8.181	0.008	3402.274	5	-0.415	6.669	0
661	1853.355	1086.678	11.819	0.009	3032.684	6	-0.490	1.892	0
662	886.078	1087.675	8.244	0.008	3464.947	5	-0.234	6.404	0
663	537.512	1089.324	12.801	0.022	3275.877	8	-3.205	2.028	0
664	790.504	1092.631	9.216	0.009	3457.083	5	-1.239	5.788	0
665	1362.518	1092.378	12.096	0.014	3209.207	8	-1.563	2.126	0
666	1691.265	1092.618	12.640	0.012	3206.992	6	0.068	1.399	0
667	1437.707	1094.969	11.406	0.016	3197.372	9	-2.869	3.715	0
668	1340.878	1096.634	8.502	0.007	3349.437	6	0.270	4.947	0
669	1022.002	1097.170	8.891	0.007	3501.682	5	-0.828	4.872	0
670	19.739	1099.810	13.051	0.020	3357.796	5	0.263	1.644	0
671	113.732	1100.349	11.929	0.013	3489.651	7	-1.658	2.336	0
672	385.939	1099.440	10.464	0.016	3181.318	7	-2.778	6.476	0
673	1882.076	1100.637	9.565	0.006	3080.99	5	0.409	3.342	0
674	1615.090	1101.615	11.643	0.013	3155.527	10	-2.245	2.566	0
675	1418.185	1103.178	8.731	0.007	3300.388	5	-0.064	4.862	0
676	1716.514	1103.454	9.355	0.006	3216.861	6	0.472	3.582	0
677	578.498	1104.531	9.681	0.012	3332.344	9	-1.835	4.945	0
678	634.637	1105.013	10.223	0.016	3293.064	7	-2.959	7.424	0
679	859.529	1104.687	11.314	0.023	3383.213	9	-4.261	5.765	0
680	2009.672	1104.579	12.772	0.013	3014.498	5	0.044	1.404	0
681	564.950	1107.976	8.631	0.006	3386.997	5	-0.366	4.395	0
682	478.930	1110.949	8.297	0.005	3373.576	5	0.111	4.281	0
683	494.276	1114.281	8.973	0.007	3408.255	6	-1.102	4.153	0
684	529.644	1115.241	9.283	0.010	3341.179	5	-1.623	6.073	0
685	1606.683	1114.781	11.590	0.013	3169.378	7	-1.435	2.822	0
686	861.035	1115.673	11.151	0.024	3362.708	9	-4.510	6.480	0
687	1864.603	1118.002	9.602	0.005	3073.984	5	0.212	3.164	0
688	1170.651	1120.366	9.751	0.012	3349.818	5	-2.179	6.853	0
689	1518.462	1120.824	11.941	0.013	3091.639	7	-1.686	2.269	0
690	678.270	1124.633	9.780	0.014	3379.47	6	-2.461	7.433	0
691	828.117	1124.401	9.027	0.008	3396.969	5	-1.098	5.225	0
692	496.166	1123.964	9.808	0.014	3426.231	9	-1.684	3.369	0
693	140.485	1127.002	9.800	0.009	3312.927	5	-1.173	4.704	0
694	199.885	1126.423	10.487	0.012	3216.937	7	-2.119	4.870	0
695	32.210	1135.411	12.007	0.013	3308.238	7	-1.646	2.106	0
696	498.512	1136.476	10.228	0.015	3329.317	12	-1.783	5.484	0
697	679.046	1137.265	9.399	0.012	3394.704	6	-2.024	7.135	0
698	1101.477	1136.716	11.967	0.019	3434.953	9	-3.459	3.061	0
699	352.600	1138.115	8.256	0.006	3323.524	5	0.201	4.748	0
700	1203.541	1139.605	12.081	0.020	3292.885	8	-3.506	3.034	0
701	1023.050	1140.901	7.984	0.009	3549.286	5	-0.007	7.577	0
702	251.346	1141.212	9.465	0.009	3223.448	5	-1.345	5.285	0
703	1254.778	1141.720	12.308	0.015	3272.446	9	-2.215	1.830	0
704	1708.052	1142.178	9.973	0.007	3180.07	5	-1.034	3.414	0
705	798.716	1142.929	13.276	0.021	3371.039	5	-1.769	1.436	0
706	758.810	1146.183	7.931	0.010	3641.518	6	0.768	8.143	0
707	1246.944	1149.017	13.329	0.028	3306.64	6	-2.447	1.763	0
708	1560.228	1148.805	13.099	0.016	3140.486	6	-1.121	1.242	0
709	1591.767	1152.476	10.998	0.012	3210.818	8	-2.130	3.799	0
710	958.023	1151.999	13.228	0.023	3270.822	5	-2.363	1.559	0
711	915.549	1154.214	9.715	0.013	3304.739	5	-2.338	7.566	0
712	873.467	1155.384	13.044	0.030	3311.227	5	-3.808	2.437	0
713	74.639	1156.308	8.014	0.008	3416.547	5	1.036	6.637	0
714	724.227	1158.094	8.153	0.007	3664.976	7	-0.435	5.831	0
715	1571.332	1157.606	12.288	0.014	3208.142	7	-2.105	1.840	0
716	665.121	1158.212	12.531	0.020	3353.319	7	-2.168	2.220	0
717	1729.141	1158.346	10.905	0.011	3121.305	8	-1.780	3.493	0
718	386.467	1159.384	9.681	0.011	3225.957	6	-1.873	6.038	0
719	834.073	1159.942	8.581	0.008	3455.415	4	-0.799	5.632	0
#720	2024.710	1162.723	9.825	0.008	3006.085	11	0.896	4.397	0
721	228.630	1163.602	8.183	0.006	3325.801	5	0.566	4.940	0
722	342.126	1165.545	11.558	0.018	3209.783	9	-3.349	3.995	0
723	1832.563	1166.035	11.728	0.008	3001.674	5	-0.363	1.691	0
724	1206.148	1167.328	10.253	0.017	3338.031	7	-3.068	7.542	0
725	726.913	1167.888	9.415	0.013	3612.476	12	-1.361	2.982	0
726	1096.335	1176.419	15.984	0.280	3311.613	10	-25.176	1.747	0
727	1343.713	1172.774	11.404	0.020	3343.968	9	-3.758	4.890	0
728	855.237	1174.136	9.998	0.015	3385.935	6	-2.681	7.572	0
729	2018.826	1174.486	12.116	0.010	3009.619	9	0.772	1.650	0
730	101.298	1175.954	12.258	0.012	3273.845	6	-0.780	1.757	0
731	1653.629	1177.019	7.412	0.014	3660.129	5	1.679	12.608	0
732	1278.669	1177.172	8.821	0.007	3391.016	5	-0.766	4.760	0
733	526.615	1179.310	12.158	0.013	3311.104	8	-2.071	1.955	0
734	1596.744	1181.861	7.885	0.012	3389.938	5	1.227	9.574	0
735	499.145	1183.125	9.427	0.011	3309.994	6	-1.920	6.716	0
736	688.562	1185.440	9.125	0.009	3497.845	5	-1.449	6.085	0
737	772.551	1186.097	12.188	0.020	3427.777	8	-3.407	2.855	0
738	425.923	1190.160	7.968	0.007	3445.567	5	0.306	5.791	0
739	990.669	1190.141	11.439	0.021	3291.818	9	-4.115	4.758	0
740	1038.441	1189.396	12.334	0.021	3290.84	8	-3.642	2.641	0
741	1255.195	1191.499	7.967	0.010	3496.752	5	0.359	8.093	0
742	961.400	1193.951	9.202	0.010	3375.7	4	-1.722	6.746	0
743	93.197	1196.448	9.751	0.008	3276.013	5	-1.003	4.248	0
744	556.310	1198.001	8.283	0.006	3554.227	5	-0.076	4.619	0
745	1640.357	1197.458	12.294	0.023	3235.972	9	2.570	3.344	0
746	297.248	1198.509	10.530	0.014	3139.443	7	-2.460	5.524	0
747	1173.909	1200.265	7.816	0.011	3534.908	5	0.207	9.052	0
748	389.968	1199.899	11.084	0.018	3231.037	9	-3.343	5.211	0
749	1336.526	1200.499	10.902	0.016	3376.651	11	-2.804	4.599	0
750	1143.110	1200.971	13.166	0.022	3346.909	6	-1.874	1.558	0
751	765.667	1205.417	10.385	0.033	3434.643	12	2.348	13.469	0
752	536.174	1207.256	11.256	0.019	3295.74	9	-3.266	4.909	0
753	1837.049	1208.148	10.581	0.006	3040.958	5	-0.776	2.526	0
754	1752.277	1209.234	12.795	0.013	3040.7	5	-0.399	1.316	0
755	1192.941	1212.265	10.300	0.014	3397.485	7	-2.454	6.097	0
756	40.724	1212.731	9.010	0.005	3303.577	5	0.031	3.602	0
757	1390.053	1214.317	9.418	0.006	3943.305	5	-0.535	3.680	0
758	1344.809	1215.418	8.673	0.008	3659.67	5	-0.064	5.589	0
759	579.491	1216.687	8.154	0.009	3505.945	6	0.032	6.699	0
760	874.939	1215.926	11.341	0.018	3372.623	11	-2.187	2.908	0
761	454.904	1217.660	9.223	0.009	3330.619	6	-1.514	5.994	0
762	1420.212	1223.821	12.962	0.101	3735.595	50	12.364	8.535	0
763	768.635	1223.013	8.982	0.007	3508.279	5	-0.981	4.996	0
764	797.801	1225.238	8.155	0.009	3569.211	5	-0.001	7.563	0
765	948.350	1225.973	12.303	0.023	3369.285	7	0.341	2.853	0
#766	1959.754	1230.283	16.396	0.392	2983.735	8	-35.590	1.788	0
767	869.704	1229.086	8.485	0.009	3538.517	6	-0.720	6.453	0
768	311.805	1229.210	13.328	0.025	3106.521	5	-1.740	1.689	0
769	1761.049	1230.651	13.369	0.023	3033.011	6	-0.168	1.524	0
770	1112.475	1231.551	10.194	0.015	3394.904	6	-2.683	6.775	0
771	133.941	1232.979	9.181	0.005	3192.364	5	-0.451	3.288	0
772	589.081	1233.873	12.634	0.017	3400.858	8	0.079	1.821	0
773	512.404	1236.048	13.897	0.038	3270.185	5	-0.569	1.558	0
774	680.068	1236.469	7.957	0.009	3772.734	4	0.505	7.450	0
775	712.605	1236.543	11.766	0.026	3704.103	12	3.116	3.614	0
776	1640.317	1236.782	11.232	0.013	3166.478	8	-2.245	3.346	0
777	1938.459	1237.498	11.985	0.009	3016.571	5	-0.219	1.687	0
778	483.256	1239.403	10.075	0.013	3283.12	7	-2.363	6.263	0
779	737.146	1239.066	10.438	0.017	3544.06	8	-3.130	6.729	0
780	865.450	1240.400	8.164	0.008	3621.149	6	-0.359	6.711	0
781	1901.409	1243.998	12.185	0.011	3005.15	5	0.924	1.875	0
782	1227.735	1244.246	11.829	0.020	3304.647	8	-3.618	3.516	0
783	84.158	1247.656	13.500	0.023	3147.476	7	-0.702	1.287	0
784	953.028	1247.835	7.353	0.011	3607.059	5	-0.291	10.096	0
785	1403.488	1247.410	6.073	0.014	5845.026	6	0.833	12.797	0
786	701.943	1250.989	7.085	0.010	4118.951	5	-0.233	9.094	0
787	1182.908	1249.599	9.166	0.012	3368.844	7	-2.013	7.643	0
788	781.711	1253.771	15.482	0.156	3396.722	9	-11.443	1.498	0
789	1375.850	1251.730	7.988	0.006	4071.369	6	0.498	5.186	0
790	100.304	1252.376	11.620	0.013	3153.297	7	-2.024	2.830	0
791	401.443	1253.462	13.441	0.024	3275.224	8	-1.178	1.365	0
792	737.787	1253.446	11.503	0.020	3495.369	11	-3.837	4.093	0
793	1687.607	1253.790	8.111	0.009	3251.312	5	1.116	7.050	0
794	381.341	1255.669	8.759	0.004	3241.431	5	-0.484	2.780	0
795	624.954	1257.856	9.468	0.010	3521.22	7	-1.715	5.663	0
796	598.169	1258.803	9.324	0.009	3481.068	5	-1.442	5.497	0
797	1798.047	1258.874	10.005	0.012	3060.314	8	1.401	6.293	0
798	814.130	1262.494	13.112	0.031	3360.371	7	-4.497	2.302	0
799	849.772	1263.708	8.322	0.008	3473.031	5	0.563	6.356	0
800	489.951	1266.348	10.167	0.014	3297.625	7	-2.588	6.643	0
801	1117.886	1268.293	7.562	0.012	3727.049	5	0.352	10.541	0
802	420.679	1268.483	8.884	0.006	3367.979	5	-0.874	4.071	0
803	1088.097	1271.948	9.042	0.008	3564.065	4	-1.052	5.261	0
804	2034.169	1271.464	11.094	0.008	3021.645	7	-0.215	2.501	0
805	618.400	1274.395	9.532	0.011	3612.808	5	-2.045	6.690	0
806	753.579	1277.436	10.694	0.019	3387.492	7	-3.432	6.968	0
807	1769.544	1277.963	12.073	0.010	3030.306	5	-0.425	1.688	0
808	1042.617	1279.569	12.635	0.019	3308.51	7	-1.994	2.085	0
809	1272.760	1279.169	10.840	0.017	3344.892	8	-3.117	5.739	0
810	661.319	1280.897	7.813	0.009	3834.636	5	0.306	7.906	0
811	1064.325	1280.294	9.767	0.013	3458.944	8	-2.286	6.216	0
812	1302.828	1283.144	10.570	0.016	3361.534	7	-2.920	6.296	0
813	1373.506	1282.765	10.895	0.014	3756.133	7	-1.833	4.402	0
814	1753.101	1282.548	12.471	0.014	3030.108	5	-0.540	1.828	0
815	1415.448	1284.007	11.552	0.012	3671.461	8	-1.029	2.695	0
816	1801.521	1285.534	11.498	0.011	3035.096	7	-1.250	2.605	0
817	215.563	1287.871	8.945	0.007	3158.21	6	-0.769	5.011	0
818	1067.527	1289.166	9.202	0.010	3548.687	8	-1.739	5.464	0
819	2021.541	1290.534	13.092	0.018	2986.764	7	-0.087	1.479	0
820	928.445	1291.243	9.335	0.021	3375.899	8	0.920	13.227	0
821	250.983	1292.337	9.381	0.006	3153.326	5	-0.886	3.763	0
822	481.309	1292.758	8.758	0.004	3326.964	4	-0.222	2.883	0
823	618.382	1293.852	12.326	0.015	3452.52	8	-1.143	1.889	0
824	1694.330	1296.402	15.513	0.163	3085.53	8	-14.669	1.630	0
825	673.167	1295.858	11.483	0.015	3816.072	10	-1.987	3.162	0
826	549.246	1298.384	10.290	0.013	3371.764	7	-2.313	5.640	0
827	1852.035	1298.852	9.193	0.008	3055.666	5	0.893	5.431	0
828	427.110	1300.534	8.247	0.007	3343.764	5	0.499	5.175	0
829	741.065	1301.590	13.259	0.023	3379.535	6	-2.041	1.542	0
830	955.013	1307.512	14.958	0.112	3315.242	7	-5.286	1.756	0
831	1063.101	1304.631	8.840	0.008	3476.654	5	-0.815	5.499	0
832	1357.553	1305.420	11.311	0.018	3561.792	12	-3.153	3.377	0
833	1025.881	1307.256	11.584	0.017	3288.174	11	-3.179	3.674	0
834	197.600	1311.669	13.036	0.025	3113.098	5	-3.000	2.084	0
835	924.485	1311.297	11.531	0.020	3285.75	10	-3.618	4.103	0
836	568.006	1313.669	8.005	0.008	3533.601	5	0.112	6.410	0
837	978.151	1313.832	9.056	0.010	3340.449	5	-1.468	6.480	0
838	1265.413	1313.956	8.483	0.009	3411.392	6	-0.085	6.833	0
839	1305.373	1311.737	13.145	0.024	3370.578	6	-2.369	1.730	0
840	1367.367	1313.800	9.659	0.009	3631.797	5	-1.596	5.130	0
841	1429.713	1314.796	12.625	0.023	3437.201	5	-2.919	2.557	0
842	1752.813	1316.106	11.206	0.011	3058.646	7	-1.502	3.091	0
843	110.716	1318.338	11.673	0.010	3059.802	9	-1.240	1.962	0
844	1621.932	1319.292	12.221	0.010	3071.775	7	-0.928	1.515	0
845	1076.822	1323.028	8.483	0.009	3529.306	5	-0.325	6.669	0
846	945.347	1324.132	11.244	0.020	3302.41	9	-3.882	5.368	0
847	1266.843	1323.848	8.448	0.008	3494.096	6	0.181	5.496	0
848	668.042	1327.810	8.277	0.009	3895.838	10	1.239	5.366	0
849	680.899	1328.238	8.191	0.008	3721.816	6	0.036	6.405	0
850	1145.239	1328.437	9.169	0.009	3453.622	5	-1.289	5.972	0
851	1019.680	1329.682	12.272	0.020	3311.564	8	-3.204	2.743	0
852	1097.099	1329.817	8.991	0.008	3487.096	6	-0.874	5.365	0
853	1473.523	1330.079	8.774	0.006	3358.94	5	0.119	4.498	0
854	572.835	1332.478	12.128	0.017	3373.543	8	0.669	2.809	0
855	531.966	1334.281	9.275	0.008	3303.089	5	-1.318	5.153	0
856	81.051	1335.678	11.095	0.011	3117.088	7	-1.625	3.298	0
857	1352.126	1338.138	8.452	0.009	3562.226	5	0.268	6.656	0
858	648.702	1338.867	8.725	0.008	3833.995	8	0.723	5.879	0
859	818.580	1340.518	10.416	0.017	3256.852	7	-3.066	7.066	0
860	623.526	1348.149	8.392	0.007	3656.32	5	0.162	5.154	0
861	1024.671	1347.503	11.948	0.017	3338.168	11	-2.951	2.647	0
862	47.657	1348.896	10.627	0.011	3131.674	5	-0.321	4.408	0
863	852.069	1348.812	10.229	0.016	3277.711	7	-2.881	7.349	0
864	1447.821	1349.009	9.979	0.011	3283.714	6	-1.792	5.451	0
865	238.798	1349.746	9.218	0.005	3146.564	5	-0.391	2.949	0
866	1387.336	1351.934	11.633	0.016	3295.781	7	-2.498	3.274	0
867	1314.050	1352.999	8.991	0.007	3374.863	5	-0.429	5.019	0
868	1054.289	1353.812	8.937	0.018	3476.508	9	1.452	11.823	0
869	1102.154	1355.392	13.120	0.021	3386.236	6	-0.107	1.590	0
870	1004.286	1355.934	12.232	0.019	3291.357	8	-3.462	2.693	0
871	1037.054	1356.482	10.116	0.015	3444.786	7	-1.395	7.106	0
872	503.184	1360.443	9.428	0.008	3228.231	6	-1.293	4.820	0
873	707.087	1360.583	10.847	0.020	3456.659	8	-3.546	6.472	0
874	1807.524	1362.020	9.656	0.006	3072.876	5	0.070	3.716	0
875	88.736	1362.712	12.746	0.011	3095.994	6	-0.623	1.181	0
876	1780.242	1367.531	12.321	0.011	3030.902	5	0.011	1.653	0
877	1069.113	1369.046	12.295	0.017	3400.478	8	-2.825	2.290	0
878	280.192	1369.339	12.779	0.017	3084.545	6	-1.516	1.739	0
879	1038.113	1372.540	11.207	0.019	3384.216	11	-3.533	4.772	0
880	1235.999	1372.692	8.955	0.008	3364.246	5	-0.362	5.437	0
881	1363.990	1373.091	12.246	0.015	3266.632	8	-1.968	2.096	0
882	246.697	1378.870	11.790	0.015	3112.134	7	-1.174	3.147	0
883	619.086	1381.200	8.287	0.006	3580.237	5	0.028	4.709	0
884	1191.852	1381.173	10.716	0.015	3363.003	8	-2.667	5.351	0
885	710.226	1381.691	12.900	0.022	3459.515	13	-2.706	1.513	0
886	763.802	1382.473	8.921	0.008	3420.688	5	-1.187	5.379	0
887	1164.941	1382.644	7.877	0.012	3698.375	5	0.432	9.911	0
888	1725.332	1383.514	8.419	0.010	3180.646	6	1.214	7.796	0
889	935.874	1384.095	9.351	0.011	3391.49	5	-1.700	6.649	0
890	1287.086	1384.155	9.017	0.007	3318.074	5	-0.835	4.950	0
891	583.192	1385.917	9.296	0.008	3359.821	5	-1.251	4.903	0
892	723.465	1385.334	9.533	0.011	3467.987	6	-1.979	6.745	0
893	826.961	1385.830	12.879	0.018	3352.256	5	-1.934	1.679	0
894	1137.723	1387.379	7.734	0.011	3709.71	6	0.830	9.412	0
895	658.726	1386.557	10.343	0.016	3499.568	7	-2.939	6.806	0
897	1006.049	1388.201	11.475	0.019	3324.146	8	-3.622	4.288	0
898	958.805	1389.517	8.369	0.009	3468.977	5	0.071	6.921	0
899	137.639	1392.885	9.639	0.006	3146.553	7	-0.805	3.657	0
900	1690.791	1393.780	9.756	0.007	3145.284	5	-0.400	3.909	0
901	1443.405	1395.297	11.113	0.015	3232.895	9	-2.689	4.124	0
902	149.436	1396.221	10.414	0.013	3137.027	11	-1.966	3.694	0
903	1147.407	1396.465	7.863	0.012	3792.609	6	1.101	10.050	0
904	1239.073	1395.848	9.550	0.010	3323.123	4	-1.527	5.800	0
905	736.535	1397.485	11.666	0.018	3463.635	12	-3.242	3.152	0
906	1171.251	1396.788	9.558	0.008	3481.647	8	-0.892	3.972	0
907	532.288	1397.937	11.554	0.017	3188.465	8	-3.052	3.784	0
908	206.035	1399.516	12.714	0.018	3088.646	6	-2.103	1.917	0
909	458.619	1398.332	12.438	0.017	3111.166	7	-1.974	2.153	0
910	903.018	1399.281	12.498	0.023	3322.004	8	-3.821	2.669	0
911	2018.818	1402.250	12.687	0.030	2962.847	8	2.748	3.406	0
912	607.492	1402.352	10.392	0.014	3362.888	7	-2.386	5.906	0
913	770.522	1409.015	8.417	0.007	3751.436	6	-0.209	5.675	0
914	661.779	1412.665	13.328	0.020	3384.446	6	-0.373	1.307	0
915	966.550	1411.619	12.706	0.017	3385.536	7	-0.751	1.787	0
916	743.044	1414.136	9.037	0.007	3465.349	5	-0.965	4.767	0
917	285.690	1415.382	12.242	0.012	3063.862	7	-1.322	1.787	0
918	435.292	1415.003	12.908	0.014	3110.578	5	-0.960	1.346	0
919	1055.316	1416.067	8.094	0.011	3515.023	5	0.072	8.630	0
920	490.956	1417.592	13.192	0.030	3156.232	7	-3.411	2.175	0
921	1382.520	1416.621	9.452	0.009	3227.516	4	-1.147	5.291	0
922	791.132	1417.745	11.341	0.016	3437.737	13	-1.601	3.165	0
923	702.357	1419.227	8.462	0.006	3427.012	5	-0.175	4.943	0
925	657.957	1421.738	12.574	0.020	3339.375	9	-2.946	2.116	0
926	977.603	1421.758	12.080	0.016	3411.751	7	-2.619	2.369	0
927	1811.420	1420.832	13.480	0.027	3002.943	5	0.154	1.635	0
928	298.003	1422.780	13.136	0.021	3084.837	8	-2.348	1.611	0
929	833.792	1423.893	8.642	0.010	3569.542	6	0.029	7.365	0
930	758.676	1427.887	11.285	0.015	3343.616	8	-1.604	3.706	0
931	538.866	1429.402	12.636	0.016	3171.19	6	-1.404	1.810	0
932	560.584	1428.792	12.658	0.018	3220.132	7	-1.875	1.909	0
933	54.765	1429.860	9.465	0.006	3199.635	5	-0.014	3.459	0
934	1901.558	1432.505	13.183	0.018	2979.277	6	-1.387	1.356	0
935	1314.090	1432.205	12.295	0.014	3210.182	9	-1.627	1.785	0
936	1348.359	1431.943	11.756	0.015	3193.573	8	-2.780	3.006	0
937	1294.859	1432.519	8.703	0.008	3274.465	4	-0.197	5.795	0
938	1403.442	1432.412	12.878	0.014	3245.601	5	-0.961	1.335	0
939	788.416	1433.427	7.702	0.009	3722.106	6	0.210	8.056	0
940	1809.124	1433.867	13.538	0.026	2990.717	5	-1.447	1.525	0
941	861.614	1434.784	7.934	0.010	3566.53	5	0.088	8.383	0
942	1730.078	1436.297	9.532	0.008	3120.623	5	-0.219	4.948	0
943	671.077	1436.632	10.181	0.015	3361.746	7	-2.591	6.736	0
944	995.931	1437.232	12.634	0.017	3387.408	7	-1.643	1.844	0
945	386.095	1439.051	11.410	0.014	3080.863	9	-2.629	3.365	0
946	1020.851	1440.263	8.443	0.009	3455.116	5	0.061	6.874	0
947	1164.102	1440.779	12.900	0.038	3368.916	7	3.708	3.478	0
948	685.558	1444.443	11.935	0.019	3358.686	10	-3.331	3.060	0
949	463.864	1446.111	12.841	0.016	3128.834	6	-1.775	1.560	0
950	890.373	1446.423	10.297	0.015	3443.857	6	-2.587	6.516	0
951	157.212	1447.124	13.112	0.021	3105.256	5	0.159	1.713	0
952	1429.755	1448.369	11.845	0.018	3328.175	10	0.771	3.347	0
953	1516.978	1449.632	13.362	0.025	3208.741	6	-0.940	1.621	0
954	1149.442	1451.648	10.891	0.018	3426.53	10	-3.072	5.407	0
955	1663.108	1453.305	10.952	0.012	3154.195	7	-1.575	3.743	0
956	808.260	1453.425	9.252	0.010	3489.752	5	-1.606	6.488	0
957	963.682	1454.066	8.443	0.009	3532.286	7	-0.091	4.651	0
958	949.593	1453.896	7.683	0.012	3696.028	5	0.388	10.213	0
959	1596.764	1456.604	6.902	0.015	3834.557	6	1.549	13.907	0
960	285.014	1457.584	13.071	0.018	3096.988	5	-1.585	1.479	0
961	1135.546	1458.500	10.240	0.013	3319.299	12	-2.116	4.186	0
962	333.636	1459.597	10.299	0.010	3097.949	7	-1.880	4.514	0
963	1444.160	1461.691	7.246	0.015	3715.745	7	1.600	13.477	0
964	1488.613	1462.013	8.623	0.008	3329.449	5	0.269	5.993	0
965	838.928	1463.161	10.259	0.014	3420.603	8	-2.555	6.253	0
966	1718.282	1468.685	15.861	0.233	3078.209	9	-21.999	1.696	0
967	224.628	1466.157	11.052	0.014	3104.898	8	-2.443	4.353	0
968	619.892	1465.692	9.958	0.013	3311.227	6	-2.281	6.456	0
969	872.214	1465.558	12.703	0.020	3432.154	8	-2.677	1.929	0
970	1657.843	1466.823	11.188	0.012	3167.298	9	-1.688	3.318	0
971	1144.524	1467.505	9.053	0.008	3401.594	7	-0.717	5.663	0
972	686.802	1468.498	12.621	0.016	3296.346	7	-2.170	1.751	0
973	1203.346	1471.184	10.043	0.010	3303.938	6	-1.694	5.113	0
974	412.872	1475.005	11.411	0.013	3109.174	8	-2.075	3.042	0
975	373.866	1475.487	11.009	0.015	3127.538	8	-2.657	4.650	0
976	1286.664	1476.071	12.484	0.014	3136.379	7	-1.555	1.767	0
977	630.587	1476.854	11.311	0.016	3310.179	10	-2.957	3.680	0
978	435.929	1477.639	11.943	0.010	3125.382	8	-1.442	1.795	0
979	737.866	1477.843	9.990	0.014	3317.079	5	-2.434	7.122	0
980	857.072	1481.559	9.535	0.011	3408.65	5	-1.630	6.280	0
981	231.060	1485.198	12.825	0.014	3102.912	4	-0.599	1.402	0
982	1354.637	1488.249	11.959	0.015	3149.085	7	-1.981	2.611	0
983	728.588	1491.154	12.644	0.019	3268.095	8	-0.843	2.012	0
984	336.422	1492.491	12.195	0.013	3112.853	9	-1.479	2.005	0
985	411.108	1491.948	11.319	0.013	3135.158	8	-2.246	3.279	0
986	909.770	1491.634	8.170	0.011	3481.022	5	0.459	8.516	0
987	1178.905	1492.283	8.469	0.010	3409.637	5	0.380	7.429	0
988	347.405	1494.234	11.014	0.015	3130.865	12	-2.795	3.785	0
989	1379.816	1493.648	11.714	0.015	3138.484	8	-2.056	3.118	0
990	643.978	1496.367	12.599	0.014	3314.389	7	-1.680	1.547	0
991	1740.384	1498.531	9.493	0.009	3071.026	6	0.378	5.585	0
992	340.048	1499.620	11.659	0.018	3125.88	12	-2.950	2.615	0
993	457.277	1501.439	10.640	0.012	3128.988	7	-1.785	4.563	0
994	1087.999	1502.130	11.542	0.019	3217.51	9	-3.229	4.317	0
995	226.139	1504.590	12.362	0.014	3116.286	6	-1.223	1.962	0
996	761.243	1504.625	12.177	0.016	3264.809	8	-2.261	2.350	0
997	279.852	1507.239	12.418	0.014	3097.89	6	-1.813	1.822	0
998	165.458	1508.732	9.528	0.005	3233.644	7	-0.432	2.819	0
999	1139.785	1514.142	12.144	0.013	3297.833	12	-0.691	1.873	0
1000	1171.081	1516.965	12.056	0.017	3355.291	7	-1.347	2.686	0
1001	615.011	1518.703	7.939	0.013	3443.772	5	0.568	11.128	0
1002	1288.399	1518.873	10.251	0.013	3146.346	6	-2.149	5.879	0
1003	646.230	1519.947	13.133	0.022	3309.262	5	-0.767	1.672	0
1004	188.641	1521.234	8.586	0.007	3188.275	5	0.813	4.920	0
1005	696.913	1525.576	15.766	0.245	3279.601	10	-18.615	1.837	0
1006	963.799	1523.423	10.378	0.014	3322.396	6	-2.518	6.069	0
1007	1863.746	1523.695	9.771	0.009	3018.259	6	0.676	5.071	0
1008	1197.794	1525.078	9.840	0.010	3346.698	8	-1.263	4.693	0
1009	138.282	1527.524	8.423	0.009	3239.751	5	1.292	6.587	0
1010	493.332	1528.097	10.946	0.013	3178.444	9	-2.354	4.059	0
1011	1144.475	1528.884	8.403	0.010	3457.147	6	0.486	8.007	0
1012	707.544	1531.263	13.100	0.016	3291.231	4	-0.691	1.272	0
1013	944.449	1531.707	11.802	0.020	3324.99	9	-3.724	3.579	0
1014	530.375	1534.042	11.266	0.014	3191.957	10	-2.394	3.379	0
1015	870.377	1535.200	11.484	0.019	3306.051	9	-3.476	4.366	0
1016	515.220	1537.932	9.848	0.009	3207.834	6	-1.543	4.845	0
1017	1686.522	1538.826	11.228	0.012	3043.626	6	-1.244	3.336	0
1018	980.177	1540.130	8.300	0.010	3452.232	5	0.278	8.133	0
1019	1094.214	1540.584	11.802	0.016	3276.549	8	-2.293	2.984	0
1020	836.952	1541.058	9.995	0.012	3397.827	7	-2.073	5.994	0
1021	911.701	1540.472	10.173	0.013	3289.521	6	-2.224	6.149	0
1022	1203.741	1541.574	7.849	0.028	3376.682	5	2.626	23.510	0
1023	65.001	1542.744	12.789	0.012	3110.319	5	-0.287	1.206	0
1024	1506.449	1541.354	12.457	0.012	3131.441	7	-0.717	1.603	0
1025	1924.723	1542.850	9.819	0.011	3059.71	8	1.168	5.212	0
1026	1916.476	1544.785	9.376	0.011	3060.857	14	0.806	3.367	0
1027	339.851	1546.049	10.410	0.011	3097.149	7	-1.866	4.481	0
1028	994.413	1546.445	10.510	0.014	3370.54	11	-2.242	4.444	0
1029	628.383	1546.927	12.228	0.017	3335.379	7	-2.182	2.488	0
1030	1658.411	1547.128	12.032	0.010	3014.382	6	-0.365	1.653	0
1031	118.544	1549.667	11.633	0.009	3140.638	7	-0.949	2.032	0
1032	1347.427	1550.356	11.049	0.015	3112.362	7	-2.380	4.688	0
1033	1494.256	1550.275	11.387	0.012	3100.938	8	-1.466	3.018	0
1034	1176.600	1551.924	12.880	0.020	3299.226	5	-0.554	1.860	0
1035	599.139	1554.330	8.792	0.006	3382.433	5	-0.242	4.416	0
1036	825.565	1554.701	9.406	0.010	3448.647	8	-1.109	5.610	0
1037	1005.368	1559.247	9.794	0.012	3342.743	5	-1.654	6.336	0
1038	1109.183	1558.338	13.041	0.025	3306.459	9	0.909	1.840	0
1039	832.060	1562.051	8.197	0.009	3472.208	8	0.143	7.172	0
1040	476.083	1563.456	11.326	0.015	3141.852	4	-2.297	4.231	0
1041	709.307	1563.518	9.454	0.009	3346.885	5	-1.352	5.430	0
1042	688.334	1567.345	9.726	0.013	3380.047	5	0.532	7.451	0
1043	1364.201	1567.127	10.172	0.012	3158.561	5	-1.496	5.762	0
1044	1433.538	1568.568	12.848	0.019	3134.408	4	-1.601	1.862	0
1045	21.838	1572.104	9.875	0.006	3190.251	5	0.201	3.358	0
1046	187.065	1571.823	11.261	0.010	3096.532	8	-1.412	2.692	0
1047	467.905	1576.413	15.221	0.120	3172.761	12	-11.668	1.494	0
1048	1548.844	1573.356	9.938	0.010	3126.867	4	-1.050	5.168	0
1049	419.817	1574.926	9.275	0.008	3178.002	7	-1.069	5.005	0
1050	1739.197	1575.347	9.487	0.010	3071.642	5	-0.010	6.346	0
1051	449.115	1580.284	10.190	0.009	3166.044	7	-1.531	4.301	0
1052	1110.513	1579.872	8.134	0.014	3422.079	6	1.313	11.488	0
1053	1598.940	1581.187	11.256	0.012	3045.01	6	-1.353	3.478	0
1054	1501.774	1583.953	10.033	0.011	3087.747	4	-1.020	5.683	0
1055	1303.020	1585.244	12.960	0.020	3105.632	6	-2.062	1.762	0
1056	886.413	1585.755	12.257	0.017	3286.485	8	-2.163	2.342	0
1057	1199.074	1585.628	10.287	0.012	3241.534	6	-2.023	5.410	0
1058	938.913	1587.144	9.432	0.010	3336.509	5	-1.107	6.174	0
1059	308.691	1590.374	12.872	0.014	3109.793	5	-0.105	1.310	0
1060	536.870	1589.341	11.467	0.015	3164.919	9	-2.672	3.423	0
1061	611.464	1589.980	10.051	0.010	3285.985	8	-1.795	4.920	0
1062	1037.588	1589.535	12.862	0.020	3227.875	5	-0.823	1.858	0
1063	1251.082	1589.758	12.433	0.020	3154.358	8	0.740	2.476	0
1064	1389.419	1591.850	8.167	0.014	3300.589	7	0.969	11.172	0
1065	1245.926	1595.037	12.636	0.014	3165.576	8	-0.726	1.493	0
1066	129.711	1596.108	13.289	0.022	3106.098	4	0.159	1.505	0
1067	384.666	1596.789	9.346	0.005	3183.599	5	-0.566	3.266	0
1068	670.250	1599.033	7.933	0.011	3546.12	6	0.953	9.010	0
1070	109.353	1597.909	12.740	0.013	3104.14	6	-0.588	1.411	0
1071	752.181	1597.921	10.725	0.015	3291.27	8	-2.542	5.114	0
1072	712.007	1600.302	12.501	0.016	3359.723	5	-1.342	1.902	0
1073	1609.368	1602.516	13.886	0.038	3016.069	5	-1.422	1.613	0
1074	285.412	1601.700	9.543	0.006	3135.749	5	-0.669	3.338	0
1075	39.212	1602.761	12.840	0.017	3166.397	4	0.576	1.682	0
1076	79.263	1602.740	10.635	0.006	3141.639	7	-0.509	2.156	0
1077	1444.050	1602.740	10.882	0.014	3176.069	6	-2.082	4.701	0
1078	1405.813	1605.694	11.990	0.015	3231.786	7	0.403	2.631	0
1079	396.110	1606.561	11.212	0.012	3159.137	11	-1.948	2.896	0
1080	937.060	1609.415	8.638	0.009	3399.961	5	0.243	6.482	0
1081	444.720	1611.229	12.665	0.015	3138.335	6	-1.011	1.633	0
1082	1469.905	1614.409	11.585	0.016	3082.779	6	0.937	3.739	0
1083	1038.857	1618.608	12.146	0.016	3211.183	7	-1.936	2.373	0
1084	1533.723	1622.479	13.121	0.018	3007.897	7	-1.285	1.354	0
1085	64.826	1623.649	10.534	0.005	3200.027	6	-0.292	1.850	0
1086	1279.848	1623.840	9.953	0.011	3104.548	4	-1.449	5.868	0
1087	38.555	1625.069	9.635	0.007	3229.685	5	0.666	4.193	0
1088	312.284	1624.619	12.352	0.012	3072.455	6	-1.474	1.728	0
1089	1423.747	1626.762	8.176	0.014	3268.663	7	1.489	11.015	0
1090	683.798	1628.201	9.428	0.010	3431.288	5	-0.512	6.238	0
1091	1325.228	1628.335	11.653	0.013	3110.233	8	-2.169	2.800	0
1092	1149.597	1629.122	9.018	0.009	3371.107	4	-0.401	6.173	0
1093	780.575	1630.694	11.210	0.014	3335.814	7	-1.640	3.715	0
1094	1356.785	1634.534	12.515	0.015	3069.791	5	-0.676	1.952	0
1095	550.080	1638.108	11.611	0.013	3212.574	8	-2.083	2.696	0
1096	724.032	1638.025	9.008	0.008	3447.045	5	-0.401	5.741	0
1097	741.950	1640.611	11.914	0.012	3406.542	10	-1.676	1.896	0
1098	1167.927	1642.347	12.888	0.019	3238.437	5	0.215	1.803	0
1099	1141.611	1646.365	11.826	0.018	3329.052	8	0.628	3.376	0
1100	55.355	1646.095	8.557	0.011	3232.824	5	1.705	8.086	0
1101	1321.188	1647.142	13.210	0.020	3116.262	5	-1.625	1.490	0
1102	188.428	1647.973	13.519	0.021	3088.134	5	-0.086	1.201	0
1103	985.271	1653.449	11.646	0.018	3224.051	8	-3.200	3.684	0
1104	487.940	1655.221	12.935	0.016	3156.926	5	-0.686	1.485	0
1105	1124.743	1656.915	11.068	0.016	3423.302	7	-2.263	4.689	0
1106	689.679	1659.396	10.795	0.015	3412.529	7	-2.768	5.301	0
1107	1202.946	1660.427	10.896	0.014	3182.211	6	-1.681	4.689	0
1108	771.967	1663.790	8.422	0.009	3532.942	6	0.400	7.204	0
1109	874.460	1665.606	10.939	0.015	3388.719	8	-2.625	4.637	0
1110	1163.096	1664.553	11.724	0.014	3245.381	8	-1.938	2.814	0
1111	246.603	1666.883	10.827	0.009	3092.833	8	-1.317	2.951	0
1112	1088.206	1668.433	8.153	0.012	3548.54	7	1.148	9.536	0
1113	1535.474	1670.449	12.216	0.011	3007.033	7	-1.064	1.635	0
1114	349.589	1671.008	11.310	0.012	3121.733	8	-1.736	3.039	0
1115	1732.475	1671.160	11.427	0.011	3003.521	5	-0.192	2.846	0
1116	892.583	1671.516	9.480	0.011	3411.299	5	-1.346	6.379	0
1117	1100.585	1672.626	7.267	0.016	3847.236	7	1.123	13.784	0
1118	1465.159	1671.717	11.525	0.011	3030.394	7	-0.828	2.669	0
1119	1862.445	1674.141	10.012	0.012	3012.598	5	0.681	6.026	0
1120	12.593	1675.782	12.384	0.012	3102.237	8	0.772	1.643	0
1121	1019.852	1675.712	12.501	0.015	3266.03	8	-1.887	1.707	0
1122	775.571	1677.078	10.550	0.012	3444.716	11	-1.570	3.523	0
1123	1224.738	1677.886	8.356	0.012	3301.347	6	1.002	9.636	0
1124	944.638	1679.496	9.825	0.012	3326.911	6	-1.697	6.185	0
1125	584.168	1681.020	9.174	0.007	3358.408	5	-0.555	4.264	0
1126	834.133	1680.891	8.389	0.010	3529.973	5	0.568	7.685	0
1127	165.032	1681.359	10.151	0.005	3122.737	6	-0.214	2.329	0
1128	1827.976	1683.054	10.374	0.011	3010.125	5	0.031	4.980	0
1129	1903.189	1685.500	10.043	0.011	3031.167	6	0.795	5.804	0
1130	413.416	1687.439	10.233	0.028	3196.448	11	3.368	12.834	0
1131	199.965	1688.951	8.888	0.007	3145.009	5	0.856	5.037	0
1132	1405.779	1690.817	13.338	0.026	3053.75	6	-1.610	1.719	0
1133	124.271	1694.074	12.879	0.013	3085.489	6	0.489	1.242	0
1134	1332.155	1694.770	10.466	0.012	3081.528	5	-1.421	5.178	0
1135	1641.549	1695.151	10.619	0.011	3004.922	5	-0.825	4.264	0
1136	933.208	1695.635	9.887	0.010	3325.662	4	-1.189	5.451	0
1137	654.193	1696.990	10.047	0.009	3397.508	5	-1.268	4.467	0
1138	1021.127	1697.294	12.323	0.014	3288.999	7	-1.832	1.973	0
1139	1093.756	1701.293	12.687	0.016	3443.256	8	-0.483	1.644	0
1140	475.850	1701.082	12.804	0.013	3206.886	6	-0.502	1.335	0
1141	40.894	1704.055	13.201	0.024	3067.351	6	1.675	1.820	0
1142	1527.840	1706.867	12.586	0.012	2997.431	5	-0.368	1.421	0
1143	1015.917	1709.706	12.231	0.018	3252.336	7	-2.071	2.567	0
1144	805.195	1713.643	10.106	0.010	3504.813	5	-1.497	4.735	0
1145	1692.143	1714.552	8.817	0.015	3043.14	7	1.972	10.855	0
1146	348.539	1715.128	9.328	0.005	3169.473	5	-0.166	3.280	0
1147	1102.560	1716.050	9.846	0.011	3327.627	4	-1.042	5.807	0
1148	956.417	1718.313	12.839	0.019	3276.822	6	-2.436	1.749	0
1149	1152.245	1719.034	11.762	0.015	3183.742	7	-2.005	3.070	0
1150	284.108	1719.517	12.417	0.012	3095.661	6	-0.605	1.584	0
1151	542.816	1718.771	12.444	0.013	3369.778	5	-0.979	1.581	0
1152	1051.752	1726.886	11.911	0.014	3283.508	7	-1.777	2.533	0
1153	924.781	1729.372	12.127	0.013	3369.742	7	-1.543	1.956	0
1154	1466.372	1729.592	12.067	0.010	3008.869	5	-0.424	1.800	0
1155	1329.017	1731.478	11.962	0.041	3129.722	7	6.087	7.708	0
1156	861.454	1736.145	12.357	0.016	3492.29	9	0.359	2.208	0
#1157	1844.627	1739.000	15.916	0.254	2986.631	10	-23.410	1.789	0
1158	396.925	1737.393	9.426	0.005	3247.856	6	-0.392	3.165	0
1159	725.634	1737.633	10.546	0.013	3570.763	6	-2.169	5.187	0
1160	1929.170	1743.432	15.397	0.173	2986.859	10	-16.229	1.940	0
1161	1524.753	1741.549	12.015	0.011	2989.211	5	-0.298	2.064	0
1162	1629.477	1741.044	11.870	0.014	2980.494	5	-0.661	2.765	0
1163	1732.590	1740.756	11.905	0.012	2977.544	5	0.157	2.300	0
1164	1974.783	1739.126	13.033	0.017	2953.946	6	1.105	1.495	0
1165	763.603	1741.810	11.537	0.017	3609.33	10	-2.868	3.382	0
1166	1368.250	1743.818	12.114	0.014	3070.135	5	-0.936	2.276	0
1167	872.443	1745.955	11.742	0.014	3517.022	9	0.163	2.535	0
1168	1033.116	1748.097	9.044	0.009	3318.235	4	-0.277	6.123	0
1169	855.046	1749.471	9.550	0.009	3676.06	10	-0.709	4.261	0
1170	99.449	1754.013	8.808	0.015	3198.119	7	2.993	10.338	0
1171	115.674	1754.003	8.407	0.012	3227.937	6	1.837	9.456	0
1172	761.578	1756.414	10.459	0.012	3709.049	5	-1.796	4.897	0
1173	716.109	1757.495	12.637	0.017	3691.737	5	-1.514	1.806	0
1174	687.287	1762.112	11.201	0.015	3639.257	8	-2.373	3.904	0
1175	861.823	1762.133	8.230	0.013	3854.157	6	0.985	9.890	0
1176	1315.978	1761.959	10.543	0.013	3066.717	5	-1.473	5.159	0
1177	141.403	1764.255	10.853	0.007	3123.715	5	-0.061	2.418	0
1178	1397.058	1772.459	9.329	0.012	3104.246	5	0.227	7.400	0
#1179	316.813	1769.637	15.522	0.118	3113.514	15	1.138	1.154	0
1180	1883.636	1772.860	11.290	0.010	3009.889	5	0.390	2.990	0
1181	1684.956	1773.795	11.816	0.010	3006.915	6	0.368	2.137	0
1182	523.856	1776.174	8.578	0.013	3895.832	6	0.564	7.797	0
1183	1338.111	1776.218	12.454	0.012	3062.124	5	-0.681	1.524	0
1184	875.389	1777.216	10.153	0.009	3806.618	6	-0.871	4.087	0
1185	377.971	1777.204	8.270	0.010	3318.37	5	1.290	8.134	0
1186	224.176	1778.880	11.237	0.007	3070.769	6	-0.244	2.038	0
1187	545.191	1779.279	10.091	0.006	3572.161	9	-0.559	2.997	0
1188	886.339	1782.450	9.710	0.011	3714.473	8	-0.853	4.877	0
1189	942.737	1787.047	15.770	0.196	3395.663	8	-3.342	1.463	0
1190	1692.595	1783.319	12.017	0.014	3005.77	6	0.104	2.451	0
1191	518.242	1782.508	7.499	0.015	3958.839	8	1.454	6.140	0
1192	485.507	1785.215	10.693	0.011	3476.986	6	-1.788	3.931	0
1193	1250.313	1784.803	12.287	0.014	3115.656	5	-0.773	2.029	0
1194	1274.106	1784.655	10.117	0.012	3107.585	4	-1.123	6.147	0
1195	1386.568	1784.862	11.245	0.013	3042.897	9	-1.076	3.405	0
1196	556.456	1785.670	11.570	0.012	3521.728	9	-1.528	2.568	0
1197	664.866	1785.888	9.526	0.008	3734.523	5	-0.482	4.409	0
1198	1859.643	1785.892	10.291	0.012	3037.987	6	0.741	5.461	0
1199	587.836	1786.999	12.960	0.017	3483.418	5	-1.304	1.459	0
1200	1371.627	1786.734	11.371	0.014	3025.691	7	-1.367	3.557	0
1201	464.236	1787.540	10.452	0.009	3353.071	5	-1.223	3.540	0
1202	1554.906	1790.368	12.901	0.017	2952.686	5	0.422	1.647	0
1203	804.005	1794.085	9.728	0.009	3992.62	4	-0.671	4.996	0
1204	705.581	1799.291	12.868	0.019	3950.927	5	-0.881	1.609	0
1205	666.731	1801.276	10.724	0.010	3884.248	8	-1.487	3.375	0
1206	846.403	1801.043	8.809	0.010	3997.743	5	0.526	7.107	0
1207	545.208	1803.990	11.981	0.013	3547.555	6	-0.602	2.217	0
1208	1731.439	1804.192	12.343	0.014	2978.816	7	0.695	2.102	0
1209	1851.897	1804.148	13.376	0.026	3001.966	9	0.987	1.683	0
1210	925.997	1805.826	11.739	0.012	3523.863	8	-1.330	2.279	0
1211	440.278	1808.160	9.948	0.007	3282.904	5	-0.540	3.554	0
1212	1688.154	1815.182	15.668	0.200	3004.313	8	-12.395	1.762	0
1213	1130.024	1812.788	10.470	0.012	3157.814	5	-1.271	5.060	0
1214	175.434	1813.980	12.785	0.014	3066.551	5	0.143	1.496	0
1215	1210.433	1813.724	9.378	0.012	3200.529	5	-0.359	7.310	0
1216	1149.763	1815.893	9.413	0.011	3229.42	7	0.198	6.635	0
1217	1024.092	1817.539	9.818	0.011	3245.903	5	-0.773	5.840	0
1218	1335.406	1817.819	11.677	0.013	3053.94	6	-1.100	2.936	0
1219	697.977	1822.632	13.090	0.020	4124.49	5	0.819	1.447	0
1220	905.224	1820.154	8.093	0.018	3800.588	6	1.692	14.377	0
1221	1174.803	1824.182	8.940	0.012	3212.949	5	0.779	8.556	0
1222	1286.835	1826.959	10.315	0.012	3115.144	4	-0.931	5.431	0
1223	1252.710	1828.994	12.858	0.014	3090.012	5	-0.737	1.317	0
1224	1458.074	1830.766	11.636	0.014	3011.545	6	-1.350	3.076	0
1225	1154.260	1832.033	10.324	0.011	3186.621	5	-0.859	4.914	0
1226	20.947	1832.994	11.972	0.010	3062.76	6	0.826	1.775	0
1227	512.389	1832.424	11.002	0.010	3474.25	7	-1.571	3.067	0
1228	794.943	1838.512	14.403	0.073	4469.565	9	4.065	1.601	0
1229	1169.907	1836.837	10.429	0.009	3303.896	8	-0.379	3.002	0
1230	985.981	1838.127	9.888	0.011	3379.766	4	-0.783	5.706	0
1231	663.996	1844.447	14.077	0.050	4278.937	7	-1.432	1.501	0
1232	716.841	1841.794	11.028	0.010	4661.717	6	-1.293	2.929	0
1233	838.717	1844.267	8.099	0.014	4536.162	7	1.414	11.243	0
1234	1196.564	1843.642	10.014	0.013	3192.725	4	-0.751	6.419	0
1235	570.362	1846.419	12.974	0.014	3615.081	5	-0.345	1.149	0
1236	803.076	1867.219	13.148	0.071	4727.227	50	8.049	3.823	0
1237	1885.287	1851.618	12.144	0.014	3045.967	6	1.081	2.269	0
1238	288.430	1858.053	15.411	0.176	3069.136	9	-12.754	1.935	0
1239	1173.076	1853.585	11.533	0.013	3142.1	6	-0.587	3.201	0
1240	598.874	1855.800	9.526	0.007	3841.65	5	0.045	4.312	0
1241	1691.851	1856.121	10.476	0.012	2996.017	5	0.108	5.023	0
1242	2023.085	1858.370	11.376	0.014	3087.88	10	1.485	3.805	0
1243	1273.680	1858.886	12.858	0.030	3045.358	9	2.039	2.933	0
1244	1505.298	1859.513	11.917	0.010	2987.718	6	-0.577	1.983	0
1245	1571.595	1858.841	12.914	0.015	3008.556	5	0.286	1.426	0
1246	1124.769	1858.789	12.147	0.014	3109.135	6	-0.380	2.376	0
1247	653.342	1862.023	11.347	0.014	4399.272	4	-1.494	3.287	0
1248	746.619	1862.438	11.243	0.012	5619.404	6	-0.479	2.848	0
1249	1958.874	1864.443	12.852	0.017	3110.905	6	1.206	1.626	0
1250	1857.329	1869.432	12.958	0.019	3023.886	4	1.063	1.776	0
1251	1213.766	1869.772	10.408	0.012	3116.98	5	-1.158	5.248	0
1252	144.894	1870.636	9.091	0.010	3208.056	7	1.475	6.943	0
1253	790.576	1872.441	9.993	0.009	5332.562	6	0.096	4.024	0
1255	1824.474	1875.076	11.963	0.012	3016.333	6	0.886	2.242	0
1256	1427.977	1879.123	10.555	0.012	3017.427	4	-0.793	4.815	0
1257	782.021	1881.118	9.598	0.010	6314.235	10	1.196	4.320	0
1258	1775.001	1884.881	11.172	0.012	3042.606	7	0.398	3.673	0
1259	2016.977	1885.425	9.261	0.020	3238.287	7	3.038	12.933	0
1260	550.330	1885.398	11.131	0.010	3611.417	6	-0.998	3.014	0
1261	147.150	1889.111	12.467	0.021	3134.943	9	2.682	2.702	0
1262	236.519	1889.780	11.220	0.007	3095.266	5	0.052	2.125	0
1263	159.107	1890.303	10.447	0.006	3153.471	12	0.555	2.554	0
1264	951.527	1890.969	9.918	0.011	3535.726	5	-0.722	5.988	0
1265	1116.138	1892.543	11.961	0.011	3081.529	6	-0.312	2.085	0
1266	1338.284	1891.581	8.475	0.017	3166.053	9	2.043	12.628	0
1267	1758.961	1893.642	9.665	0.015	3098.489	8	1.448	8.472	0
1268	1000.853	1894.043	11.846	0.013	3371.728	6	-1.053	2.566	0
1269	1039.366	1894.575	10.747	0.012	3221.504	5	-1.426	4.484	0
1270	1730.755	1895.881	13.156	0.019	3025.655	5	0.798	1.492	0
1271	1203.293	1898.477	11.045	0.013	3058.738	5	-1.063	4.276	0
1272	316.117	1900.341	11.438	0.009	3142.767	6	-0.111	2.376	0
1273	1702.925	1901.224	11.040	0.012	3037.595	5	0.133	3.901	0
1274	979.004	1904.033	12.303	0.017	3435.104	6	-0.461	2.441	0
1276	679.250	1906.732	9.150	0.014	5949.44	5	2.231	8.663	0
1277	730.975	1927.767	10.337	0.093	8290.636	50	16.062	33.754	0
1278	410.919	1909.871	11.491	0.008	3266.904	11	-0.131	1.715	0
1279	707.892	1928.836	10.653	0.088	8071.545	50	14.249	26.968	0
1280	398.560	1912.352	11.114	0.008	3208.891	7	-0.519	2.309	0
1281	1688.194	1910.967	14.083	0.046	3024.878	11	3.928	1.644	0
1282	1247.356	1916.410	12.020	0.010	3056.156	7	-0.779	1.703	0
1283	1394.699	1922.797	14.862	0.069	3043.227	9	-0.693	1.179	0
1284	130.358	1921.881	9.445	0.011	3160.97	6	1.558	6.519	0
1285	1938.434	1922.509	6.985	0.027	3768.561	9	3.294	24.414	0
1286	534.130	1923.756	9.036	0.009	3709.274	5	0.683	6.358	0
1287	779.150	1930.261	11.200	0.084	8010.698	48	11.215	16.634	0
1288	414.207	1926.709	12.470	0.014	3249.412	6	0.782	1.816	0
1289	457.675	1926.896	12.253	0.011	3331.083	6	-0.095	1.584	0
1290	165.143	1927.669	10.925	0.007	3128.927	6	0.539	2.313	0
1291	263.182	1931.653	15.824	0.221	3094.06	7	-24.784	1.619	0
1292	601.411	1927.985	12.115	0.010	4218.301	5	0.456	1.520	0
1293	1035.303	1930.962	11.846	0.011	3207.451	5	-0.573	2.207	0
1294	1378.399	1931.542	9.337	0.014	3127.665	7	0.916	8.978	0
1295	670.066	1944.422	11.556	0.093	5522.801	50	13.989	18.916	0
1296	768.544	1938.995	10.084	0.030	13528.68	11	4.687	10.216	0
1297	1469.346	1944.227	15.144	0.114	2988.058	7	-6.563	1.607	0
1298	1574.867	1940.792	8.078	0.022	3210.018	9	2.867	17.375	0
1299	1395.117	1943.698	12.508	0.015	3078.865	6	0.222	1.872	0
1300	1770.514	1942.687	10.587	0.013	3204.366	6	0.615	5.134	0
1301	1843.522	1948.135	9.399	0.017	3210.595	8	2.157	10.413	0
1302	903.598	1950.813	8.618	0.015	4106.169	7	1.448	10.731	0
1303	80.670	1955.933	10.895	0.014	3094.635	7	2.348	5.007	0
#1304	728.478	1965.188	8.225	0.075	22255.49	31	10.893	41.962	0
1305	1056.299	1962.775	13.366	0.019	3167.835	7	-1.625	1.186	0
1306	1790.797	1961.760	10.511	0.020	3285.246	7	1.466	8.752	0
1307	158.647	1968.214	11.522	0.011	3146.578	7	1.118	2.756	0
1308	1066.120	1970.476	12.323	0.015	3179.051	7	-1.179	2.150	0
1310	198.684	1977.868	15.907	0.281	3233.794	8	-23.090	1.850	0
1311	1012.889	1975.440	9.710	0.011	3327.293	5	-0.170	6.365	0
#1312	1198.785	1976.432	15.287	0.130	3054.553	16	1.162	1.591	0
1313	1237.533	1973.274	15.526	0.145	3032.568	17	-1.938	1.425	0
1314	1776.334	1978.120	6.292	0.018	3722.49	8	1.745	17.078	0
1315	1252.419	1978.353	12.101	0.013	3033.06	5	0.005	2.199	0
1316	122.342	1980.166	12.710	0.019	3082.781	5	1.954	2.105	0
1317	1652.056	1976.968	15.080	0.079	2997.485	15	3.659	1.172	0
1318	847.955	1982.614	10.284	0.012	4944.076	5	1.308	4.913	0
#1319	1096.422	1980.774	15.463	0.155	3113.384	12	-12.013	1.603	0
1320	88.030	1986.974	11.699	0.011	3088.152	6	1.345	2.466	0
1321	645.597	1977.250	11.699	0.082	5108.627	50	11.882	15.567	0
1322	962.978	1990.063	12.056	0.014	3471.851	5	-1.095	2.421	0
1323	1420.810	1990.452	9.941	0.015	3109.596	5	0.227	7.856	0
1324	1137.677	1991.031	13.268	0.023	3121.07	7	-1.143	1.574	0
1325	729.745	1983.318	7.005	0.093	24584.12	36	5.531	38.147	0
1326	1351.352	1993.838	8.837	0.018	3181.217	8	1.902	12.835	0
1327	1959.493	1993.794	11.951	0.017	3047.587	7	1.769	3.322	0
1328	269.858	1998.650	15.019	0.118	3115.041	7	-13.340	1.733	0
1329	1278.071	1996.424	9.914	0.014	3057.643	5	0.096	7.520	0
1330	2018.137	1996.356	12.308	0.014	3008.849	5	1.496	2.102	0
1331	776.960	1997.575	10.732	0.067	10672.97	14	10.639	17.539	0
1332	1149.208	2000.189	12.455	0.011	3074.766	4	-0.463	1.524	0
#1333	709.362	2006.242	9.391	0.027	16277.11	8	4.772	11.921	0
1334	1373.479	2006.277	8.340	0.020	3264.387	9	2.571	15.871	0
1335	603.737	2009.444	10.653	0.016	4647.675	7	1.476	5.811	0
1336	1175.334	2009.442	13.770	0.034	3022.526	8	0.306	1.592	0
1337	198.959	2014.578	7.521	0.021	3477.343	6	3.225	18.385	0
1338	697.854	2011.810	11.389	0.087	10703.58	20	10.846	11.380	0
1339	1321.272	2015.494	14.136	0.042	3046.87	6	0.178	1.432	0
1340	167.517	2015.580	10.016	0.011	3322.207	7	1.633	5.430	0
1341	573.991	2018.012	9.864	0.010	4316.193	5	0.695	5.172	0
1342	1489.349	2017.826	12.693	0.019	2985.206	7	1.047	2.117	0
1343	1511.449	2020.682	9.456	0.015	3094.555	8	1.250	9.226	0
1344	848.706	2023.919	10.890	0.011	4819.161	11	-1.047	3.497	0
1345	91.383	2029.262	13.189	0.020	3067.552	7	1.602	1.473	0
1346	666.493	2035.842	9.774	0.010	8313.757	9	0.329	4.496	0
1347	858.409	2032.581	13.299	0.026	4347.708	8	-2.136	1.449	0
1348	1444.755	2034.359	13.342	0.021	3033.131	7	-0.721	1.398	0
1350	350.544	2036.780	12.330	0.014	3127.156	8	1.051	1.861	0