2	1537.218	8.620	12.687	0.021	1883.732	6	1.665	2.809	0
3	112.460	8.796	10.503	0.015	2007.983	9	2.002	6.319	0
4	331.786	10.423	12.676	0.015	1893.144	8	0.907	1.984	0
5	858.113	9.120	12.184	0.009	1900.719	8	0.346	1.628	0
6	134.188	18.493	11.368	0.017	1952.971	7	2.172	5.104	0
7	943.945	18.889	12.591	0.014	1880.641	6	0.770	2.000	0
8	1413.791	18.012	10.173	0.013	1918.867	5	1.131	6.500	0
9	1216.703	20.249	13.107	0.017	1878.505	5	0.415	1.676	0
10	474.196	21.570	12.210	0.012	1891.271	5	0.689	2.106	0
11	348.384	24.774	15.966	0.265	1899.802	6	-15.128	2.270	0
12	706.597	23.924	13.468	0.021	1928.112	4	0.051	1.562	0
13	1007.982	23.217	8.610	0.028	2038.855	6	3.100	20.072	0
14	1999.685	28.628	15.165	0.144	1862.03	7	-9.104	2.544	0
15	962.953	27.237	11.999	0.013	1912.932	6	1.330	2.678	0
16	1583.374	30.217	10.647	0.014	1919.57	5	0.927	5.593	0
17	155.830	33.051	12.306	0.018	1941.022	5	1.605	3.012	0
18	414.560	33.825	11.308	0.011	1935.822	6	1.054	3.145	0
20	268.265	33.866	8.998	0.028	2010.865	6	3.843	18.634	0
21	90.871	39.279	10.528	0.014	1976.03	5	1.850	5.932	0
22	535.221	38.904	13.647	0.033	1888.012	7	1.031	2.128	0
23	1516.597	45.128	13.471	0.021	1881.978	5	-0.027	1.565	0
24	698.114	44.776	10.619	0.011	1949.032	7	1.043	4.406	0
25	649.505	49.411	13.464	0.023	1928.821	5	0.400	1.705	0
26	1024.762	56.000	12.733	0.014	1902.266	7	0.663	1.713	0
27	115.725	57.889	11.284	0.016	1948.74	9	1.976	4.876	0
28	379.137	59.799	12.437	0.013	1897.263	5	0.885	2.056	0
29	1321.431	62.465	15.108	0.136	1868.752	6	-9.092	2.469	0
30	1606.722	61.631	12.389	0.017	1888.176	6	1.050	2.734	0
31	216.710	65.326	15.252	0.157	1925.912	5	-6.100	2.515	0
32	155.996	64.463	8.652	0.030	2062.372	6	4.016	21.003	0
33	1234.754	67.637	13.011	0.019	1897.895	5	-0.644	2.003	0
34	976.028	68.380	13.102	0.024	1868.882	5	0.590	2.397	0
35	1019.159	68.104	12.003	0.010	1913.357	5	0.521	2.131	0
36	577.072	69.250	10.750	0.007	1933.488	7	0.167	2.704	0
37	1507.922	69.703	13.334	0.028	1881.359	7	1.997	2.271	0
38	1089.229	69.510	9.256	0.021	1953.669	5	1.934	12.925	0
39	490.605	70.986	12.644	0.016	1911.669	5	1.110	2.110	0
40	1200.808	74.131	12.418	0.014	1894.214	5	0.404	2.159	0
41	577.376	78.773	10.331	0.008	1979.786	10	0.218	2.455	0
42	104.035	82.505	12.999	0.020	1942.292	9	1.064	2.133	0
43	1609.610	84.762	15.851	0.290	1887.296	7	-25.911	2.740	0
44	847.979	89.183	13.512	0.024	1859.115	5	-0.184	1.697	0
45	1406.829	95.072	11.934	0.010	1946.208	4	0.362	2.121	0
46	674.350	97.764	11.330	0.008	1930.811	6	0.436	2.447	0
47	1719.027	100.978	12.256	0.014	1877.616	4	1.315	2.493	0
48	730.596	104.345	12.085	0.009	1939.605	5	0.283	1.783	0
49	1494.504	103.755	11.740	0.013	1921.912	5	0.998	3.246	0
50	1909.916	107.022	13.289	0.019	1884.079	5	0.019	1.619	0
51	1449.097	107.345	9.391	0.020	1978.306	5	2.142	12.241	0
52	148.532	107.766	12.584	0.020	1938.709	4	1.801	2.914	0
53	572.385	110.202	10.597	0.007	1961.308	7	0.400	2.653	0
54	195.733	117.897	13.255	0.022	1915.286	5	0.620	1.871	0
55	501.622	117.831	8.738	0.022	2015.286	6	2.759	15.184	0
56	687.006	118.523	10.164	0.008	1985.375	6	0.307	3.674	0
57	1300.796	122.039	12.505	0.013	1901.941	5	0.212	1.925	0
58	1745.885	121.738	9.156	0.028	2002.587	5	4.076	17.775	0
59	319.641	121.337	9.014	0.023	1991.857	7	2.846	15.320	0
60	1784.157	123.003	12.577	0.016	1877.206	5	0.845	2.298	0
#61	1801.987	124.634	15.255	0.190	1874.191	7	-14.523	3.007	0
62	1841.847	124.017	13.055	0.019	1853.562	7	1.388	1.961	0
63	213.734	126.804	12.440	0.013	1904.474	5	0.925	2.103	0
64	1977.778	127.196	11.925	0.019	1906.801	5	2.071	4.074	0
65	1425.290	132.070	13.582	0.049	2020.751	11	2.441	3.088	0
66	88.393	135.476	12.832	0.017	1925.956	5	0.772	1.964	0
67	823.527	134.593	12.796	0.014	1866.436	5	0.566	1.777	0
68	1956.369	134.936	14.013	0.046	1914.021	5	2.192	2.158	0
69	865.786	137.782	13.213	0.022	1871.725	5	-0.621	2.006	0
70	1816.659	140.650	13.343	0.024	1866.712	6	1.304	1.937	0
71	1702.994	141.218	11.314	0.014	1914.439	5	1.410	4.388	0
72	1318.189	146.250	12.797	0.019	1923.608	5	0.500	2.312	0
73	1420.171	154.228	8.352	0.034	2210.404	8	4.825	25.219	0
74	1454.349	159.726	12.307	0.014	1985.726	5	1.346	2.342	0
75	1617.981	162.328	11.310	0.013	1903.274	6	0.683	3.846	0
76	139.725	162.850	10.672	0.011	1931.41	5	1.197	4.490	0
77	1734.882	163.924	12.150	0.016	1867.103	6	1.118	3.066	0
78	694.365	162.119	8.312	0.025	2160.431	7	2.549	18.470	0
79	1895.985	167.348	10.626	0.013	1922.541	6	1.219	5.582	0
80	544.514	168.703	10.121	0.009	1914.531	6	0.733	4.350	0
81	1274.338	170.829	12.420	0.013	1900.593	5	0.851	2.101	0
82	916.061	174.592	16.041	0.315	1859.286	8	-5.672	2.547	0
83	1236.832	179.492	11.106	0.010	1914.742	7	0.924	3.389	0
84	1622.072	187.961	13.565	0.031	1916.464	5	-0.042	2.104	0
85	1175.247	190.406	13.607	0.030	1870.378	7	0.612	1.950	0
86	1810.379	190.747	13.912	0.044	1891.982	7	1.140	2.066	0
87	1924.083	191.224	10.121	0.017	1944.515	5	1.848	8.471	0
88	447.313	192.857	11.047	0.007	1925.669	4	0.204	2.416	0
89	1861.463	192.419	12.955	0.026	1907.097	7	1.885	2.806	0
90	1064.619	194.276	8.461	0.027	2062.836	6	2.662	19.091	0
#91	748.291	200.881	16.060	0.318	1873.854	8	-18.667	2.528	0
92	1370.137	200.880	7.571	0.032	2383.794	8	2.685	25.445	0
93	829.138	201.733	11.878	0.008	1871.521	5	-0.007	1.847	0
94	1713.244	203.931	12.178	0.014	1920.781	5	1.157	2.578	0
95	908.223	205.750	13.270	0.020	1887.77	5	-1.163	1.709	0
96	437.929	209.607	11.864	0.008	1939.857	5	-0.003	1.793	0
97	343.801	208.361	13.665	0.034	1916.737	7	1.810	2.138	0
98	1162.349	211.682	10.856	0.010	1897.208	4	-0.489	3.701	0
100	1817.186	212.672	9.816	0.018	1937.346	5	1.906	9.824	0
101	1487.311	225.412	7.488	0.032	2410.336	6	2.726	25.574	0
102	1767.489	225.186	9.224	0.019	1957.878	5	2.093	12.147	0
103	1515.347	225.934	9.832	0.012	2076.812	5	0.917	6.373	0
104	1649.610	226.334	10.671	0.010	1907.91	5	0.164	3.961	0
105	572.539	229.795	12.643	0.016	1925.282	5	-0.374	2.167	0
106	332.334	234.609	15.608	0.226	1928.725	11	-8.123	2.626	0
107	357.258	233.193	9.071	0.018	1963.168	8	2.018	11.708	0
108	1784.931	237.318	14.940	0.124	1914.294	7	-3.411	2.633	0
109	1885.866	236.248	10.830	0.014	1906.418	5	1.238	5.347	0
110	1357.050	239.682	12.695	0.015	2021.906	5	0.350	1.911	0
111	204.075	242.426	11.605	0.011	1898.707	5	1.202	2.990	0
112	1376.973	244.160	13.059	0.027	2054.899	5	0.167	2.639	0
113	648.401	247.025	9.328	0.015	2078.734	9	1.276	8.548	0
114	1085.326	252.481	9.604	0.012	1968.367	5	0.695	6.980	0
115	838.027	252.495	13.554	0.029	1877.615	5	1.092	2.005	0
116	53.844	253.573	11.563	0.015	1918.887	4	1.721	4.071	0
117	2006.837	254.954	11.157	0.014	1955.135	5	1.376	4.774	0
118	1791.257	256.251	12.342	0.017	1879.693	7	1.349	2.808	0
119	20.452	257.721	13.210	0.028	1919.968	6	2.260	2.567	0
120	408.067	259.280	13.122	0.020	1908.37	6	-0.273	1.918	0
121	1391.030	260.600	12.370	0.010	2039.353	7	0.656	1.492	0
122	631.148	262.439	8.031	0.025	2214.802	6	1.858	19.359	0
123	1307.077	264.252	11.207	0.009	1931.135	5	-0.209	2.817	0
124	1383.135	269.374	11.552	0.009	2023.426	5	-0.238	2.291	0
125	1570.588	267.698	13.369	0.021	1940.697	4	0.806	1.667	0
126	977.928	272.410	12.491	0.013	1892.476	5	-0.655	1.946	0
127	365.307	274.589	11.742	0.009	1929.9	7	0.817	2.214	0
128	599.128	275.087	9.858	0.011	2026.022	7	0.609	5.519	0
129	1977.567	282.627	13.234	0.024	1922.722	6	1.060	2.146	0
130	104.406	285.115	10.845	0.009	1908.812	6	0.872	3.271	0
131	1481.263	285.437	11.649	0.009	1984.016	4	-0.199	2.297	0
132	304.619	287.610	12.814	0.017	1877.044	5	0.577	2.023	0
133	1876.375	288.070	10.904	0.012	1937.92	5	0.847	4.328	0
134	854.264	289.151	10.776	0.010	1875.598	5	-1.225	3.692	0
135	1656.685	290.776	8.852	0.024	2013.994	6	2.866	15.943	0
136	354.441	291.659	11.273	0.007	1927.319	5	0.144	2.278	0
137	1259.577	292.530	11.798	0.009	1910.328	5	-0.308	2.164	0
138	1333.234	292.058	12.834	0.016	1938.276	5	-0.475	1.909	0
140	184.404	297.421	9.154	0.021	2015.311	8	2.515	13.017	0
141	1548.947	297.977	13.825	0.035	1932.53	6	0.634	1.893	0
142	726.856	300.261	12.358	0.011	1948.581	5	-0.510	1.862	0
143	627.602	300.930	13.297	0.022	1988.43	4	-0.608	1.856	0
144	1875.710	301.012	12.670	0.019	1917.606	8	1.412	2.287	0
145	1417.203	305.617	8.201	0.029	2252.739	9	2.718	21.256	0
146	1440.709	308.079	9.046	0.019	2106.993	6	1.880	12.080	0
147	1057.661	307.919	12.172	0.010	1955.793	5	-0.307	1.772	0
148	669.492	308.879	13.183	0.018	1946.554	5	-0.423	1.649	0
149	1020.458	310.404	13.106	0.022	1883.048	4	0.662	2.141	0
150	424.572	314.350	8.830	0.019	2008.628	7	1.978	13.138	0
151	2019.812	316.912	8.992	0.026	2071.314	6	3.718	17.381	0
152	1185.385	317.827	12.988	0.016	1886.424	5	-0.806	1.679	0
153	1084.415	321.958	8.394	0.028	2075.885	5	2.186	20.289	0
154	1367.422	318.605	13.221	0.020	1937.006	5	0.336	1.721	0
155	1004.337	322.803	13.321	0.026	1878.675	5	-2.222	2.147	0
156	1758.097	327.595	11.547	0.012	1891.582	5	0.827	3.193	0
157	1428.415	339.185	10.722	0.010	2005.08	5	-0.772	4.090	0
158	950.539	341.409	13.052	0.018	1848.87	5	-0.252	1.885	0
159	272.687	346.523	12.198	0.011	1919.778	5	-0.666	1.955	0
160	570.066	351.511	12.495	0.012	1914.733	5	-0.319	1.792	0
161	1052.778	352.495	12.336	0.014	1904.115	5	-1.139	2.311	0
162	236.660	354.176	9.331	0.017	1960.668	8	1.772	10.453	0
163	1518.812	355.404	11.774	0.009	1942.217	5	-0.295	2.003	0
164	1367.231	355.938	9.930	0.010	1987.265	5	0.045	5.208	0
165	605.025	358.432	11.655	0.010	1936.048	6	-1.058	2.433	0
166	418.342	359.001	11.514	0.009	1917.746	6	0.347	2.311	0
167	699.282	359.849	9.948	0.009	1972.495	6	-0.770	4.749	0
168	1502.942	362.535	11.478	0.009	1931.085	5	-0.063	2.501	0
169	19.474	366.883	10.209	0.012	1993.637	6	1.209	5.651	0
170	965.560	367.125	13.255	0.022	1854.302	5	-0.659	1.912	0
171	1590.229	371.163	8.286	0.029	2184.437	6	2.970	21.034	0
172	1882.661	370.644	12.255	0.012	1950.801	4	0.979	2.193	0
173	107.242	371.643	10.704	0.008	1914.804	10	0.525	3.305	0
174	616.682	376.011	13.075	0.019	1930.166	6	-1.572	1.852	0
175	1188.216	377.328	10.671	0.010	1909.866	5	-1.117	3.953	0
176	1108.398	379.267	12.399	0.013	1885.864	5	-0.590	2.014	0
177	673.310	380.100	11.943	0.013	1994.379	5	-0.730	2.825	0
178	1413.491	381.551	12.183	0.011	1954.16	8	-0.397	2.061	0
179	1594.042	381.398	8.587	0.026	2197.276	6	2.558	17.811	0
180	450.832	385.967	11.958	0.008	1906.158	5	-0.374	1.620	0
181	1472.451	391.761	13.828	0.034	1910.083	5	-1.847	1.871	0
182	577.684	394.455	12.783	0.015	1916.837	5	-0.743	1.790	0
183	801.022	398.315	13.146	0.019	1877.645	5	0.120	1.819	0
184	2030.506	398.205	12.237	0.017	2105.126	7	1.859	2.980	0
185	1692.213	400.717	8.109	0.028	2182.682	6	2.689	20.703	0
186	682.474	401.752	8.551	0.017	2113.998	6	1.309	12.190	0
187	1938.286	401.299	10.203	0.012	2001.967	5	0.931	5.797	0
188	705.182	401.614	11.484	0.014	1928.845	6	-0.169	3.824	0
189	1273.048	402.138	11.760	0.011	1870.517	8	-0.927	2.532	0
190	992.472	404.700	9.720	0.011	1967.783	5	-0.242	6.174	0
191	1047.169	408.706	13.717	0.035	1882.776	6	-0.909	2.114	0
192	1000.268	415.917	13.543	0.033	1914.071	10	-0.128	1.536	0
193	1183.821	417.532	10.551	0.011	1901.234	4	-1.392	4.704	0
194	1300.115	417.744	13.310	0.025	1886.7	4	0.115	2.080	0
195	201.709	419.109	12.121	0.009	1908.054	5	0.335	1.636	0
196	967.451	418.954	12.374	0.017	1914.668	5	-1.802	2.768	0
197	1923.200	419.254	9.787	0.015	2027.311	6	1.599	8.186	0
198	6.595	420.723	13.686	0.034	1933.741	7	0.895	2.049	0
199	646.356	419.867	11.724	0.010	1927.126	5	-0.976	2.384	0
200	1694.321	419.822	12.709	0.029	2011.437	9	2.486	3.550	0
201	1862.319	426.028	7.945	0.031	2222.662	7	3.705	23.785	0
202	86.573	427.587	13.618	0.034	1900.357	6	0.628	2.211	0
203	504.361	430.180	12.775	0.014	1877.339	5	-0.419	1.732	0
204	1974.862	429.885	12.498	0.014	1993.284	5	0.898	2.118	0
205	222.136	431.238	10.969	0.008	1938.179	5	-0.284	2.709	0
206	1560.063	431.811	12.584	0.012	1934.252	5	0.296	1.686	0
207	1033.063	435.247	10.022	0.009	1940.646	5	-0.714	4.642	0
208	128.212	436.162	10.491	0.007	1943.368	6	0.339	2.821	0
209	1641.700	437.745	12.171	0.010	1928.516	5	-0.007	1.827	0
210	759.611	442.174	12.114	0.011	1898.895	5	-0.884	2.043	0
211	796.364	443.965	10.982	0.011	1904.424	5	-1.355	3.982	0
212	1576.131	447.432	13.054	0.018	1911.669	5	-0.888	1.805	0
213	1536.704	449.065	9.888	0.010	1934.273	5	0.282	5.091	0
214	1268.961	450.649	13.454	0.033	1857.457	5	-1.063	2.469	0
215	1612.060	451.190	11.855	0.008	1909.531	5	0.516	1.860	0
216	709.803	452.439	11.726	0.010	1903.49	6	-1.102	2.401	0
217	1666.956	452.486	10.838	0.010	1951.358	5	-0.412	3.761	0
218	1476.618	454.537	12.484	0.015	1905.089	5	-1.133	2.354	0
219	959.879	457.537	12.783	0.021	1863.	5	-1.661	2.532	0
220	1051.994	455.741	13.403	0.024	1912.006	5	0.386	1.827	0
221	272.121	458.689	12.373	0.013	1905.531	4	-0.200	2.058	0
222	1076.127	458.882	10.376	0.010	1902.811	4	-1.315	4.680	0
223	1338.977	462.013	13.645	0.025	1915.081	5	0.300	1.568	0
224	1844.327	463.414	12.923	0.014	1938.509	5	0.420	1.553	0
225	49.463	463.450	11.846	0.010	1941.488	5	0.291	2.204	0
226	197.757	464.474	12.194	0.011	1945.717	6	0.233	1.991	0
227	534.165	465.732	12.417	0.015	1890.719	5	-0.941	2.383	0
228	581.048	465.599	12.441	0.012	1899.192	6	-0.952	1.856	0
229	1320.859	468.087	12.006	0.012	1892.029	5	-0.465	2.515	0
230	214.410	476.636	10.768	0.015	1948.841	7	1.002	5.941	0
231	374.923	477.503	11.003	0.012	1913.949	5	0.216	4.089	0
232	1509.772	478.516	13.057	0.021	1911.144	5	-0.682	2.144	0
233	1349.323	478.750	11.077	0.011	1913.947	5	-1.235	3.854	0
234	1486.455	482.206	11.092	0.011	1914.741	5	-1.060	3.768	0
235	1013.658	484.734	12.936	0.020	1905.933	6	-0.050	2.121	0
236	277.666	492.882	10.752	0.007	1899.904	6	-0.443	2.581	0
237	535.941	492.737	14.039	0.044	1888.665	5	0.532	2.042	0
238	1028.431	492.804	11.657	0.008	1907.864	5	-0.736	2.099	0
239	675.744	495.554	12.388	0.015	1902.446	5	-1.051	2.383	0
240	1211.495	495.981	12.123	0.015	1874.931	5	-1.424	2.946	0
241	1456.265	498.757	11.118	0.010	1888.69	5	-0.821	3.209	0
242	1489.200	498.893	12.971	0.018	1918.263	7	-0.134	1.890	0
243	1502.332	499.563	13.630	0.030	1963.449	6	0.308	1.887	0
244	1078.182	501.032	12.152	0.010	1900.989	5	-0.632	1.903	0
245	1391.800	505.655	9.028	0.018	1991.634	7	1.296	11.523	0
246	332.630	506.332	13.062	0.018	1883.773	5	0.064	1.769	0
247	1112.065	507.010	11.827	0.010	1891.026	6	-0.712	2.305	0
248	806.400	510.009	10.226	0.010	1902.7	5	-1.133	4.940	0
249	1430.500	510.632	13.289	0.024	1913.799	4	0.779	2.042	0
250	574.969	514.359	9.753	0.010	1944.878	5	-0.086	5.350	0
251	1409.411	519.397	12.652	0.018	1937.562	6	-1.087	2.439	0
252	1863.640	519.979	10.374	0.008	1924.325	5	0.117	3.609	0
253	906.978	527.285	13.214	0.026	1884.272	6	-2.108	2.318	0
254	1079.178	528.600	10.256	0.011	1927.901	4	-1.360	5.223	0
255	441.878	529.329	13.982	0.036	1890.773	4	-0.638	1.749	0
256	644.209	536.283	9.974	0.010	1944.339	5	-0.490	5.099	0
257	1479.702	535.706	13.080	0.018	1898.561	5	-1.108	1.774	0
258	1585.143	539.576	11.001	0.009	1915.62	5	-0.961	3.336	0
259	1287.869	541.552	11.865	0.008	1872.133	5	-0.502	1.829	0
260	256.359	541.398	13.624	0.028	1927.63	5	-0.761	1.794	0
261	24.840	542.755	13.306	0.029	1952.09	6	0.865	2.373	0
262	754.961	543.750	10.151	0.010	1895.303	8	-0.878	4.736	0
263	1078.857	547.278	12.134	0.016	1950.647	7	-1.746	2.872	0
264	900.752	547.759	11.942	0.010	1910.641	8	-1.110	2.064	0
265	1503.949	550.620	11.995	0.012	1909.588	5	-0.694	2.455	0
266	446.330	552.656	13.806	0.032	1890.564	5	-1.685	1.811	0
267	414.888	554.331	10.641	0.008	1913.889	6	-0.885	3.075	0
268	577.003	554.161	12.400	0.015	1894.147	5	-1.535	2.411	0
269	680.372	555.491	13.471	0.031	1917.167	6	-0.482	2.277	0
270	1004.110	555.985	12.421	0.015	1897.741	5	-1.054	2.258	0
271	1894.964	557.290	11.891	0.010	1943.748	6	0.467	2.223	0
272	1632.503	559.793	13.257	0.022	1863.989	5	0.110	1.906	0
273	1251.483	563.276	11.693	0.010	1914.119	5	-0.726	2.349	0
274	1188.180	563.843	11.396	0.014	1938.103	7	-1.858	3.842	0
275	1595.329	565.483	13.158	0.021	1909.707	5	-0.725	1.977	0
276	1892.826	566.500	11.502	0.010	1938.494	6	0.155	2.796	0
277	1918.675	568.560	11.942	0.010	1927.787	5	0.576	2.189	0
278	1046.356	568.928	8.749	0.021	2026.425	6	1.072	14.668	0
279	684.023	569.812	12.172	0.014	1920.553	6	-1.760	2.563	0
280	301.204	573.557	11.442	0.009	1919.079	6	-0.642	2.488	0
281	1744.962	574.328	12.618	0.018	1958.833	7	0.629	2.453	0
282	1690.842	577.005	11.629	0.008	1934.372	5	-0.157	2.042	0
283	1205.033	580.237	10.927	0.013	1911.688	5	-1.551	4.652	0
284	1447.974	580.264	9.990	0.009	1924.616	5	-0.381	4.787	0
285	1768.047	586.328	10.325	0.008	2015.421	5	-0.226	3.850	0
286	156.703	586.943	12.838	0.027	1928.526	7	2.149	3.204	0
287	427.655	590.940	15.083	0.129	1891.418	5	-7.288	2.405	0
288	1843.645	587.909	13.311	0.025	1902.476	5	-0.027	2.059	0
289	1417.150	593.419	11.822	0.010	1919.121	5	-0.699	2.324	0
290	555.961	595.049	12.723	0.021	1914.769	5	-1.186	2.692	0
291	979.355	596.933	12.771	0.016	1898.801	5	-1.002	2.011	0
292	184.214	599.565	11.744	0.009	1905.511	6	-0.230	2.212	0
293	237.519	602.062	12.705	0.016	1918.337	6	-0.591	2.047	0
294	927.637	602.467	9.236	0.016	2008.017	7	0.231	10.027	0
295	906.004	604.857	12.201	0.014	1921.771	6	-1.233	2.513	0
296	1092.276	606.185	10.974	0.015	1929.963	7	-2.085	5.204	0
297	737.571	606.548	11.500	0.011	1888.057	7	-1.453	3.052	0
298	1450.967	608.453	11.078	0.011	1924.412	6	-1.345	3.625	0
299	1765.489	610.946	8.443	0.025	2173.046	7	2.953	16.908	0
300	1780.819	610.774	9.123	0.017	2123.396	6	1.902	10.548	0
301	466.832	614.934	12.780	0.018	1887.03	5	-1.655	2.195	0
302	1641.770	615.435	11.920	0.010	1898.766	5	-0.679	2.239	0
303	547.906	615.776	10.611	0.012	1927.569	5	-1.560	4.928	0
304	1952.352	617.343	11.636	0.010	1950.582	5	0.574	2.463	0
305	1873.852	619.247	13.626	0.030	1919.912	5	0.722	1.909	0
306	987.196	625.018	14.748	0.080	1906.882	8	-0.065	2.025	0
307	1689.342	624.006	12.854	0.012	1934.571	5	-0.055	1.425	0
308	733.493	625.823	12.413	0.015	1891.042	6	-1.626	2.374	0
309	1210.733	626.284	11.489	0.011	1918.442	7	-1.461	3.011	0
310	279.663	627.794	10.518	0.006	1931.395	7	-0.484	2.600	0
311	1593.893	628.775	12.248	0.010	1889.483	8	-0.040	1.714	0
312	1288.824	634.015	11.320	0.015	1942.547	7	-2.245	4.446	0
313	1555.451	637.905	12.105	0.011	1903.332	5	-0.503	2.190	0
314	545.254	641.402	10.743	0.011	1924.701	5	-1.526	4.449	0
315	124.683	641.890	12.223	0.011	1982.088	5	-0.467	2.008	0
316	1311.689	642.368	11.268	0.013	1926.518	8	-1.430	3.708	0
317	2005.296	642.633	11.607	0.010	1956.475	5	0.827	2.516	0
318	831.952	643.379	13.458	0.027	1899.96	5	0.198	1.960	0
319	361.575	647.297	10.211	0.008	1950.472	5	-0.574	3.982	0
320	1154.598	648.073	13.208	0.027	1921.099	5	-2.110	2.455	0
321	1086.142	650.140	10.840	0.015	1946.205	5	-2.091	5.730	0
322	1860.007	650.654	10.663	0.008	1939.84	5	-0.277	3.330	0
323	432.562	650.907	10.851	0.010	1960.982	5	-1.269	3.728	0
324	1482.391	658.944	12.198	0.012	1912.85	5	-0.901	2.255	0
325	108.505	660.505	10.792	0.009	1985.367	6	-0.680	3.520	0
326	1122.165	661.111	11.067	0.017	1943.621	6	-2.237	5.672	0
327	339.886	661.592	11.368	0.010	1944.891	7	-1.083	2.612	0
328	1670.687	663.694	8.145	0.024	2164.381	6	2.340	17.748	0
329	1799.253	665.012	12.342	0.009	1923.287	6	-0.002	1.518	0
330	2011.043	665.081	12.499	0.016	1937.116	5	1.017	2.352	0
331	493.326	666.764	13.034	0.019	1896.409	6	-0.450	1.946	0
333	25.141	668.599	10.951	0.008	2050.934	6	-0.194	2.846	0
334	988.438	675.286	12.891	0.018	1938.78	5	-1.398	1.984	0
335	1205.844	674.156	13.633	0.025	1924.783	5	-0.369	1.617	0
336	1391.640	676.402	15.513	0.180	1911.904	7	-12.075	2.285	0
337	804.822	676.711	13.854	0.043	1890.578	5	-3.206	2.328	0
338	1037.243	678.367	14.733	0.085	1940.857	5	-4.689	2.156	0
339	748.379	677.588	10.913	0.014	1898.001	5	-1.933	5.319	0
340	87.534	677.273	12.143	0.010	1986.22	6	0.381	1.775	0
341	175.362	679.224	13.713	0.036	1981.194	5	-0.339	2.159	0
342	1676.724	680.356	12.431	0.026	1964.179	10	2.572	3.982	0
343	1176.707	680.723	11.764	0.014	1953.817	8	-1.962	3.104	0
344	212.773	682.118	12.091	0.014	1962.91	8	-1.186	2.733	0
345	348.464	682.285	9.430	0.011	2021.12	7	0.333	6.452	0
#346	658.089	682.928	16.056	0.358	1920.541	6	-19.679	2.818	0
347	1433.033	690.169	13.708	0.033	1884.158	5	-0.778	2.017	0
348	704.435	691.200	13.127	0.028	1940.632	6	-2.473	2.550	0
349	1738.602	694.493	8.372	0.023	2101.253	7	2.412	16.689	0
350	156.811	701.229	8.767	0.017	2092.289	8	1.490	11.341	0
351	1181.850	702.209	10.801	0.016	1996.476	5	-2.101	6.204	0
353	117.488	705.491	13.384	0.019	1973.177	5	0.036	1.488	0
354	1003.263	705.732	12.673	0.015	1969.121	5	-1.028	1.925	0
355	1232.247	706.991	9.064	0.015	2075.893	8	0.684	9.837	0
356	983.532	711.320	13.547	0.024	1979.305	5	-0.986	1.649	0
357	1714.311	712.804	13.443	0.022	1963.106	4	-0.724	1.612	0
358	1096.075	714.120	11.810	0.012	1969.895	7	-1.214	2.557	0
359	223.468	716.267	9.183	0.014	2028.922	7	1.224	8.394	0
360	1143.699	718.992	9.603	0.011	2020.147	6	-0.440	6.195	0
361	1660.403	719.816	11.729	0.011	1930.561	6	-1.118	2.685	0
362	883.115	720.492	12.522	0.019	1929.961	7	-1.637	2.814	0
363	1818.933	725.222	13.896	0.048	1891.807	5	-0.579	2.498	0
364	374.566	730.035	11.359	0.012	1945.51	8	-1.489	3.154	0
365	1618.782	730.067	9.371	0.011	1972.757	5	0.433	6.759	0
366	853.324	731.113	9.689	0.010	1990.592	5	-0.864	5.814	0
367	501.667	734.053	9.048	0.013	2018.346	6	0.342	8.155	0
368	1311.017	736.448	9.935	0.010	2122.99	8	0.074	5.102	0
369	1185.072	741.154	11.436	0.016	1989.396	8	-2.395	4.239	0
370	1115.885	742.150	12.761	0.016	2033.121	5	-0.840	1.926	0
371	1545.235	742.197	10.198	0.009	1947.283	5	-0.793	4.342	0
372	1490.508	744.128	11.944	0.012	1896.873	6	-0.993	2.474	0
373	187.554	744.837	12.061	0.012	1961.721	6	-0.955	2.255	0
374	636.126	745.144	8.094	0.026	2161.748	6	0.166	19.064	0
375	686.411	744.954	12.075	0.014	1980.173	6	-1.049	2.668	0
376	905.820	745.661	12.167	0.016	1946.62	6	-1.732	2.907	0
377	1432.294	745.007	9.708	0.010	1945.836	6	-1.108	5.369	0
378	376.769	749.682	10.896	0.012	1988.098	5	-1.581	4.411	0
379	512.399	750.653	10.218	0.009	1979.436	5	-0.912	4.313	0
380	1003.635	750.624	11.400	0.017	2035.062	8	-2.409	4.489	0
381	1517.364	750.592	12.764	0.021	1904.728	5	-1.171	2.589	0
382	756.591	753.761	12.526	0.021	1968.907	7	-1.968	2.977	0
383	107.598	755.118	11.511	0.010	2005.168	6	-0.681	2.612	0
384	1219.341	755.050	13.304	0.025	1979.205	5	-1.017	2.072	0
385	175.182	756.610	12.022	0.010	1959.869	6	-0.950	2.012	0
386	773.754	758.910	13.551	0.039	1947.54	6	-3.514	2.598	0
387	1162.890	758.439	12.349	0.017	2048.434	7	-1.935	2.649	0
388	1314.052	758.150	10.347	0.012	2043.901	5	-1.512	5.611	0
389	1692.945	759.872	11.666	0.011	1924.862	6	0.213	2.680	0
390	352.374	760.922	10.037	0.009	2007.447	4	-0.422	4.378	0
391	1124.090	761.454	11.260	0.019	2087.72	9	-2.775	5.560	0
392	970.102	761.584	8.865	0.026	2224.975	15	2.016	16.835	0
393	679.266	763.994	9.357	0.015	2019.662	5	0.761	9.496	0
394	1469.781	765.756	15.687	0.261	1895.76	8	-17.273	2.886	0
395	1879.532	764.720	11.169	0.007	1905.772	4	-0.109	2.245	0
396	497.637	764.586	11.989	0.012	1923.829	8	-0.889	2.239	0
397	11.342	765.979	9.921	0.011	2181.073	9	0.764	5.482	0
398	749.199	766.443	10.865	0.018	1974.969	5	-2.430	6.639	0
399	321.485	769.595	12.636	0.023	1961.289	7	0.249	3.097	0
400	111.668	771.099	14.237	0.052	2003.915	6	-0.800	1.979	0
401	1311.360	772.194	13.647	0.033	2010.033	9	-0.404	1.821	0
402	630.934	775.474	10.260	0.012	2057.302	4	-1.464	5.746	0
403	1286.495	777.128	10.609	0.014	2009.991	5	-1.934	5.912	0
404	1094.391	779.909	10.352	0.013	2162.292	4	-1.861	6.042	0
405	296.465	782.805	11.795	0.012	1948.105	6	-1.172	2.657	0
406	766.111	783.745	11.421	0.015	1946.492	8	-2.112	4.103	0
407	1534.229	790.102	13.274	0.023	1918.698	7	0.067	1.942	0
408	49.127	790.577	9.227	0.016	2131.935	7	1.242	9.659	0
409	1341.735	792.104	13.179	0.020	1960.935	5	-1.182	1.832	0
410	966.793	792.935	9.267	0.024	2172.741	9	2.267	14.783	0
411	1142.118	793.464	10.407	0.012	2176.942	5	-1.635	5.534	0
412	1179.839	799.500	12.151	0.022	2095.884	6	2.772	4.178	0
413	422.711	802.831	10.198	0.011	1976.432	5	-0.963	5.146	0
414	216.935	803.567	11.441	0.010	1957.324	7	-1.174	2.761	0
415	885.828	804.402	12.154	0.015	1980.898	7	-1.468	2.603	0
416	1022.787	806.404	8.482	0.021	2289.38	6	0.960	15.184	0
417	757.107	807.864	13.128	0.024	1926.931	5	-0.912	2.271	0
418	1254.284	807.312	10.591	0.016	2051.69	5	-2.351	6.797	0
419	147.640	809.465	15.615	0.212	1958.417	6	-2.857	2.448	0
420	916.311	809.565	9.911	0.011	2066.055	4	-1.378	6.100	0
421	1570.694	814.362	12.508	0.018	1915.176	5	0.505	2.715	0
422	1284.005	815.929	13.577	0.038	1993.78	5	-2.806	2.492	0
423	646.606	817.685	13.203	0.030	1973.535	4	-2.509	2.720	0
424	959.818	817.835	12.702	0.025	2099.224	5	-2.291	3.119	0
425	1052.119	819.720	8.806	0.017	2376.554	7	0.920	11.012	0
426	2036.864	818.846	10.410	0.006	1984.743	10	0.125	1.991	0
427	1593.755	821.968	11.638	0.009	1911.744	5	-0.513	2.225	0
428	1699.969	823.497	9.949	0.006	1912.236	6	-0.288	3.051	0
429	1520.186	825.070	8.881	0.016	1998.785	7	1.273	10.678	0
430	943.391	825.101	12.429	0.018	2077.876	7	-2.170	2.631	0
431	930.668	825.581	12.460	0.022	2070.577	9	-2.524	3.169	0
432	1365.342	829.984	8.492	0.018	2094.05	8	1.263	12.883	0
433	278.370	830.334	10.828	0.012	1970.218	6	-1.569	4.419	0
434	604.267	834.551	15.431	0.124	1968.763	24	2.001	1.664	0
435	1643.598	832.258	13.112	0.024	1878.441	5	-0.775	2.301	0
436	1208.267	833.519	10.019	0.014	2111.558	5	-2.175	7.297	0
437	25.573	833.600	12.782	0.019	2142.486	5	-1.090	2.247	0
438	1108.717	835.899	7.029	0.025	3066.794	6	1.079	20.714	0
439	944.814	836.704	13.120	0.027	2089.644	5	-1.970	2.481	0
440	1329.875	838.497	12.463	0.018	1968.957	6	-2.043	2.653	0
441	79.814	838.527	10.592	0.008	2063.695	6	-0.832	3.425	0
442	325.701	841.384	8.628	0.014	2096.063	8	0.969	9.635	0
443	146.603	842.600	13.436	0.030	1996.232	6	-0.150	2.197	0
444	1367.223	843.529	11.552	0.017	2023.448	12	-1.518	2.966	0
445	397.426	845.507	9.297	0.010	2062.789	6	0.062	6.410	0
446	1442.890	845.906	13.387	0.028	1907.98	5	-2.511	2.180	0
447	1852.315	846.231	8.503	0.018	2019.885	7	2.266	13.127	0
448	1063.874	847.586	8.952	0.014	2383.326	7	0.495	9.158	0
449	1165.324	848.377	8.893	0.013	2276.639	7	0.257	8.562	0
450	195.829	848.157	11.266	0.012	1973.873	6	-1.173	3.574	0
451	283.658	849.341	11.913	0.008	1982.899	7	-0.546	1.648	0
452	666.999	851.378	12.454	0.021	2020.269	7	-2.653	3.039	0
453	410.087	852.470	11.936	0.013	2018.737	11	-1.289	2.023	0
454	570.672	855.034	9.635	0.010	2016.472	5	-0.413	5.745	0
455	369.127	859.698	12.951	0.028	1993.976	5	-2.863	2.975	0
456	933.757	860.714	10.619	0.018	2077.004	5	-2.455	7.413	0
457	1213.547	861.011	8.623	0.018	2200.729	6	0.782	12.309	0
458	103.787	862.299	10.500	0.008	2035.757	5	-0.611	3.316	0
459	150.664	862.577	11.835	0.011	1981.109	6	-0.576	2.335	0
460	498.715	864.059	11.472	0.013	1952.386	7	-1.534	3.413	0
461	403.476	864.567	11.214	0.013	1970.667	8	-1.025	3.858	0
462	203.546	868.334	10.973	0.008	1965.964	6	-0.671	2.861	0
463	1551.286	872.155	12.559	0.015	1889.531	5	-1.502	2.226	0
464	315.142	872.838	9.202	0.012	2057.556	7	0.445	7.476	0
465	1454.280	873.482	12.855	0.019	1893.515	5	-1.472	2.235	0
466	1910.880	873.630	12.627	0.014	1876.194	5	0.877	1.914	0
467	2010.641	876.272	10.878	0.006	1934.158	5	0.151	2.415	0
468	453.837	876.746	12.357	0.015	1943.41	7	-1.694	2.289	0
469	987.570	877.492	11.028	0.018	2194.382	6	-2.360	6.024	0
470	549.952	877.421	13.257	0.025	1959.783	6	-1.914	2.164	0
471	811.195	878.146	11.961	0.015	1965.635	6	-1.743	3.158	0
472	1032.006	881.374	8.964	0.015	2295.013	7	0.504	9.510	0
473	1576.407	882.239	13.352	0.027	1901.167	5	-0.824	2.191	0
474	1422.379	883.431	10.114	0.009	1939.755	5	-1.089	4.712	0
475	1787.901	885.876	12.151	0.009	1896.341	8	0.052	1.658	0
476	37.522	887.241	9.802	0.012	2146.99	6	0.261	6.332	0
477	555.034	888.013	12.516	0.017	1956.405	6	-1.353	2.428	0
478	2001.541	887.924	12.343	0.012	1920.671	7	0.737	1.884	0
479	58.217	888.864	9.020	0.015	2140.415	7	0.966	9.509	0
480	245.175	888.598	11.478	0.012	1942.043	7	-1.260	3.070	0
481	1066.046	888.874	12.839	0.027	2243.439	7	-3.208	2.946	0
482	12.966	889.810	11.572	0.009	2161.213	9	-0.138	2.197	0
483	386.530	891.673	10.443	0.011	1942.314	5	-1.285	4.701	0
484	445.064	894.451	15.408	0.171	1916.488	8	-9.146	2.386	0
485	1661.319	896.870	12.392	0.013	1889.746	6	-1.223	2.136	0
486	1559.802	897.488	10.762	0.012	1925.099	5	-1.501	4.538	0
487	219.487	899.530	11.014	0.013	1927.111	7	-1.685	4.323	0
488	910.716	900.482	12.009	0.016	2092.637	8	-0.886	3.152	0
489	713.448	901.758	11.941	0.015	2136.742	6	-0.800	3.213	0
490	1064.442	901.900	14.113	0.048	2238.521	10	-2.905	1.809	0
491	352.790	903.404	11.975	0.010	1967.827	6	-0.813	2.027	0
492	681.634	904.202	11.271	0.019	2195.734	7	-2.783	5.545	0
493	274.269	906.039	13.647	0.029	1920.531	5	-1.466	1.808	0
494	504.621	904.503	13.803	0.044	1955.601	5	-1.672	2.473	0
495	1077.020	905.489	11.807	0.016	2154.31	7	-2.096	3.389	0
496	574.375	905.893	11.727	0.015	1980.42	6	-1.867	3.572	0
497	956.406	906.137	13.133	0.022	2221.183	6	0.131	1.923	0
498	747.345	906.615	12.533	0.020	2067.144	7	-2.356	2.789	0
#499	720.868	907.763	11.086	0.019	2125.022	9	-2.506	4.922	0
500	650.128	909.534	13.205	0.026	2137.365	4	-0.845	2.215	0
501	1193.409	908.831	13.163	0.023	2052.067	7	-0.219	2.006	0
502	1571.917	909.170	13.357	0.023	1922.08	7	-0.287	1.766	0
503	1928.857	912.587	15.764	0.212	1885.821	5	-9.423	2.165	0
504	1828.609	916.460	10.655	0.006	1908.738	4	-0.505	2.426	0
505	1852.156	918.071	11.553	0.008	1907.86	5	-0.034	2.163	0
506	1125.847	919.314	11.023	0.020	2102.397	6	-2.617	6.654	0
507	914.877	921.005	9.367	0.022	2211.876	10	1.758	13.126	0
508	1226.529	925.096	10.353	0.015	2046.373	4	-2.081	6.826	0
509	764.306	925.500	12.145	0.017	2031.257	8	-1.979	3.053	0
510	1009.727	926.151	9.052	0.014	2466.218	7	0.182	8.595	0
511	961.511	928.012	9.204	0.012	2470.841	6	-0.157	7.176	0
512	1186.832	928.643	8.937	0.013	2140.386	6	0.280	8.742	0
513	439.234	931.491	11.961	0.013	1923.591	6	-1.360	2.580	0
514	77.666	932.305	12.590	0.014	2010.295	5	0.224	1.957	0
515	605.792	935.526	11.471	0.018	2076.385	8	-2.616	4.576	0
516	1000.352	935.441	10.956	0.023	2620.567	9	-0.024	6.066	0
517	1049.361	936.392	13.919	0.042	2226.062	5	-2.257	1.969	0
518	1330.923	935.873	13.099	0.023	1953.522	6	-2.304	2.108	0
519	105.060	937.168	12.650	0.014	2010.971	5	0.086	1.830	0
520	760.132	938.115	12.791	0.025	2062.93	6	-2.682	2.947	0
521	1439.001	941.783	12.872	0.024	1940.379	5	-2.193	2.755	0
522	1538.908	941.365	13.456	0.024	1898.893	5	-0.440	1.807	0
523	513.495	942.688	10.770	0.015	1975.73	5	-1.978	5.850	0
524	1098.800	946.286	11.086	0.026	2166.623	9	-2.925	4.647	0
525	1107.482	946.628	10.654	0.021	2144.832	4	-3.084	8.375	0
526	491.472	948.142	12.038	0.031	1995.59	5	2.172	6.188	0
527	593.425	948.399	11.021	0.020	2054.916	7	-2.929	6.769	0
528	275.136	951.192	13.090	0.020	1957.779	5	-1.507	1.957	0
529	842.304	950.717	8.570	0.011	2157.054	6	-0.797	7.803	0
530	676.338	951.648	6.775	0.023	3037.487	6	0.212	18.740	0
531	982.523	953.655	6.653	0.024	3383.867	5	0.391	19.917	0
532	1153.339	953.270	12.401	0.017	2075.761	7	-1.822	2.503	0
533	1955.774	955.449	9.537	0.005	1957.342	4	0.342	3.017	0
534	1319.011	960.144	14.530	0.060	1955.536	4	0.127	1.801	0
535	900.836	963.886	9.861	0.011	2280.571	8	-0.770	5.629	0
536	1026.480	964.027	9.700	0.011	2385.452	5	-1.039	6.276	0
537	569.359	966.041	9.194	0.012	2127.573	7	0.031	7.319	0
538	1117.384	966.319	10.116	0.014	2116.524	4	-1.726	6.844	0
539	1285.491	965.837	9.645	0.012	2008.35	6	-0.685	6.730	0
540	1518.249	966.021	10.837	0.014	1933.061	9	-1.771	4.495	0
541	493.672	966.947	10.831	0.015	2009.443	5	-2.066	5.765	0
542	1907.711	967.298	10.802	0.006	1915.575	5	-0.625	2.470	0
543	1150.594	969.226	13.812	0.042	2067.374	6	-2.846	2.241	0
544	417.273	969.719	12.961	0.020	1923.418	6	-1.533	2.071	0
545	1444.823	970.109	11.714	0.016	1964.641	9	-1.986	3.508	0
546	641.839	970.864	10.828	0.016	2252.372	12	-1.697	4.409	0
547	1507.599	970.687	11.654	0.013	1931.308	7	-1.713	3.262	0
548	555.052	977.333	10.596	0.013	2022.821	6	-1.562	5.570	0
549	85.656	979.870	15.255	0.142	2022.321	4	-8.794	2.198	0
550	849.352	978.392	12.446	0.022	2109.052	7	-2.194	3.271	0
551	384.902	978.806	10.135	0.011	1964.57	4	-1.398	5.233	0
552	735.205	979.423	9.656	0.011	2149.514	5	-1.010	6.450	0
553	890.011	979.070	8.169	0.022	2396.707	5	1.187	16.398	0
554	2014.484	979.147	11.467	0.007	1906.026	5	0.537	1.956	0
555	220.484	981.555	12.547	0.019	1933.649	6	0.470	2.734	0
556	506.491	980.669	12.376	0.018	1969.288	6	-1.825	2.784	0
557	661.756	982.359	8.903	0.014	2509.598	9	0.275	7.269	0
558	647.899	982.118	9.341	0.012	2325.478	7	-0.365	6.892	0
559	446.399	984.192	12.303	0.015	1926.958	6	-1.546	2.565	0
560	1241.147	983.605	12.505	0.016	1963.945	5	-0.694	2.315	0
561	1188.244	986.272	10.679	0.017	2023.991	5	-2.267	7.005	0
562	180.281	986.664	12.373	0.013	1966.949	5	-0.599	2.063	0
563	1321.014	987.671	13.517	0.036	1975.44	7	-2.851	2.391	0
564	1465.405	988.367	13.692	0.040	1942.778	9	-1.639	2.039	0
565	1769.547	988.440	11.414	0.007	1919.138	6	-0.651	2.011	0
566	1450.991	989.218	10.958	0.015	1996.243	6	-1.992	5.437	0
567	319.320	989.709	12.206	0.014	1956.644	6	-1.316	2.552	0
568	1331.343	990.969	13.358	0.029	1958.376	5	-2.059	2.284	0
569	908.309	992.065	9.977	0.010	2274.156	7	-0.931	5.035	0
570	758.872	995.128	9.525	0.012	2137.244	6	-0.436	6.673	0
571	896.712	995.495	11.023	0.015	2183.241	10	-1.034	3.787	0
572	813.930	998.434	12.212	0.014	2022.972	6	-1.170	2.463	0
573	831.881	999.805	9.975	0.013	2063.661	5	-1.367	6.670	0
574	1067.376	1003.584	13.572	0.040	2139.106	5	-3.355	2.586	0
575	1307.983	1001.710	12.205	0.018	1993.271	8	-2.243	2.980	0
576	579.522	1002.636	13.327	0.023	2016.116	4	-0.602	1.832	0
577	857.973	1002.940	11.323	0.017	2089.64	8	-2.344	4.742	0
578	1086.322	1002.848	12.137	0.014	2122.042	6	-1.492	2.432	0
579	1428.575	1004.222	11.661	0.013	1974.515	6	-1.682	3.201	0
580	4.825	1004.449	12.952	0.023	2066.255	9	-0.282	2.441	0
581	1702.048	1007.649	11.586	0.008	2056.607	6	-0.310	1.860	0
582	496.484	1009.773	11.500	0.018	1946.829	7	-2.704	4.663	0
583	1546.417	1010.698	12.797	0.015	1892.722	5	-0.287	1.819	0
584	1289.916	1012.617	13.021	0.030	2021.468	4	-3.139	3.026	0
585	160.725	1013.030	12.751	0.016	2005.322	6	-0.858	1.950	0
586	332.328	1012.770	9.381	0.011	2026.886	6	-0.034	6.831	0
587	616.250	1013.239	10.322	0.015	2062.711	5	-1.902	6.980	0
588	1328.454	1013.686	13.342	0.030	1986.123	5	-1.345	2.448	0
589	1857.689	1015.903	12.277	0.011	1882.041	5	-0.123	2.013	0
590	941.689	1016.131	12.768	0.022	2193.606	7	-2.244	2.435	0
591	1011.264	1016.368	8.522	0.020	2395.962	7	0.735	13.875	0
592	1445.826	1015.979	9.600	0.009	2024.411	6	-0.539	5.094	0
593	315.943	1020.721	11.802	0.009	1965.363	7	-0.736	2.127	0
594	438.936	1020.804	13.173	0.024	1956.465	5	-2.110	2.217	0
595	1759.424	1021.947	11.787	0.008	1941.477	5	-0.578	1.864	0
596	748.225	1023.874	12.281	0.018	2080.131	6	-1.611	2.889	0
597	982.165	1026.042	9.679	0.012	2234.636	6	-0.751	6.675	0
598	1036.717	1027.247	10.600	0.019	2223.002	6	-2.577	7.828	0
599	871.899	1028.594	12.537	0.021	2079.376	7	-2.598	2.931	0
600	1262.477	1029.250	8.690	0.015	2104.427	7	0.667	10.496	0
601	267.055	1031.937	12.239	0.013	1961.45	5	-1.001	2.191	0
602	1208.989	1032.259	13.445	0.023	2005.205	5	-0.393	1.702	0
603	1336.896	1033.318	12.420	0.020	1958.54	5	-1.890	3.055	0
604	1093.167	1035.207	10.141	0.014	2178.814	5	-2.095	7.016	0
605	725.152	1036.150	9.831	0.012	2146.264	5	-1.535	6.536	0
606	1693.585	1039.541	7.277	0.022	2476.261	7	1.519	18.138	0
607	434.489	1039.583	11.933	0.016	1988.315	7	-2.224	3.337	0
608	587.581	1040.495	11.608	0.018	2012.957	8	-2.484	4.162	0
609	839.472	1040.396	11.047	0.021	2042.878	8	-3.174	7.015	0
610	1808.465	1040.912	11.508	0.007	1916.053	5	-0.201	1.944	0
611	1466.825	1042.306	10.359	0.014	1971.249	4	-2.015	6.436	0
612	322.181	1043.394	11.248	0.015	1968.206	7	-1.933	4.404	0
613	1043.525	1043.038	10.044	0.014	2176.61	4	-1.964	7.032	0
614	1635.146	1042.166	13.440	0.025	1966.442	5	-0.033	1.821	0
615	1658.750	1044.385	12.530	0.012	2016.152	5	-0.296	1.731	0
616	359.597	1045.164	10.575	0.014	1992.134	5	-1.853	5.776	0
617	1097.543	1045.105	10.610	0.023	2217.089	8	-3.083	6.044	0
618	625.204	1047.589	13.555	0.032	2067.074	5	-2.266	2.128	0
619	418.841	1049.232	13.332	0.026	1954.357	5	-0.673	2.108	0
620	645.810	1049.076	10.730	0.021	2066.466	9	-2.926	7.357	0
621	1138.383	1049.433	11.194	0.020	2126.321	8	-3.022	6.143	0
622	1602.599	1048.752	11.188	0.014	1974.883	7	-1.986	4.415	0
623	1767.970	1049.733	13.078	0.017	1943.709	5	-0.567	1.616	0
624	97.997	1050.302	7.165	0.027	2808.009	6	1.488	21.774	0
625	924.946	1051.832	8.491	0.014	2200.846	6	0.249	10.176	0
626	20.705	1051.306	9.612	0.010	2111.122	5	0.233	5.469	0
627	808.819	1052.207	11.277	0.023	2047.997	10	-3.491	6.363	0
628	658.190	1053.145	10.708	0.020	2058.096	6	-2.870	7.989	0
629	601.452	1053.762	10.540	0.017	2052.896	5	-2.404	7.330	0
630	1179.348	1055.094	10.950	0.019	2050.452	5	-1.087	6.793	0
631	1416.912	1056.510	9.161	0.010	2031.949	8	0.280	6.396	0
632	762.108	1058.706	9.176	0.012	2098.623	7	0.021	7.513	0
633	797.706	1057.639	12.560	0.021	2047.66	7	-1.450	2.958	0
634	515.944	1059.225	12.405	0.016	1982.185	6	-1.941	2.426	0
635	724.013	1059.705	13.441	0.032	2088.276	6	-1.807	2.226	0
636	287.013	1061.034	9.258	0.012	2034.2	7	0.158	7.207	0
637	387.299	1060.703	11.792	0.014	1966.739	5	-1.267	3.208	0
638	1553.128	1061.630	12.575	0.016	1910.265	5	-0.972	2.208	0
639	1818.668	1062.637	13.632	0.032	1900.393	5	-1.461	2.070	0
#640	400.615	1065.459	15.805	0.216	1951.01	9	-15.940	1.990	0
641	884.368	1063.884	12.872	0.033	2076.807	6	-2.868	3.597	0
642	364.479	1064.927	12.649	0.020	1991.967	5	-1.184	2.601	0
643	489.924	1065.983	10.682	0.015	1997.343	5	-1.970	5.891	0
644	470.875	1067.893	12.111	0.013	1987.839	5	-0.143	2.452	0
645	1166.633	1071.516	8.938	0.014	2169.583	7	0.339	8.942	0
646	704.709	1074.515	12.462	0.016	2029.912	6	-1.414	2.265	0
647	1069.783	1074.972	10.082	0.012	2232.619	5	-0.801	6.046	0
648	786.604	1077.417	9.753	0.013	2137.596	7	-0.218	6.790	0
649	1482.469	1077.422	12.967	0.018	1956.472	4	-1.238	1.926	0
650	1313.041	1078.364	12.022	0.015	2021.42	8	-1.560	2.853	0
651	1330.648	1079.518	11.040	0.016	2031.023	7	-2.197	5.284	0
652	420.026	1080.228	13.057	0.023	1944.095	5	-2.072	2.265	0
653	1669.478	1079.941	13.196	0.021	2029.276	5	-0.944	1.851	0
654	1759.720	1079.798	12.350	0.010	1922.434	8	0.067	1.677	0
655	1996.624	1080.476	13.173	0.019	1876.233	4	-0.583	1.742	0
656	200.503	1082.250	9.983	0.010	2009.175	6	-0.331	5.072	0
657	1383.684	1082.714	13.166	0.030	2017.436	5	-2.969	2.681	0
#658	2030.865	1082.938	9.175	0.013	1976.742	10	1.767	8.568	0
659	1103.081	1086.156	7.363	0.023	2629.426	6	0.939	18.286	0
660	1245.509	1085.100	8.901	0.010	2102.828	6	-0.301	6.532	0
661	1853.243	1086.677	12.328	0.011	1900.115	8	-0.113	1.791	0
662	886.115	1087.729	9.010	0.011	2113.284	7	0.081	7.183	0
663	537.714	1089.348	13.329	0.027	1989.693	5	-1.939	2.200	0
664	790.568	1092.671	9.947	0.012	2092.577	5	-1.172	6.116	0
665	1362.529	1092.442	12.374	0.016	2016.825	6	-1.139	2.650	0
666	1690.940	1092.568	13.209	0.018	2000.539	5	0.398	1.573	0
667	1437.628	1095.050	12.025	0.013	1993.292	7	-1.373	2.584	0
668	1340.877	1096.713	9.106	0.013	2127.571	8	0.592	8.091	0
669	1022.067	1097.231	9.641	0.012	2150.167	5	-0.870	7.044	0
670	19.825	1099.920	13.611	0.034	2044.914	5	0.959	2.198	0
671	114.072	1100.261	12.544	0.015	2085.015	5	-0.723	2.142	0
672	386.123	1099.431	11.138	0.015	1956.273	7	-2.132	4.906	0
673	1881.954	1100.715	10.335	0.004	1931.331	4	-0.270	1.862	0
674	1615.027	1101.673	12.181	0.011	1980.881	6	-0.832	1.975	0
675	1418.139	1103.226	9.482	0.010	2061.492	7	-0.249	5.931	0
676	1716.383	1103.534	10.016	0.005	2002.391	5	-0.122	2.785	0
677	578.686	1104.487	10.445	0.014	2036.57	7	-1.825	6.059	0
678	634.800	1105.015	10.892	0.017	2022.479	5	-2.246	6.088	0
679	859.683	1104.723	11.897	0.018	2053.626	7	-2.308	3.775	0
680	2009.813	1104.344	13.382	0.028	1878.207	8	-0.042	2.208	0
681	565.044	1107.975	9.353	0.011	2081.056	9	0.056	6.010	0
682	479.057	1110.956	8.938	0.013	2094.15	10	0.601	8.252	0
683	494.396	1114.300	9.712	0.010	2112.831	7	-0.663	5.548	0
684	529.756	1115.243	9.775	0.011	2051.929	5	-0.862	6.165	0
685	1606.588	1114.916	12.052	0.012	1982.173	5	-0.579	2.364	0
686	861.137	1115.657	11.820	0.021	2045.195	10	-2.855	4.071	0
687	1864.484	1118.049	10.358	0.006	1938.417	5	-0.387	2.574	0
688	1170.715	1120.371	10.465	0.015	2051.55	4	-2.098	6.810	0
689	1518.369	1120.940	12.455	0.013	1940.25	5	-1.024	1.937	0
690	678.366	1124.663	10.502	0.014	2058.55	8	-1.771	5.357	0
691	828.170	1124.442	9.787	0.013	2062.127	6	-0.759	6.955	0
692	496.317	1124.067	10.483	0.016	2116.378	11	-1.801	3.378	0
693	140.722	1127.008	10.541	0.008	2022.959	5	-0.583	3.270	0
694	200.111	1126.405	11.135	0.011	1961.255	7	-1.058	3.345	0
695	32.448	1135.442	12.548	0.014	2035.198	5	-0.334	2.036	0
696	498.607	1136.595	10.794	0.016	2040.019	6	-1.753	6.186	0
697	679.118	1137.268	10.157	0.014	2059.673	5	-1.772	6.995	0
698	1101.492	1136.736	12.450	0.019	2077.289	6	-2.322	2.866	0
699	352.763	1138.171	8.736	0.015	2081.182	8	0.633	9.894	0
700	1203.703	1139.626	12.565	0.017	2020.919	7	-2.009	2.298	0
701	1023.039	1140.949	8.481	0.018	2203.536	7	0.921	12.896	0
702	251.550	1141.207	10.194	0.009	1986.381	5	-0.909	4.109	0
703	1254.991	1141.741	12.564	0.015	2028.363	6	-1.318	2.071	0
704	1707.922	1142.220	10.591	0.010	1981.081	5	-1.454	4.360	0
705	798.671	1142.902	13.619	0.028	2021.237	5	-1.474	1.771	0
706	758.895	1146.283	8.665	0.019	2175.049	7	1.063	13.106	0
707	1246.965	1149.131	13.845	0.045	2040.658	6	-3.001	2.373	0
708	1559.876	1148.786	13.626	0.031	1960.464	6	-1.171	1.941	0
709	1591.686	1152.477	11.297	0.012	2008.58	7	-1.493	3.592	0
710	958.134	1151.910	13.706	0.033	1988.513	5	-0.498	1.934	0
711	915.638	1154.237	10.387	0.016	2018.172	5	-2.251	7.362	0
712	873.817	1155.100	13.382	0.037	2012.773	5	-3.190	2.873	0
713	74.823	1156.271	8.487	0.018	2106.822	7	1.740	13.051	0
714	724.311	1158.155	8.869	0.013	2203.664	8	0.249	8.391	0
715	1571.227	1157.648	12.638	0.016	2000.95	5	-1.647	2.196	0
716	665.152	1158.177	13.053	0.028	2014.916	6	-2.343	2.666	0
717	1729.051	1158.377	11.646	0.011	1964.433	8	-1.355	2.621	0
718	386.607	1159.384	10.191	0.010	1986.181	4	-1.127	4.957	0
719	834.130	1160.007	9.178	0.012	2108.461	7	-0.266	7.621	0
#720	2024.545	1162.796	10.510	0.005	1881.933	9	0.322	2.213	0
721	228.784	1163.601	8.667	0.015	2086.464	8	1.252	10.135	0
722	342.301	1165.609	12.175	0.016	1980.727	6	-1.631	2.929	0
723	1832.433	1166.069	12.326	0.008	1874.088	5	0.157	1.425	0
724	1206.170	1167.374	10.966	0.020	2060.256	5	-2.766	6.986	0
725	726.983	1168.034	10.208	0.013	2151.681	8	-1.731	5.844	0
726	1096.388	1175.114	16.460	0.487	2020.45	7	-35.139	2.547	0
727	1343.692	1172.795	12.021	0.017	2082.261	7	-2.076	3.324	0
728	855.340	1174.152	10.719	0.019	2059.761	5	-2.529	7.426	0
729	2018.653	1174.542	12.251	0.012	1873.748	8	1.117	2.118	0
730	101.634	1175.922	12.324	0.014	2029.603	4	0.005	2.428	0
731	1653.517	1177.007	7.884	0.022	2325.922	7	1.900	16.660	0
732	1278.692	1177.225	9.601	0.010	2108.592	5	-0.796	5.829	0
733	526.687	1179.282	12.521	0.013	2014.04	5	-0.713	1.815	0
734	1596.624	1181.873	8.542	0.018	2121.432	8	1.577	12.525	0
735	499.278	1183.118	10.179	0.011	2037.274	5	-1.295	5.372	0
736	688.640	1185.467	9.923	0.012	2098.883	5	-1.232	6.096	0
737	772.600	1186.142	12.658	0.019	2032.837	6	-1.941	2.422	0
738	426.039	1190.191	8.466	0.017	2133.64	8	1.053	11.811	0
739	990.771	1190.182	11.877	0.017	2005.41	8	-2.180	3.491	0
740	1038.486	1189.276	12.760	0.019	2018.289	6	-1.789	2.278	0
741	1255.220	1191.586	8.440	0.018	2207.298	8	0.926	12.911	0
742	961.459	1193.993	9.977	0.014	2047.522	5	-1.806	7.115	0
743	93.462	1196.422	10.490	0.007	2023.384	5	-0.630	3.112	0
744	556.428	1198.040	8.781	0.016	2174.597	7	0.503	10.719	0
745	1640.272	1197.494	12.717	0.025	2005.649	9	1.292	3.182	0
746	297.440	1198.476	11.231	0.013	1950.35	8	-1.456	3.978	0
747	1173.946	1200.452	8.255	0.022	2234.064	8	0.885	15.616	0
748	390.134	1199.920	11.756	0.014	1992.878	8	-1.984	3.183	0
749	1336.546	1200.493	11.565	0.015	2101.74	10	-1.858	3.694	0
750	1143.076	1201.044	13.600	0.032	2082.829	5	-2.706	2.024	0
751	765.770	1205.613	11.049	0.028	2060.057	9	0.856	9.054	0
752	536.345	1207.240	11.635	0.015	1997.321	5	-1.357	4.002	0
753	1836.949	1208.212	11.313	0.007	1903.771	7	-0.525	1.917	0
754	1752.273	1209.180	13.299	0.026	1912.245	6	-0.345	2.223	0
755	1192.938	1212.333	10.961	0.019	2077.565	6	-2.373	6.682	0
756	40.947	1212.692	9.776	0.010	2046.283	6	0.564	5.685	0
757	1390.006	1214.305	10.171	0.008	2441.939	5	-0.968	3.903	0
758	1344.770	1215.381	9.129	0.012	2305.076	7	0.158	7.640	0
759	579.642	1216.677	8.859	0.012	2148.81	7	0.269	7.854	0
760	875.050	1215.873	11.885	0.010	2030.283	9	-0.097	2.040	0
761	455.002	1217.681	9.989	0.010	2019.258	6	-0.815	5.315	0
762	1428.292	1223.666	14.129	0.059	2393.838	9	1.980	2.268	0
763	768.719	1223.079	9.723	0.013	2115.619	6	-0.612	6.943	0
764	797.885	1225.292	8.860	0.015	2192.939	8	0.409	10.085	0
765	948.578	1225.710	12.745	0.031	2009.297	8	0.644	2.841	0
#766	1960.282	1229.753	16.039	0.335	1872.175	8	-24.985	2.657	0
767	869.786	1229.189	9.240	0.013	2192.775	7	-0.024	8.157	0
768	312.004	1229.094	13.944	0.040	1936.948	5	-1.523	2.005	0
769	1760.878	1230.517	13.881	0.038	1919.733	6	1.394	2.021	0
770	1112.544	1231.552	10.901	0.019	2079.555	6	-2.602	6.693	0
771	134.165	1232.948	9.954	0.009	1993.651	5	0.096	4.833	0
772	589.509	1234.114	13.278	0.030	2052.449	8	0.515	2.511	0
773	512.340	1236.075	14.070	0.049	1996.954	4	-1.714	2.166	0
774	680.163	1236.522	8.478	0.023	2253.111	7	1.191	16.196	0
775	712.649	1236.716	12.172	0.026	2147.5	11	2.145	4.460	0
776	1640.203	1236.762	11.633	0.010	1969.704	6	-0.894	2.535	0
777	1938.324	1237.477	12.594	0.013	1907.561	6	0.787	1.897	0
778	483.410	1239.392	10.777	0.015	2002.254	6	-2.082	5.690	0
779	737.218	1239.083	11.154	0.020	2116.828	7	-2.800	6.258	0
780	865.513	1240.461	8.914	0.012	2184.156	9	-0.402	6.318	0
781	1901.352	1244.148	12.819	0.016	1902.471	5	1.340	1.937	0
782	1227.748	1244.360	12.402	0.018	2037.307	7	-1.874	2.707	0
783	84.802	1247.515	14.038	0.034	1931.005	6	0.032	1.579	0
784	953.070	1247.827	8.144	0.010	2181.385	5	-0.227	7.816	0
785	1403.465	1247.526	6.351	0.023	4005.995	7	0.629	19.087	0
786	701.996	1251.055	7.849	0.019	2484.431	7	0.639	14.713	0
787	1182.951	1249.611	9.891	0.017	2064.519	5	-2.475	8.907	0
788	782.250	1252.851	15.288	0.160	2035.329	7	-7.224	2.403	0
789	1375.805	1251.791	8.471	0.011	2536.01	8	0.880	7.630	0
790	100.560	1252.307	12.252	0.014	1952.824	6	-0.766	2.430	0
791	401.754	1253.054	13.912	0.054	2020.213	9	-2.864	2.505	0
792	737.919	1253.513	12.110	0.017	2087.343	9	-2.200	2.980	0
793	1687.513	1253.847	8.603	0.014	2065.515	8	1.411	9.552	0
794	381.477	1255.658	9.455	0.009	2007.916	6	-0.099	5.033	0
795	625.050	1257.840	10.179	0.013	2114.263	5	-1.520	6.175	0
796	598.286	1258.818	10.108	0.010	2096.332	5	-1.038	5.115	0
797	1797.948	1258.977	10.578	0.011	1920.374	7	0.631	4.637	0
798	814.313	1262.571	13.640	0.046	2031.786	7	-4.960	2.728	0
799	849.830	1263.773	9.060	0.013	2115.888	8	0.771	8.030	0
800	490.094	1266.342	10.860	0.016	2032.7	5	-2.188	6.012	0
801	1118.021	1268.365	8.019	0.024	2341.966	5	0.921	18.268	0
802	420.812	1268.472	9.630	0.009	2051.579	5	-0.581	5.247	0
803	1088.159	1271.985	9.838	0.012	2137.309	5	-0.879	6.335	0
804	2034.074	1271.460	11.834	0.010	1905.213	9	0.778	2.169	0
805	618.513	1274.380	10.211	0.013	2168.693	6	-1.649	6.153	0
806	753.712	1277.476	11.311	0.018	2032.503	8	-2.596	5.095	0
807	1769.429	1277.936	12.227	0.009	1905.374	5	0.002	1.553	0
808	1042.540	1279.512	13.145	0.025	2014.079	6	-1.848	2.270	0
809	1272.751	1279.169	11.537	0.018	2060.931	7	-2.593	4.633	0
810	661.447	1280.906	8.312	0.023	2307.768	6	0.854	17.047	0
811	1064.381	1280.300	10.249	0.015	2100.657	7	-1.907	6.613	0
812	1302.844	1283.158	11.250	0.018	2058.552	8	-2.574	5.406	0
813	1373.474	1282.790	11.599	0.015	2343.483	6	-1.034	3.606	0
814	1753.038	1282.570	12.953	0.015	1905.818	5	0.199	1.611	0
815	1415.369	1284.040	12.244	0.013	2340.	8	-1.234	2.067	0
816	1801.372	1285.509	12.127	0.008	1896.153	5	-0.372	1.514	0
817	215.752	1287.849	9.744	0.010	1967.511	6	0.124	5.370	0
818	1067.582	1289.157	9.974	0.013	2130.986	7	-1.284	6.243	0
819	2021.399	1290.815	13.656	0.033	1872.667	6	-1.511	2.116	0
820	928.554	1291.456	9.985	0.026	2048.216	7	1.020	13.432	0
821	251.175	1292.337	10.137	0.008	1947.451	6	-0.440	3.965	0
822	481.417	1292.817	9.524	0.011	2043.697	6	-0.168	6.260	0
823	618.607	1293.891	12.768	0.018	2068.099	5	-0.965	2.221	0
824	1695.516	1295.737	15.461	0.176	1923.549	7	-15.299	2.345	0
825	673.512	1295.983	12.024	0.017	2229.634	8	0.442	3.295	0
826	549.419	1298.375	10.961	0.015	2039.441	7	-1.738	5.304	0
827	1851.901	1298.896	9.801	0.008	1941.775	5	0.296	4.099	0
828	427.278	1300.551	8.677	0.016	2078.846	7	0.683	11.026	0
829	741.569	1301.309	13.882	0.044	2042.328	5	-1.240	2.270	0
830	955.548	1305.660	15.162	0.137	2036.185	7	-7.656	2.234	0
831	1063.171	1304.676	9.576	0.012	2145.948	5	-0.587	6.808	0
832	1357.493	1305.324	11.926	0.013	2205.549	9	-1.289	2.452	0
833	1025.988	1307.253	12.101	0.016	1997.635	5	-1.417	3.025	0
834	197.763	1311.505	13.515	0.038	1927.746	5	-2.581	2.710	0
835	924.518	1311.360	12.090	0.015	2026.525	7	-1.831	2.744	0
836	568.134	1313.812	8.545	0.017	2169.385	7	0.727	11.653	0
837	978.205	1313.906	9.843	0.013	2031.54	5	-1.503	7.269	0
838	1265.466	1314.074	9.242	0.012	2138.558	6	0.217	7.062	0
839	1305.320	1311.871	13.599	0.032	2063.118	5	-1.180	2.065	0
840	1367.337	1313.824	10.406	0.013	2242.84	5	-1.740	5.836	0
841	1429.750	1314.462	13.100	0.026	2138.754	5	-1.946	2.489	0
842	1752.698	1316.089	11.934	0.008	1910.195	5	-0.429	1.707	0
843	111.042	1318.291	12.103	0.010	1919.289	5	-0.227	1.944	0
844	1621.657	1319.248	12.763	0.014	1922.664	5	-0.231	1.723	0
845	1076.884	1323.061	9.263	0.014	2148.332	7	0.007	8.269	0
846	945.436	1324.151	11.898	0.016	2025.573	7	-2.149	3.314	0
847	1266.867	1323.989	9.092	0.016	2193.146	9	0.371	5.520	0
848	668.106	1327.909	8.975	0.015	2352.899	7	1.196	9.438	0
849	681.040	1328.310	8.704	0.018	2276.901	9	1.197	8.672	0
850	1145.291	1328.460	9.940	0.012	2088.585	4	-1.494	6.375	0
851	1019.855	1329.803	12.744	0.024	2019.259	5	-2.181	2.949	0
852	1097.173	1329.839	9.784	0.013	2116.936	5	-0.751	6.936	0
853	1473.455	1330.075	9.546	0.009	2077.656	6	-0.381	5.501	0
854	572.861	1332.748	12.627	0.018	2046.163	8	0.923	2.337	0
855	532.103	1334.283	10.010	0.011	2028.31	5	-0.866	5.725	0
856	81.393	1335.570	11.780	0.008	1948.94	5	0.200	1.911	0
857	1352.078	1338.122	9.178	0.012	2163.001	6	0.370	7.306	0
858	648.851	1338.922	9.354	0.012	2270.445	7	0.770	6.795	0
859	818.699	1340.531	11.090	0.018	1967.587	8	-2.529	5.957	0
860	623.667	1348.199	9.075	0.013	2214.198	8	0.605	8.456	0
861	1024.678	1347.604	12.523	0.021	2045.336	8	-2.127	2.964	0
862	47.962	1348.859	11.318	0.012	1969.18	4	0.071	3.780	0
863	852.162	1348.843	10.931	0.018	1982.449	6	-2.501	6.600	0
864	1447.790	1348.994	10.703	0.013	2020.514	5	-1.683	5.393	0
865	239.024	1349.736	9.877	0.007	1955.241	6	0.074	3.676	0
866	1387.330	1351.906	12.022	0.017	2040.622	5	-1.976	3.342	0
867	1314.001	1353.000	9.772	0.011	2091.928	5	-0.673	6.335	0
868	1054.372	1353.861	9.719	0.019	2124.177	9	2.068	10.517	0
869	1102.268	1355.324	13.563	0.032	2049.01	4	-1.705	2.098	0
870	1004.236	1356.015	12.758	0.022	2005.306	6	-2.264	2.660	0
871	1037.115	1356.535	10.737	0.017	2127.208	10	-2.041	6.088	0
872	503.283	1360.430	10.181	0.010	1969.091	5	-0.984	5.068	0
873	707.260	1360.573	11.552	0.015	2094.423	7	-2.047	3.868	0
874	1807.415	1362.008	10.290	0.006	1921.218	5	-0.422	2.988	0
875	89.264	1362.568	13.211	0.023	1939.446	5	0.528	2.075	0
876	1780.045	1367.440	12.767	0.014	1890.827	5	-0.101	1.695	0
877	1069.297	1369.151	12.726	0.018	2046.549	6	-1.279	2.250	0
878	280.649	1369.290	13.236	0.021	1910.942	5	-1.016	1.871	0
879	1038.192	1372.600	11.848	0.017	2043.893	8	-2.064	3.767	0
880	1236.008	1372.671	9.722	0.013	2078.851	6	-0.349	7.087	0
881	1363.892	1373.065	12.769	0.019	2020.451	6	-1.713	2.274	0
882	246.980	1378.687	12.363	0.015	1930.901	5	-0.285	2.386	0
883	619.230	1381.221	8.957	0.014	2147.818	7	0.355	8.946	0
884	1191.826	1381.165	11.367	0.019	2062.34	7	-1.792	5.338	0
885	710.459	1381.577	13.431	0.028	2122.41	11	-2.964	1.786	0
886	763.892	1382.486	9.675	0.012	2085.852	5	-0.847	6.501	0
887	1164.995	1382.692	8.365	0.020	2270.369	7	1.319	14.266	0
888	1725.233	1383.553	9.036	0.011	1986.786	7	1.057	7.220	0
889	935.931	1384.089	10.099	0.014	2058.802	4	-1.719	6.791	0
890	1287.047	1384.126	9.787	0.011	2062.259	5	-0.887	6.106	0
891	583.302	1385.918	10.057	0.010	2034.05	5	-0.973	5.069	0
892	723.570	1385.340	10.275	0.013	2096.151	5	-1.583	6.226	0
893	827.260	1385.633	13.347	0.026	2026.189	6	-1.297	1.962	0
894	1137.698	1387.373	8.468	0.020	2209.724	9	1.991	11.355	0
895	658.865	1386.546	11.009	0.018	2122.989	7	-2.386	6.065	0
897	1006.168	1388.206	12.049	0.016	1997.464	6	-1.627	3.147	0
898	958.838	1389.606	9.123	0.015	2125.797	8	0.454	9.522	0
899	137.882	1392.849	10.399	0.007	1961.376	6	-0.403	3.149	0
900	1690.674	1393.749	9.948	0.008	1965.752	5	-0.288	3.963	0
901	1443.296	1395.353	11.740	0.009	1989.675	6	-0.913	2.110	0
902	149.739	1396.163	10.988	0.011	1959.459	10	-1.285	2.739	0
903	1147.428	1396.601	8.412	0.020	2309.491	6	1.500	14.517	0
904	1239.087	1395.853	10.288	0.013	2026.887	5	-1.626	6.028	0
905	736.611	1397.618	12.238	0.015	2089.588	9	-1.227	2.394	0
906	1171.224	1396.786	10.279	0.011	2128.255	9	-0.912	4.164	0
907	532.433	1397.923	12.137	0.014	1954.266	6	-1.234	2.593	0
908	206.269	1399.368	12.944	0.021	1936.166	5	-1.509	2.219	0
909	458.697	1398.424	12.854	0.019	1909.74	5	-0.925	2.159	0
910	903.109	1399.354	12.966	0.028	2013.556	5	-3.245	2.945	0
911	2018.756	1402.161	13.103	0.033	1855.08	5	2.283	3.264	0
912	607.630	1402.361	11.075	0.015	2047.144	8	-1.849	5.045	0
913	770.608	1409.086	9.164	0.015	2255.105	7	0.228	9.257	0
914	662.151	1412.544	13.748	0.040	2056.131	5	-1.733	2.304	0
915	966.790	1411.630	13.091	0.020	2058.963	7	-0.993	1.897	0
916	743.149	1414.174	9.807	0.011	2084.877	6	-0.723	5.927	0
917	285.872	1415.399	12.684	0.016	1916.568	5	-1.035	2.109	0
918	435.560	1414.925	13.488	0.026	1927.897	5	-1.268	1.855	0
919	1055.353	1416.103	8.830	0.015	2163.034	7	0.620	10.243	0
920	491.280	1417.598	13.617	0.037	1951.124	5	-2.650	2.361	0
921	1382.475	1416.612	10.178	0.012	1999.024	4	-1.568	5.898	0
922	791.354	1417.771	11.956	0.023	2094.937	12	1.741	4.061	0
923	702.490	1419.247	9.212	0.013	2074.26	6	0.230	8.174	0
925	658.184	1421.623	12.990	0.028	2040.174	5	-2.645	2.859	0
926	977.541	1421.803	12.547	0.018	2040.685	6	-1.823	2.413	0
927	1811.221	1420.943	14.185	0.055	1892.416	5	-1.873	2.250	0
928	298.070	1422.851	13.513	0.031	1930.567	6	-2.287	2.171	0
929	833.885	1423.900	9.396	0.015	2128.656	6	0.311	8.842	0
930	758.748	1428.018	11.931	0.011	2061.101	5	-0.215	2.390	0
931	538.878	1429.405	13.128	0.022	1924.633	5	-1.282	2.111	0
932	560.944	1428.643	13.279	0.023	1970.691	5	-0.692	1.907	0
933	55.033	1429.775	10.239	0.009	1985.452	5	0.356	4.266	0
934	1901.425	1432.411	13.577	0.029	1872.74	6	-2.321	1.933	0
935	1314.143	1431.943	12.771	0.015	1975.228	8	-0.561	1.543	0
936	1348.346	1431.875	12.376	0.014	1977.808	6	-1.563	2.204	0
937	1294.829	1432.493	9.459	0.013	2002.257	6	-0.061	7.598	0
938	1403.146	1432.575	13.401	0.025	1998.145	5	-0.681	1.862	0
939	788.515	1433.470	8.209	0.023	2274.508	5	0.995	16.843	0
940	1809.196	1433.863	14.090	0.045	1875.836	5	-2.183	2.011	0
941	861.694	1434.857	8.621	0.018	2144.448	7	1.005	12.665	0
942	1730.008	1436.276	10.294	0.008	1935.197	5	-0.622	3.864	0
943	671.222	1436.663	10.891	0.018	2048.922	5	-2.470	6.713	0
944	995.941	1437.319	13.119	0.025	2037.656	5	-1.650	2.331	0
945	386.297	1438.965	12.010	0.010	1895.118	5	-0.500	2.091	0
946	1020.929	1440.351	9.198	0.014	2088.353	6	0.456	8.512	0
947	1164.111	1440.794	13.208	0.046	2046.006	7	1.940	4.103	0
948	685.760	1444.511	12.464	0.019	2050.305	7	-1.953	2.673	0
949	464.127	1446.091	13.342	0.025	1930.812	5	-1.423	2.032	0
950	890.469	1446.435	10.986	0.017	2089.429	5	-2.174	5.889	0
951	157.619	1447.339	13.506	0.028	1911.122	5	0.251	1.999	0
952	1429.906	1448.440	12.292	0.027	2028.265	10	1.872	4.401	0
953	1517.007	1449.342	13.647	0.033	1977.777	5	-1.622	2.067	0
954	1149.502	1451.574	11.336	0.017	2088.31	10	-2.393	4.589	0
955	1663.054	1453.240	11.526	0.008	1946.084	7	-0.469	2.125	0
956	808.327	1453.389	9.969	0.012	2107.357	5	-1.408	6.453	0
957	963.750	1454.024	9.235	0.012	2152.774	8	0.284	4.755	0
958	949.620	1453.843	8.348	0.018	2215.849	6	0.865	13.161	0
959	1596.657	1456.560	7.396	0.020	2440.177	6	1.845	16.177	0
960	285.053	1457.526	13.609	0.029	1926.188	4	-1.311	1.897	0
961	1135.554	1458.519	10.923	0.018	2017.18	8	-2.037	5.399	0
962	333.844	1459.522	10.961	0.012	1928.534	7	-1.414	4.275	0
963	1444.057	1461.788	7.984	0.021	2233.602	7	1.881	15.699	0
964	1488.506	1461.978	9.405	0.010	2031.333	5	-0.012	5.956	0
965	839.084	1463.145	10.958	0.016	2057.707	7	-2.045	5.519	0
966	1719.184	1467.184	15.810	0.236	1912.169	8	-13.743	2.325	0
967	224.899	1466.046	11.743	0.009	1918.417	7	-0.637	2.095	0
968	620.025	1465.691	10.679	0.014	2015.11	5	-1.800	5.661	0
969	872.351	1465.652	13.144	0.028	2086.614	5	-1.278	2.539	0
970	1657.769	1466.864	11.765	0.011	1947.963	6	-0.589	2.475	0
971	1144.553	1467.511	9.793	0.013	2097.441	5	-0.781	7.108	0
972	687.095	1468.624	13.182	0.027	2021.725	5	-1.696	2.424	0
973	1203.333	1471.201	10.761	0.014	2016.86	5	-1.760	5.647	0
974	413.093	1474.904	11.996	0.012	1932.704	5	-0.607	2.424	0
975	374.129	1475.420	11.653	0.011	1942.197	7	-1.127	2.594	0
976	1286.645	1476.106	12.954	0.018	1943.527	8	-0.820	1.952	0
977	630.777	1476.872	11.901	0.014	2027.625	8	-1.416	2.594	0
978	436.203	1477.616	12.515	0.013	1937.604	5	0.238	1.848	0
979	737.986	1477.840	10.604	0.014	2011.602	5	-1.763	5.981	0
980	857.176	1481.532	9.884	0.013	2099.156	5	-0.791	6.997	0
981	231.525	1485.293	13.383	0.025	1919.835	6	0.325	1.951	0
982	1354.484	1488.202	12.482	0.013	1950.381	5	-0.722	1.858	0
983	728.829	1491.125	13.135	0.022	1985.007	7	-0.862	2.055	0
984	336.655	1492.661	12.805	0.018	1934.823	9	-0.105	1.513	0
985	411.315	1491.970	11.949	0.011	1941.749	5	-0.788	2.360	0
986	909.831	1491.616	8.612	0.015	2117.478	6	0.667	10.278	0
987	1178.938	1492.284	9.189	0.012	2077.145	6	0.091	7.306	0
988	347.681	1494.221	11.684	0.012	1949.469	9	-0.875	2.180	0
989	1379.795	1493.627	12.161	0.014	1932.475	5	-1.275	2.681	0
990	643.962	1496.396	13.052	0.026	2020.592	5	-1.155	2.600	0
991	1740.298	1498.511	9.950	0.010	1919.955	5	0.399	5.306	0
992	340.351	1499.691	12.277	0.015	1949.157	6	-1.590	2.487	0
993	457.473	1501.390	11.348	0.011	1926.748	5	-0.455	3.109	0
994	1088.035	1502.209	12.129	0.018	1950.433	5	-1.890	3.303	0
995	226.416	1504.503	12.866	0.017	1920.617	5	-0.714	1.916	0
996	761.388	1504.601	12.615	0.017	1977.92	5	-1.376	2.370	0
997	280.059	1507.227	12.992	0.020	1935.163	4	-1.593	2.132	0
998	165.708	1508.634	10.293	0.008	1997.726	5	0.008	3.614	0
999	1139.558	1514.178	12.591	0.014	2020.993	9	-0.087	1.798	0
1000	1171.138	1516.830	12.551	0.016	2053.642	5	-0.467	2.259	0
1001	615.146	1518.794	8.523	0.020	2120.019	7	1.203	14.328	0
1002	1288.376	1518.844	10.809	0.015	1915.389	6	-2.002	5.822	0
1003	646.328	1519.844	13.403	0.031	2001.33	5	0.349	2.365	0
1004	188.903	1521.184	9.336	0.012	1984.902	6	0.974	7.475	0
1005	695.527	1524.778	15.747	0.221	1996.357	7	-10.513	2.201	0
1006	963.905	1523.390	11.081	0.017	2007.295	5	-2.118	5.837	0
1007	1863.633	1523.651	10.456	0.008	1892.249	5	0.021	3.355	0
1008	1197.759	1525.104	10.524	0.014	2036.009	6	-1.730	6.215	0
1009	138.533	1527.408	9.143	0.015	2024.885	7	1.477	9.503	0
1010	493.497	1528.121	11.621	0.011	1948.358	6	-0.878	2.865	0
1011	1144.534	1528.899	9.112	0.015	2109.105	6	0.498	9.704	0
1012	707.612	1531.236	13.562	0.025	1990.616	5	-0.708	1.697	0
1013	944.573	1531.658	12.264	0.016	2013.961	5	-1.383	2.664	0
1014	530.572	1533.994	11.887	0.013	1958.504	6	-0.647	2.787	0
1015	870.536	1535.074	12.096	0.014	1990.364	6	-1.461	2.726	0
1016	515.384	1537.877	10.445	0.010	1975.086	6	-1.014	4.377	0
1017	1686.475	1538.737	11.804	0.012	1905.896	5	-0.434	2.671	0
1018	980.272	1540.112	8.896	0.016	2125.216	6	0.917	10.772	0
1019	1094.343	1540.582	12.337	0.017	1997.331	6	-1.391	2.672	0
1020	837.062	1540.987	10.419	0.012	2065.512	5	-1.386	5.291	0
1021	911.805	1540.467	10.877	0.016	1977.443	5	-2.036	6.002	0
1022	1203.844	1541.618	8.619	0.032	2072.813	8	3.375	22.147	0
1023	65.233	1542.674	13.246	0.018	1945.14	5	-0.307	1.568	0
1024	1506.199	1541.376	13.074	0.021	1940.45	6	0.462	2.025	0
1025	1924.612	1542.757	10.585	0.007	1933.668	8	0.510	2.753	0
1026	1916.449	1544.817	10.010	0.012	1930.024	12	0.443	3.520	0
1027	340.075	1545.990	11.336	0.010	1905.284	6	-0.993	3.015	0
1028	994.526	1546.405	11.055	0.016	2060.655	10	-1.725	4.314	0
1029	628.703	1546.924	12.800	0.022	2026.505	5	-1.820	2.623	0
1030	1658.258	1547.124	12.593	0.011	1884.051	5	-0.606	1.463	0
1031	118.855	1549.590	12.254	0.011	1948.19	5	0.355	1.948	0
1032	1347.453	1550.302	11.700	0.015	1933.763	5	-1.255	3.616	0
1033	1494.239	1550.231	12.010	0.010	1926.	5	-0.203	2.055	0
1034	1176.572	1552.010	13.368	0.031	1993.386	5	-0.196	2.384	0
1035	599.244	1554.297	9.570	0.012	2066.318	6	0.093	6.679	0
1036	825.711	1554.697	10.127	0.013	2130.703	7	-0.341	6.144	0
1037	1005.489	1559.226	10.478	0.014	2038.233	5	-1.729	6.267	0
1038	1109.447	1557.548	13.570	0.039	2025.75	9	0.462	2.248	0
1039	832.118	1562.166	8.713	0.019	2190.108	10	0.745	8.824	0
1040	476.221	1563.413	11.992	0.010	1933.484	5	-0.439	1.942	0
1041	709.423	1563.451	10.208	0.012	2019.816	5	-1.101	5.734	0
1042	688.463	1567.298	10.446	0.016	2059.889	6	0.191	6.924	0
1043	1364.127	1567.038	10.818	0.013	1945.374	5	-1.357	5.002	0
1044	1433.537	1568.427	13.412	0.031	1952.906	5	-2.085	2.328	0
1045	22.123	1571.997	10.621	0.007	1977.683	5	0.370	2.906	0
1046	187.367	1571.728	11.926	0.011	1914.649	4	0.193	2.403	0
1047	468.499	1575.332	15.103	0.119	1958.412	8	-8.959	2.113	0
1048	1548.766	1573.262	10.679	0.011	1952.665	4	-1.146	4.677	0
1049	419.987	1574.848	10.007	0.009	1959.416	5	-0.319	4.768	0
1050	1739.104	1575.321	10.271	0.009	1918.901	4	-0.225	4.125	0
1051	449.298	1580.262	10.840	0.012	1943.887	6	-1.096	4.443	0
1052	1110.578	1579.919	8.830	0.018	2101.26	7	1.344	12.348	0
1053	1598.865	1581.063	11.791	0.011	1903.265	6	-0.128	2.491	0
1054	1501.672	1583.880	10.705	0.014	1916.955	4	-1.210	5.524	0
1055	1302.901	1585.371	13.414	0.027	1914.247	5	-1.240	2.043	0
1056	886.569	1585.715	12.669	0.015	1982.297	5	-1.019	2.027	0
1057	1199.048	1585.582	11.003	0.015	1988.563	6	-1.682	5.036	0
1058	938.989	1587.078	10.193	0.013	2014.886	5	-1.129	6.176	0
1059	309.168	1590.326	13.297	0.019	1922.074	5	-0.166	1.613	0
1060	537.047	1589.324	11.949	0.009	1944.799	5	-0.576	1.870	0
1061	611.612	1589.943	10.744	0.010	1985.42	5	-1.057	4.042	0
1062	1037.667	1589.479	13.335	0.028	1965.635	6	-0.909	2.222	0
1063	1250.900	1589.881	12.956	0.028	1946.6	7	0.934	2.908	0
1064	1389.344	1591.920	8.897	0.019	2027.43	6	1.648	12.351	0
1065	1245.625	1595.024	13.209	0.023	1964.239	7	-0.304	1.976	0
1066	129.653	1596.452	13.799	0.035	1916.208	7	-0.082	1.945	0
1067	384.844	1596.707	9.971	0.008	1959.637	5	-0.120	4.220	0
1068	670.376	1598.978	8.644	0.020	2157.485	7	1.392	13.662	0
1070	109.664	1597.845	13.202	0.021	1923.509	5	-0.370	1.895	0
1071	752.281	1597.851	11.426	0.014	1976.646	8	-1.646	3.851	0
1072	712.174	1600.297	13.042	0.017	2036.865	5	-0.600	1.682	0
1073	1608.848	1602.772	14.327	0.062	1867.519	5	-3.656	2.295	0
1074	285.647	1601.589	10.274	0.007	1927.249	5	-0.181	3.125	0
1075	39.551	1602.738	13.206	0.022	1962.272	5	0.436	1.924	0
1076	79.566	1602.597	11.368	0.010	1946.757	5	0.599	2.950	0
1077	1443.945	1602.715	11.606	0.014	1969.333	6	-1.606	3.636	0
1078	1405.913	1605.513	12.484	0.015	1993.88	7	0.209	2.224	0
1079	396.432	1606.477	11.844	0.009	1952.939	8	-0.214	1.777	0
1080	937.201	1609.361	9.387	0.014	2053.676	6	0.405	8.394	0
1081	444.936	1611.166	13.052	0.021	1928.263	5	-0.186	2.110	0
1082	1469.815	1614.435	12.089	0.017	1915.661	6	1.562	3.355	0
1083	1038.899	1618.604	12.698	0.020	1968.864	5	-1.443	2.561	0
1084	1533.650	1622.193	13.536	0.033	1873.954	5	-2.388	2.304	0
1085	65.127	1623.535	11.248	0.009	2004.913	4	0.412	2.793	0
1086	1279.796	1623.824	10.689	0.014	1921.496	4	-1.414	5.692	0
1087	38.845	1624.922	10.261	0.009	2014.781	5	0.830	4.386	0
1088	312.460	1624.503	12.892	0.018	1899.231	5	-1.457	2.021	0
1089	1423.672	1626.741	8.635	0.019	2064.677	7	1.786	13.149	0
1090	683.904	1628.117	10.178	0.012	2059.964	5	-0.421	5.611	0
1091	1325.161	1628.292	12.044	0.013	1939.066	5	-1.233	2.636	0
1092	1149.585	1629.038	9.783	0.011	2048.416	5	-0.492	6.272	0
1093	780.640	1630.585	11.817	0.014	1995.197	5	0.366	3.219	0
1094	1356.666	1634.515	12.962	0.017	1900.313	5	-0.274	1.879	0
1095	550.231	1638.044	12.166	0.010	1944.817	4	-0.319	1.885	0
1096	724.154	1637.936	9.741	0.012	2080.276	6	0.037	6.601	0
1097	742.098	1640.651	12.471	0.014	2037.86	8	-0.271	1.836	0
1098	1167.969	1642.459	13.091	0.023	1999.109	5	-1.384	2.216	0
1099	1141.625	1646.348	12.413	0.019	2043.358	7	0.830	2.844	0
1100	55.604	1645.989	9.323	0.017	2032.458	6	2.215	10.460	0
1101	1321.185	1647.015	13.796	0.031	1928.759	5	-1.055	1.745	0
1102	188.534	1647.787	13.986	0.041	1903.076	6	-1.325	1.978	0
1103	985.370	1653.514	12.262	0.018	1952.968	6	-1.817	3.039	0
1104	488.013	1654.947	13.417	0.020	1932.012	6	-0.087	1.532	0
1105	1124.719	1656.825	11.764	0.013	2086.096	6	-1.128	2.975	0
1106	689.806	1659.323	11.344	0.014	2057.979	8	-1.822	3.894	0
1107	1202.935	1660.312	11.611	0.012	1953.801	5	-0.610	2.961	0
1108	772.109	1663.730	9.121	0.015	2096.905	6	0.866	9.327	0
1109	874.576	1665.558	11.163	0.016	2036.654	7	-1.837	4.830	0
1110	1163.128	1664.468	12.298	0.012	1987.043	4	-0.528	2.070	0
1111	246.888	1666.790	11.517	0.009	1910.851	5	0.259	2.512	0
1112	1088.271	1668.400	8.632	0.023	2205.724	9	2.029	11.539	0
1113	1535.376	1670.428	12.711	0.014	1881.39	5	-0.666	1.782	0
1114	349.877	1670.853	11.962	0.009	1924.425	5	-0.040	1.879	0
1115	1732.385	1671.058	12.070	0.013	1880.115	5	0.409	2.602	0
1116	892.714	1671.442	10.189	0.015	2043.047	5	-1.948	7.158	0
1117	1100.586	1672.557	7.596	0.025	2452.051	5	0.808	19.782	0
1118	1465.105	1671.651	12.110	0.010	1886.433	4	0.480	1.903	0
1119	1862.357	1674.031	10.652	0.011	1882.596	5	0.255	4.645	0
1120	12.922	1675.590	12.901	0.019	1952.898	8	1.087	2.132	0
1121	1019.904	1675.557	12.822	0.017	1988.17	5	-1.087	1.977	0
1122	775.682	1677.041	11.259	0.015	2054.447	12	-1.679	3.215	0
1123	1224.723	1677.797	8.910	0.017	2062.533	6	1.184	11.395	0
1124	944.742	1679.401	10.523	0.015	2021.342	4	-1.788	6.385	0
1125	584.328	1680.906	9.901	0.010	2019.236	5	-0.196	5.076	0
1126	834.224	1680.789	9.098	0.015	2110.384	6	0.830	9.869	0
1127	165.302	1681.256	10.911	0.008	1943.143	5	0.145	3.110	0
1128	1827.885	1682.980	11.033	0.012	1880.282	5	-0.061	4.371	0
1129	1903.102	1685.458	10.759	0.011	1904.401	5	0.443	4.249	0
1130	413.607	1687.312	10.943	0.024	1974.718	9	2.709	8.818	0
1131	200.210	1688.831	9.589	0.015	1944.589	6	1.417	8.368	0
1132	1405.702	1690.629	13.438	0.027	1891.212	5	-1.949	1.994	0
1133	124.628	1694.104	13.443	0.029	1914.273	6	0.774	2.149	0
1134	1332.111	1694.699	11.130	0.014	1915.329	5	-1.152	4.811	0
1135	1641.508	1695.096	11.307	0.012	1874.1	4	-0.597	3.551	0
1136	933.318	1695.532	10.613	0.013	1995.783	4	-1.205	5.265	0
1137	654.310	1696.929	10.751	0.012	2011.327	5	-1.106	4.639	0
1138	1021.237	1697.192	12.833	0.018	2003.611	5	-0.812	2.026	0
1139	1093.840	1701.332	13.081	0.023	2110.097	7	-0.175	2.211	0
1140	476.111	1700.973	13.355	0.024	1963.198	5	0.010	1.917	0
1141	41.277	1704.034	13.658	0.034	1904.176	5	1.159	2.164	0
1142	1527.652	1706.910	12.963	0.020	1864.737	6	-0.238	2.209	0
1143	1016.015	1709.517	12.805	0.022	1980.8	6	-1.708	2.603	0
1144	805.324	1713.528	10.815	0.013	2059.278	4	-1.424	5.025	0
1145	1692.043	1714.506	9.531	0.016	1939.96	5	1.395	9.342	0
1146	348.748	1714.951	9.859	0.010	1966.424	5	0.368	5.333	0
1147	1102.574	1716.001	10.583	0.013	2032.479	5	-1.348	5.575	0
1148	956.474	1718.116	13.272	0.024	1949.102	5	-1.266	2.040	0
1149	1152.297	1719.040	12.314	0.020	1955.543	4	-1.312	3.311	0
1150	284.392	1719.464	12.941	0.015	1923.342	5	-0.182	1.688	0
1151	542.856	1718.702	12.840	0.014	2038.156	5	0.440	1.619	0
1152	1051.851	1726.736	12.440	0.017	2005.323	5	-0.679	2.552	0
1153	924.861	1729.169	12.507	0.017	2013.233	5	-0.733	2.475	0
1154	1466.192	1729.579	12.347	0.013	1882.478	8	-0.377	2.241	0
1155	1329.084	1731.442	12.306	0.037	1947.339	5	4.668	6.430	0
1156	861.491	1736.149	12.728	0.017	2034.302	9	0.106	2.079	0
1158	397.112	1737.280	10.145	0.008	1984.534	5	0.051	4.030	0
1159	725.792	1737.477	11.215	0.014	2091.369	6	-1.584	4.202	0
1160	1929.706	1742.012	15.596	0.210	1878.816	7	-12.150	2.512	0
1161	1524.655	1741.503	12.563	0.015	1877.3	5	-0.315	2.128	0
1162	1629.479	1740.991	12.457	0.017	1876.755	5	-0.592	2.719	0
1163	1732.619	1740.653	12.519	0.014	1862.66	5	0.109	2.113	0
1164	1974.368	1739.171	13.665	0.032	1851.005	5	0.747	2.013	0
1165	763.770	1741.719	11.710	0.014	2100.561	6	-0.944	3.265	0
1166	1368.135	1743.711	12.711	0.018	1928.919	5	-0.616	2.392	0
1167	872.582	1745.918	12.237	0.012	2071.2	8	0.596	2.115	0
1168	1033.196	1748.024	9.654	0.014	2036.043	6	0.194	7.577	0
1169	855.156	1749.384	10.276	0.011	2170.842	9	-0.811	4.464	0
1170	99.731	1753.834	9.600	0.018	2000.159	5	2.600	10.453	0
1171	115.955	1753.835	9.157	0.019	2014.412	6	2.454	10.928	0
1172	761.717	1756.281	11.132	0.016	2131.649	7	-1.907	4.900	0
1173	716.247	1757.454	13.047	0.020	2119.564	5	-0.191	1.934	0
1174	687.409	1761.999	11.743	0.010	2097.445	6	-0.663	2.324	0
1175	861.928	1761.979	8.952	0.018	2273.225	6	1.356	11.695	0
1176	1315.946	1761.865	10.968	0.014	1900.496	5	-1.267	4.909	0
1177	141.764	1764.090	11.596	0.011	1941.078	5	1.009	2.860	0
1178	1396.977	1772.377	10.086	0.013	1939.974	5	-0.297	6.417	0
1180	1883.425	1772.830	11.963	0.012	1899.769	7	1.066	2.563	0
1181	1684.884	1773.787	12.448	0.012	1903.368	6	-0.078	1.878	0
1182	523.892	1775.989	9.224	0.017	2383.819	10	1.442	8.479	0
1183	1337.990	1775.962	12.911	0.018	1905.184	4	-0.643	1.987	0
1184	875.612	1777.099	10.833	0.012	2185.652	7	-0.885	3.923	0
1185	378.124	1777.072	8.882	0.017	2023.948	7	1.711	11.367	0
1186	224.492	1778.795	11.856	0.011	1897.368	5	1.244	2.575	0
1187	545.328	1779.157	10.768	0.010	2130.532	7	-0.390	3.927	0
1188	886.499	1782.297	10.441	0.014	2144.451	5	-1.368	6.097	0
1189	944.096	1784.879	15.963	0.258	2023.573	8	-17.072	2.096	0
1190	1692.527	1783.333	12.613	0.017	1896.319	7	-1.120	2.157	0
1191	518.384	1782.347	7.895	0.024	2348.981	10	1.800	16.764	0
1192	485.723	1785.056	11.098	0.011	2103.626	4	-0.961	3.528	0
1193	1250.344	1784.749	12.775	0.017	1928.633	5	-0.732	2.133	0
1194	1274.074	1784.562	10.725	0.014	1920.802	4	-1.163	5.801	0
1195	1386.490	1784.807	11.923	0.015	1897.297	9	0.380	3.113	0
1196	556.642	1785.537	11.979	0.010	2113.419	9	-0.233	1.689	0
1197	664.996	1785.758	10.109	0.011	2169.72	5	-0.373	5.545	0
1198	1859.541	1785.807	11.035	0.011	1906.477	5	0.262	3.895	0
1199	588.131	1786.622	13.439	0.027	2050.371	5	-0.695	1.935	0
1200	1371.616	1786.635	12.015	0.012	1888.574	6	-0.231	2.382	0
1201	464.436	1787.415	11.021	0.009	2027.766	5	-0.641	3.032	0
1202	1554.773	1790.151	13.452	0.031	1842.37	5	-0.202	2.377	0
1203	804.121	1793.993	10.375	0.012	2222.8	4	-1.055	5.395	0
1204	705.764	1798.905	13.356	0.029	2190.738	5	0.058	2.166	0
1205	666.876	1801.210	11.439	0.011	2176.704	7	-0.697	2.822	0
1206	846.544	1800.944	9.564	0.014	2254.647	5	0.491	8.062	0
1207	545.458	1803.875	12.527	0.015	2121.838	5	-0.241	2.150	0
1208	1731.446	1804.217	12.850	0.021	1853.226	5	0.838	2.458	0
1209	1851.860	1804.307	13.809	0.038	1904.455	6	1.582	2.130	0
1210	926.166	1805.767	12.343	0.012	2091.185	6	-0.340	1.879	0
1211	440.483	1808.038	10.524	0.009	1987.744	5	-0.402	3.836	0
1212	1688.518	1814.248	15.873	0.284	1882.016	7	-10.119	2.642	0
1213	1130.026	1812.679	11.175	0.013	1933.237	4	-0.730	4.295	0
1214	175.663	1813.606	13.359	0.023	1894.748	4	-0.105	1.874	0
1215	1210.417	1813.626	10.150	0.012	1970.4	5	-0.190	6.173	0
1216	1149.766	1815.820	9.942	0.012	1998.937	5	0.119	6.407	0
1217	1024.152	1817.407	10.561	0.013	1968.352	4	-1.060	5.564	0
1218	1335.328	1817.702	12.309	0.016	1910.251	4	-0.442	2.750	0
1219	697.617	1822.499	13.715	0.027	2276.113	5	-0.866	1.504	0
1220	905.347	1820.081	8.765	0.025	2182.384	6	2.185	17.016	0
1221	1174.804	1824.055	9.697	0.015	2014.436	6	0.522	8.239	0
1222	1286.800	1826.864	11.036	0.014	1929.276	4	-0.857	5.016	0
1223	1252.683	1828.681	13.339	0.022	1915.845	7	-0.774	1.765	0
1224	1457.957	1830.616	12.237	0.014	1883.178	5	-0.414	2.576	0
1225	1154.299	1831.959	10.908	0.013	1984.911	6	-0.735	4.636	0
1226	21.240	1832.704	12.453	0.012	1920.745	5	0.754	1.812	0
1227	512.554	1832.323	11.711	0.010	2063.865	5	-0.263	2.519	0
1228	795.958	1836.595	15.575	0.183	2386.344	5	-8.633	1.946	0
1229	1169.914	1836.719	11.138	0.011	2048.763	8	-0.149	2.886	0
1230	986.031	1838.006	10.618	0.012	2008.112	5	-0.933	4.951	0
1231	664.334	1843.589	14.102	0.035	2289.148	5	-0.207	1.416	0
1232	716.953	1841.612	11.762	0.010	2477.302	5	-0.820	2.145	0
1233	838.820	1844.204	8.588	0.022	2458.506	6	2.139	15.555	0
1234	1196.568	1843.532	10.592	0.014	1981.188	5	-1.081	5.892	0
1235	570.467	1846.102	13.417	0.025	2100.558	4	-0.571	1.834	0
1236	810.483	1852.927	16.418	0.445	2494.53	9	-24.079	2.168	0
1237	1885.191	1851.662	12.705	0.014	1910.05	5	0.614	1.813	0
1238	289.508	1856.932	15.470	0.188	1891.344	9	-12.097	2.515	0
1239	1173.070	1853.437	12.144	0.015	1938.293	6	0.146	2.927	0
1240	599.029	1855.650	10.260	0.010	2164.45	5	-0.285	4.525	0
1241	1691.753	1856.044	11.234	0.014	1879.598	8	0.083	4.376	0
1242	2022.968	1858.331	11.984	0.020	1934.05	10	2.123	4.139	0
1243	1273.788	1858.756	13.398	0.040	1882.641	9	2.885	3.137	0
1244	1505.188	1859.464	12.523	0.016	1887.564	5	-0.886	2.432	0
1245	1571.477	1858.845	13.408	0.028	1887.604	5	-0.961	2.185	0
1246	1124.830	1858.629	12.559	0.020	1915.615	8	0.409	2.961	0
1247	653.551	1861.905	12.063	0.016	2351.719	5	0.357	2.970	0
1248	746.762	1862.116	11.678	0.012	2774.375	5	-0.713	2.700	0
1249	1958.661	1864.520	13.326	0.020	1933.729	5	1.290	1.664	0
1250	1857.215	1869.194	13.502	0.026	1900.281	5	0.840	1.886	0
1251	1213.761	1869.618	11.132	0.014	1940.064	4	-0.813	4.584	0
1252	145.164	1870.494	9.863	0.015	1996.217	5	1.653	8.291	0
1253	790.736	1872.249	10.711	0.010	2695.171	5	-0.602	3.807	0
1255	1824.417	1875.047	12.556	0.013	1897.49	5	0.709	1.812	0
1256	1427.874	1879.024	11.189	0.013	1891.791	4	-0.736	4.135	0
1257	782.171	1880.883	10.281	0.010	3027.51	6	-0.476	4.122	0
1258	1774.917	1884.767	11.817	0.014	1899.531	6	1.141	3.237	0
1259	2016.803	1885.305	9.883	0.019	2020.819	6	2.127	9.891	0
1260	550.514	1885.248	11.766	0.013	2102.758	5	0.152	3.141	0
1261	147.424	1889.194	13.007	0.022	1961.285	8	2.020	2.268	0
1262	236.853	1889.557	11.849	0.014	1911.695	5	1.572	3.136	0
1263	159.423	1890.095	11.121	0.011	1958.587	10	1.144	3.462	0
1264	951.620	1890.801	10.655	0.014	2069.948	5	-0.920	5.634	0
1265	1116.245	1892.393	12.572	0.015	1883.179	5	-0.864	2.123	0
1266	1338.270	1891.539	9.102	0.020	1971.042	5	1.710	12.596	0
1267	1758.871	1893.537	10.269	0.015	1952.315	5	0.533	7.074	0
1268	1000.887	1893.851	12.437	0.014	2025.297	5	-0.452	2.149	0
1269	1039.469	1894.417	11.189	0.013	1955.668	4	-0.777	4.162	0
1270	1730.589	1895.785	13.833	0.034	1894.848	6	-1.970	1.879	0
1271	1203.326	1898.386	11.705	0.013	1900.294	4	-0.079	3.213	0
1272	316.317	1900.125	12.079	0.011	1941.591	4	1.006	2.160	0
1273	1702.863	1901.050	11.769	0.014	1896.644	6	0.733	3.239	0
1274	979.071	1903.718	12.874	0.022	2042.242	5	-0.492	2.468	0
1276	679.362	1906.559	9.978	0.013	3111.623	4	0.455	6.579	0
1277	734.992	1927.334	12.154	0.082	3769.502	50	10.147	12.561	0
1278	411.098	1909.834	12.142	0.013	1990.12	7	0.942	2.153	0
1279	699.399	1914.174	13.502	0.057	3496.757	12	5.512	2.957	0
1280	398.824	1912.187	11.775	0.013	1969.437	6	0.722	3.146	0
1281	1688.206	1911.241	14.318	0.069	1881.378	9	3.531	2.523	0
1282	1247.235	1916.279	12.517	0.013	1896.665	8	-0.283	1.894	0
1283	1396.290	1921.140	15.011	0.111	1914.966	6	-4.109	2.198	0
1284	130.618	1921.663	9.952	0.014	1971.785	6	1.614	7.218	0
1285	1938.290	1922.513	7.464	0.031	2423.646	11	3.599	24.074	0
1286	534.300	1923.613	9.801	0.012	2129.649	5	0.561	6.536	0
1287	769.931	1926.936	12.569	0.093	3574.389	50	8.012	9.184	0
1288	414.485	1926.602	12.940	0.016	1970.402	5	0.072	1.728	0
1289	457.850	1926.811	12.820	0.017	1995.966	5	0.118	2.003	0
1290	165.478	1927.449	11.630	0.015	1955.027	6	1.732	3.799	0
1291	263.681	1930.859	15.672	0.209	1913.72	7	-14.422	2.307	0
1292	601.456	1927.708	12.753	0.015	2314.727	5	0.057	1.735	0
1293	1035.475	1930.781	12.315	0.012	1939.146	5	-0.149	1.980	0
1294	1378.364	1931.463	10.087	0.014	1938.427	5	0.477	7.001	0
1295	668.986	1943.361	13.540	0.093	2797.071	50	10.462	5.513	0
1296	768.954	1938.657	10.806	0.015	4509.844	6	1.661	4.771	0
1297	1471.295	1942.155	15.193	0.117	1866.723	5	-0.910	2.020	0
1298	1574.808	1940.768	8.758	0.025	2002.152	7	3.088	17.492	0
1299	1395.262	1943.780	13.027	0.025	1920.568	5	-0.408	2.590	0
1300	1770.442	1942.552	11.243	0.015	2028.714	5	0.618	4.598	0
1301	1843.430	1948.041	10.070	0.016	2005.806	6	1.309	8.170	0
1302	903.728	1950.709	9.370	0.019	2263.998	5	1.286	11.454	0
1303	80.954	1955.778	11.581	0.020	1921.834	5	2.728	5.443	0
1305	1056.369	1962.252	13.687	0.027	1913.176	7	-1.106	1.611	0
1306	1790.341	1961.535	11.097	0.034	2046.841	10	3.704	10.052	0
1307	158.982	1968.060	12.066	0.015	1936.062	6	1.538	2.906	0
1308	1066.137	1970.339	12.895	0.019	1949.542	5	-0.857	2.149	0
1310	199.696	1976.196	16.610	0.495	1974.529	7	-28.799	2.302	0
1311	1012.981	1975.265	10.470	0.014	1998.631	4	-0.835	6.018	0
1313	1236.824	1983.339	15.193	0.139	1880.539	8	-7.142	2.378	0
1314	1776.255	1978.040	6.860	0.021	2436.534	7	1.989	17.074	0
1315	1252.427	1978.133	12.647	0.017	1884.23	5	0.092	2.307	0
1316	122.639	1980.191	13.200	0.025	1909.261	6	2.281	2.265	0
1317	1655.485	1982.165	16.025	0.209	1872.066	7	-1.017	1.703	0
1318	848.149	1982.475	11.058	0.013	2600.347	5	-0.236	4.127	0
1320	88.334	1986.941	12.327	0.018	1919.908	8	1.750	2.997	0
1321	620.939	1991.001	16.705	0.514	2651.342	6	-33.106	1.855	0
1322	963.091	1989.961	12.589	0.015	2042.438	5	-0.464	2.007	0
1323	1420.799	1990.358	10.324	0.016	1953.565	4	0.062	7.359	0
1324	1137.741	1991.224	13.840	0.043	1940.294	5	-1.145	2.304	0
1325	735.834	1977.536	3.671	0.059	19878.91	4	-4.963	51.138	0
1326	1351.350	1993.673	9.574	0.016	1997.259	7	0.595	8.955	0
1327	1959.446	1993.691	12.414	0.022	1905.599	5	2.201	3.521	0
1328	270.652	1997.711	14.908	0.105	1906.494	4	-6.752	2.311	0
1329	1278.088	1996.235	10.316	0.014	1895.059	4	0.076	6.372	0
1330	2017.941	1996.202	12.822	0.019	1866.347	6	0.961	2.282	0
1331	778.192	1997.917	12.032	0.032	3995.14	7	3.983	5.194	0
1332	1149.231	1999.980	12.888	0.015	1903.684	5	-0.024	1.637	0
#1333	709.315	2006.203	10.123	0.022	5143.108	6	3.109	9.305	0
1334	1373.476	2006.185	9.077	0.023	2045.476	5	2.422	14.811	0
1335	603.840	2009.281	11.347	0.016	2471.3	6	0.844	4.414	0
1336	1175.747	2009.337	14.034	0.049	1869.107	5	0.115	2.274	0
1337	199.132	2014.452	8.060	0.027	2160.607	5	3.419	20.857	0
1338	710.563	2020.870	11.956	0.071	4054.067	49	8.463	11.384	0
1339	1321.099	2015.726	14.344	0.059	1886.177	5	-3.609	2.112	0
1340	167.825	2015.385	10.672	0.012	2030.217	6	1.430	5.035	0
1341	574.163	2017.827	10.628	0.012	2347.301	5	0.318	4.781	0
1342	1489.349	2017.748	13.311	0.030	1875.251	7	1.095	2.517	0
1343	1511.396	2020.619	9.963	0.015	1951.652	6	1.038	8.054	0
1344	848.873	2023.675	11.660	0.012	2505.315	8	-0.396	2.814	0
1345	91.800	2028.828	13.766	0.034	1913.903	7	2.412	1.903	0
1346	666.598	2035.756	10.548	0.013	3473.36	7	-0.325	5.190	0
1347	858.408	2032.632	13.562	0.030	2352.545	9	1.130	1.654	0
1348	1444.521	2034.424	13.914	0.041	1906.531	7	-0.536	2.111	0
1350	350.794	2036.710	12.829	0.021	1899.289	8	1.099	2.385	0
