2	1537.558	8.461	12.760	0.015	2734.075	7	1.261	1.420	0
3	112.515	8.606	10.804	0.006	2964.682	8	0.278	1.955	0
4	331.813	10.124	12.519	0.010	2828.163	7	-0.056	1.091	0
5	858.059	8.986	11.847	0.007	2818.086	7	0.040	1.326	0
6	134.097	18.243	10.750	0.005	2941.47	6	0.315	1.829	0
7	943.977	18.583	12.988	0.019	2791.517	7	0.848	1.494	0
8	1413.840	17.771	9.716	0.005	2855.231	5	0.750	3.151	0
9	1217.042	19.903	13.310	0.020	2771.344	6	-0.612	1.161	0
10	474.245	21.391	11.942	0.006	2807.068	5	-0.272	1.000	0
11	349.039	22.953	15.684	0.274	2826.499	7	-34.450	1.914	0
12	706.476	23.740	13.201	0.018	2868.9	5	-0.307	1.174	0
13	1007.708	23.234	7.969	0.012	3044.641	8	3.120	11.413	0
14	2000.767	26.491	14.779	0.112	2714.216	15	-15.991	1.778	0
15	962.983	27.205	11.939	0.009	2842.383	5	1.302	1.524	0
16	1583.519	29.954	10.155	0.006	2812.38	5	0.377	2.994	0
17	155.809	33.057	11.897	0.009	2960.826	5	1.113	1.597	0
18	414.582	33.684	11.358	0.006	2871.469	5	0.109	1.405	0
#19	1995.655	33.888	15.686	0.259	2710.375	13	-27.009	1.829	0
20	268.191	33.739	8.337	0.014	3098.681	6	4.098	12.779	0
21	90.824	39.121	10.012	0.005	2985.772	6	0.509	2.822	0
22	535.412	38.965	13.411	0.022	2833.511	5	0.380	1.166	0
23	1516.913	44.653	13.202	0.020	2746.958	7	-0.299	1.264	0
24	698.170	44.557	10.324	0.004	2943.967	4	0.059	1.960	0
25	649.215	49.216	13.477	0.026	2897.518	5	-1.711	1.313	0
26	1024.615	55.756	12.224	0.014	2845.706	6	2.554	2.025	0
27	115.673	57.696	10.766	0.007	2950.112	5	0.647	2.388	0
28	379.261	59.473	12.213	0.009	2868.186	5	-0.231	1.269	0
29	1322.367	60.772	14.588	0.097	2775.76	6	-13.092	1.838	0
30	1606.875	61.358	12.050	0.011	2755.512	5	0.855	1.783	0
31	217.562	62.258	15.328	0.158	2927.795	6	-21.205	1.488	0
32	155.993	64.401	8.485	0.013	3105.412	5	3.598	10.993	0
33	1234.906	67.326	12.880	0.016	2796.208	5	-1.055	1.311	0
34	976.021	67.831	12.853	0.017	2796.906	6	1.299	1.509	0
35	1019.193	67.895	11.611	0.007	2841.169	6	0.248	1.466	0
36	577.030	69.224	10.081	0.005	2970.862	8	-0.072	2.134	0
37	1508.278	69.089	12.888	0.017	2790.546	7	0.385	1.448	0
38	1089.061	69.441	8.433	0.009	2975.679	7	2.545	8.080	0
39	490.367	71.110	12.791	0.016	2845.459	6	2.158	1.462	0
40	1200.936	73.984	12.119	0.008	2804.188	5	0.320	1.240	0
41	577.361	78.610	9.577	0.003	3021.257	8	0.420	1.979	0
42	103.811	82.245	12.645	0.014	2909.277	6	0.619	1.351	0
43	1610.859	84.458	15.106	0.136	2736.994	5	-3.108	1.651	0
44	847.650	89.124	13.251	0.021	2783.949	5	-0.066	1.274	0
45	1406.842	94.897	11.525	0.007	2961.173	5	-0.004	1.581	0
46	674.343	97.681	11.093	0.005	2960.928	5	-0.101	1.555	0
47	1719.416	100.685	12.148	0.011	2748.812	5	1.883	1.666	0
48	730.590	104.246	11.748	0.007	2940.839	5	-0.818	1.326	0
49	1494.668	103.571	11.247	0.005	2887.06	5	0.155	1.337	0
50	1910.457	106.859	13.162	0.018	2748.808	5	0.479	1.209	0
51	1449.116	107.147	8.888	0.008	3034.923	5	1.965	6.142	0
52	148.344	107.862	12.108	0.010	2906.014	5	1.698	1.462	0
53	572.413	110.108	10.316	0.005	2956.252	6	-0.806	2.163	0
54	195.294	117.972	13.151	0.018	2879.22	5	1.117	1.214	0
55	501.642	117.782	8.595	0.010	3011.214	6	2.841	8.319	0
56	686.953	118.474	9.358	0.003	3080.31	5	0.386	2.254	0
57	1300.916	121.942	12.235	0.011	2807.337	5	0.000	1.550	0
58	1745.965	121.515	8.735	0.014	2935.86	5	4.141	11.269	0
59	319.519	121.458	8.080	0.013	3123.917	6	3.169	12.112	0
60	1784.363	122.690	12.208	0.011	2759.597	7	0.404	1.536	0
62	1842.247	123.667	12.669	0.016	2704.651	10	2.026	1.650	0
63	213.794	126.757	12.768	0.013	2860.009	5	-0.796	1.219	0
64	1978.244	126.945	11.613	0.011	2799.348	8	1.787	2.324	0
65	1423.170	132.951	13.446	0.044	3098.421	9	6.442	2.181	0
66	87.988	135.211	12.653	0.013	2848.735	5	-0.499	1.250	0
67	823.576	134.322	12.449	0.008	2780.129	7	-0.099	0.996	0
68	1956.961	134.973	13.963	0.039	2794.108	6	-2.881	1.314	0
69	866.045	137.504	12.873	0.016	2758.868	7	0.699	1.330	0
70	1817.093	139.951	13.004	0.016	2753.12	5	-0.073	1.224	0
71	1703.296	140.977	11.159	0.007	2790.688	9	1.118	2.012	0
72	1318.228	145.552	13.363	0.030	2876.771	5	0.131	1.702	0
73	1420.317	154.204	8.030	0.017	3334.74	5	4.963	15.879	0
74	1454.453	159.489	12.067	0.009	3190.985	5	1.160	1.360	0
75	1618.111	162.184	11.395	0.007	2798.027	5	0.532	1.772	0
76	139.680	162.803	11.449	0.008	2832.325	4	0.817	1.868	0
77	1735.109	163.632	11.909	0.010	2786.918	4	0.698	1.738	0
78	694.110	161.891	7.692	0.015	3333.208	6	3.167	15.431	0
79	1896.311	167.014	10.104	0.006	2871.305	5	0.522	2.942	0
80	544.490	168.643	9.339	0.004	2936.263	5	0.680	2.686	0
81	1274.245	170.745	12.243	0.010	2812.37	5	1.240	1.394	0
82	916.831	170.836	15.253	0.157	2724.466	7	-17.713	1.662	0
83	1236.946	179.386	10.480	0.006	2838.276	7	0.607	2.539	0
84	1622.388	187.883	13.256	0.022	2821.469	4	-1.641	1.323	0
85	1175.451	189.727	13.354	0.022	2757.522	6	-0.442	1.251	0
86	1811.247	190.022	13.587	0.023	2828.037	6	-0.502	1.055	0
87	1924.440	190.892	9.495	0.008	2893.269	5	1.627	5.448	0
88	447.321	192.893	10.460	0.005	2878.728	6	-0.565	2.125	0
89	1861.073	191.725	13.763	0.039	2824.237	6	-0.222	1.555	0
90	1064.487	194.264	8.214	0.009	3008.465	7	2.529	8.333	0
#91	749.215	199.080	16.193	0.423	2825.591	8	-75.063	1.869	0
92	1369.852	200.864	6.954	0.012	3970.954	5	0.907	13.260	0
93	829.146	201.623	11.600	0.006	2785.531	5	-0.232	1.277	0
94	1713.330	203.492	11.766	0.009	2838.906	7	1.851	1.778	0
95	907.916	205.448	13.689	0.025	2765.631	6	0.104	1.087	0
96	437.839	209.590	11.520	0.007	2898.871	7	-0.462	1.659	0
97	345.068	211.830	13.776	0.041	2897.017	6	0.457	1.598	0
98	1162.287	211.559	11.030	0.007	2783.314	6	-0.790	2.065	0
100	1817.357	212.470	8.850	0.011	2919.038	5	2.753	8.499	0
101	1486.933	225.401	6.523	0.012	5053.257	5	1.423	13.621	0
102	1767.594	224.963	8.159	0.010	3002.381	5	2.804	9.722	0
103	1515.384	225.745	8.939	0.009	3544.387	7	2.437	6.531	0
104	1649.777	226.142	10.205	0.005	2864.239	5	-0.467	2.475	0
105	572.846	229.775	12.608	0.013	2937.327	6	0.507	1.292	0
106	333.314	231.951	14.363	0.075	2887.405	9	2.693	1.758	0
107	357.263	233.157	8.521	0.009	2976.088	6	2.385	7.531	0
108	1786.867	232.307	14.094	0.089	2881.166	8	2.303	2.606	0
109	1886.141	236.026	10.277	0.006	2839.419	5	0.468	2.898	0
110	1357.316	239.012	12.802	0.016	3172.306	6	0.529	1.310	0
111	204.162	242.419	11.386	0.006	2855.519	5	0.449	1.422	0
112	1377.196	244.255	13.020	0.020	3279.858	5	-0.561	1.374	0
113	648.338	246.998	8.730	0.006	3240.239	5	1.586	5.066	0
114	1085.192	252.398	8.616	0.006	2958.849	7	1.451	4.891	0
115	838.379	252.678	13.211	0.020	2754.57	8	1.552	1.260	0
116	53.855	253.595	11.066	0.007	2857.268	5	0.417	2.190	0
117	2007.273	254.668	10.668	0.006	3008.374	5	0.464	2.388	0
118	1791.283	256.117	12.237	0.010	2832.736	6	1.039	1.440	0
119	20.872	257.775	13.120	0.023	2851.751	5	2.710	1.587	0
120	408.231	259.512	13.564	0.027	2857.434	6	-2.237	1.270	0
121	1391.169	260.357	12.107	0.007	3255.978	7	-0.056	0.999	0
122	630.940	262.541	7.550	0.013	3490.927	7	1.806	12.839	0
123	1307.133	264.226	10.576	0.005	2932.214	6	-0.704	1.988	0
124	1383.238	269.250	11.015	0.007	3231.282	10	-1.473	1.706	0
125	1570.499	267.705	13.264	0.019	2957.754	5	0.101	1.100	0
126	977.828	272.273	12.256	0.011	2787.582	5	-1.517	1.454	0
127	365.383	274.529	11.781	0.007	2916.773	5	-0.501	1.418	0
128	599.122	275.010	9.000	0.004	3180.312	5	0.262	2.934	0
129	1978.231	282.141	12.960	0.015	2938.495	5	0.530	1.143	0
130	104.506	285.158	10.775	0.005	2847.927	5	-0.278	1.903	0
131	1481.328	285.231	11.441	0.008	3295.492	5	-0.793	1.874	0
132	304.821	287.696	12.684	0.013	2819.496	5	1.251	1.228	0
133	1876.639	287.925	10.538	0.006	2880.926	9	0.246	2.375	0
134	854.300	288.968	11.507	0.007	2762.469	6	-1.115	1.648	0
135	1656.573	290.636	7.897	0.012	3123.875	8	3.155	11.145	0
136	354.431	291.600	10.765	0.008	2909.624	7	-1.490	2.784	0
137	1259.559	292.393	11.343	0.008	2838.644	6	-1.085	1.890	0
138	1333.098	292.119	13.180	0.019	2937.986	5	-2.752	1.236	0
140	184.502	297.412	8.922	0.008	3001.603	6	2.116	6.148	0
141	1549.322	298.277	13.779	0.028	2945.337	6	0.466	1.077	0
142	726.924	300.171	12.188	0.009	2891.107	5	-0.968	1.289	0
143	627.683	300.736	13.033	0.017	3048.576	5	-0.504	1.206	0
144	1875.826	300.671	12.305	0.010	2859.388	7	1.283	1.321	0
145	1416.891	305.514	7.311	0.010	3810.135	8	1.796	10.788	0
146	1440.618	307.991	8.432	0.008	3473.598	5	2.377	7.399	0
147	1057.742	307.895	11.814	0.007	2910.062	6	-0.107	1.239	0
148	669.170	308.083	13.555	0.024	2952.444	5	-0.730	1.100	0
149	1020.492	310.189	13.346	0.023	2789.99	5	1.027	1.323	0
150	424.633	314.382	8.723	0.006	3007.638	6	1.168	4.889	0
151	2020.017	316.691	8.214	0.012	3346.708	5	3.135	11.205	0
152	1185.488	317.341	12.694	0.014	2802.059	5	-2.156	1.354	0
153	1084.247	321.763	8.036	0.011	3089.463	6	2.704	10.686	0
154	1367.718	318.728	13.222	0.021	3027.035	6	1.038	1.265	0
155	1004.146	321.816	13.943	0.032	2785.157	5	-3.173	1.093	0
156	1758.334	327.321	11.351	0.007	2821.529	4	-0.269	1.775	0
157	1428.429	339.042	9.997	0.004	3126.336	5	-0.662	2.245	0
158	950.391	341.191	12.843	0.015	2750.543	7	-0.596	1.299	0
159	272.741	346.499	12.131	0.009	2919.5	6	-0.175	1.347	0
160	569.724	351.556	13.026	0.015	2867.198	5	-0.789	1.076	0
161	1052.679	352.483	12.038	0.011	2834.55	5	-0.843	1.713	0
162	236.585	354.265	8.391	0.011	3072.981	7	2.401	9.277	0
163	1518.962	355.237	11.367	0.009	2944.475	7	-1.221	2.090	0
164	1367.236	355.834	9.378	0.003	3021.315	4	-0.068	2.182	0
165	604.981	358.405	11.197	0.007	2917.843	8	-1.549	1.892	0
166	418.456	358.905	11.234	0.007	2891.93	6	0.368	2.025	0
167	699.247	359.817	9.427	0.003	3026.618	5	-0.557	2.169	0
168	1503.011	362.239	11.045	0.007	2906.047	7	-1.255	2.210	0
169	19.535	366.911	9.422	0.006	3072.282	5	0.612	4.103	0
170	965.403	366.983	13.241	0.018	2746.549	5	0.619	1.104	0
171	1589.912	371.038	7.571	0.013	3473.825	11	1.647	7.330	0
172	1883.075	370.666	12.073	0.008	3036.645	6	1.096	1.177	0
173	107.322	371.620	10.575	0.007	2887.115	5	-0.408	2.702	0
174	616.825	375.870	12.935	0.017	2903.072	6	-1.590	1.308	0
175	1188.198	377.222	10.067	0.006	2855.88	6	-1.473	2.868	0
176	1108.363	379.121	12.104	0.008	2796.317	6	-0.870	1.278	0
177	673.502	380.301	12.107	0.010	3016.908	6	0.127	1.507	0
178	1413.597	381.368	12.354	0.008	2933.393	5	-0.700	1.038	0
179	1594.035	381.348	8.501	0.009	3335.303	8	2.117	7.117	0
180	451.024	385.875	11.917	0.007	2868.885	5	-0.765	1.222	0
181	1471.964	392.191	13.729	0.039	2864.985	5	-3.045	1.592	0
182	577.556	394.385	12.569	0.012	2868.137	4	-0.601	1.296	0
183	801.146	397.123	13.237	0.036	2787.732	13	4.471	2.283	0
184	2031.538	397.896	12.714	0.023	3445.939	8	4.837	2.021	0
185	1692.187	400.688	7.924	0.010	3119.691	7	2.551	9.787	0
186	682.418	401.755	8.385	0.007	3147.271	7	1.378	6.209	0
187	1938.534	401.160	9.643	0.006	3147.296	5	0.838	3.773	0
188	704.763	401.713	12.238	0.017	2930.033	7	1.398	2.343	0
189	1273.078	402.040	11.543	0.007	2778.712	7	-1.115	1.558	0
190	992.464	404.615	9.952	0.006	2841.139	6	-1.539	3.210	0
191	1047.479	407.658	13.924	0.045	2793.552	5	-2.847	1.576	0
192	1000.428	414.971	13.642	0.036	2816.807	10	-4.523	1.102	0
193	1183.815	417.436	10.190	0.008	2832.719	5	-1.914	3.743	0
194	1300.316	417.462	13.083	0.015	2785.763	6	-0.973	1.039	0
195	201.716	419.007	11.820	0.007	2902.879	4	-0.171	1.315	0
196	967.483	419.052	12.503	0.012	2804.487	4	-0.936	1.361	0
197	1923.415	419.075	8.946	0.009	3210.691	5	2.336	6.825	0
198	7.022	420.435	13.646	0.031	2958.028	6	-3.537	1.319	0
199	646.310	419.889	11.739	0.010	2926.665	6	-1.904	1.844	0
200	1694.738	419.040	12.822	0.021	2940.888	10	3.465	1.701	0
201	1862.149	426.111	6.988	0.015	4004.789	7	2.733	16.598	0
202	86.783	427.884	13.519	0.026	2911.151	5	-0.362	1.265	0
203	504.450	429.891	12.797	0.013	2830.358	5	-1.192	1.155	0
204	1975.214	429.599	12.182	0.008	3100.517	5	0.269	1.063	0
205	222.189	431.219	10.591	0.007	2953.782	7	-1.289	2.685	0
206	1559.923	432.068	12.784	0.013	2898.191	4	-0.442	1.152	0
207	1032.982	435.194	9.126	0.003	2882.365	5	-0.225	1.819	0
208	128.303	436.220	10.556	0.006	2938.658	6	-1.197	2.445	0
209	1642.315	437.713	13.085	0.019	2848.103	5	-0.825	1.322	0
210	759.591	442.075	11.873	0.009	2825.447	6	-1.472	1.570	0
211	796.319	443.985	10.567	0.008	2848.653	7	-2.035	3.140	0
212	1576.051	447.138	13.191	0.022	2855.77	5	-0.102	1.422	0
213	1536.796	448.966	9.621	0.004	2873.761	5	-0.945	2.735	0
214	1268.456	450.701	13.605	0.031	2752.637	5	-0.677	1.418	0
215	1612.269	451.149	11.500	0.006	2847.936	5	0.278	1.411	0
216	709.748	452.273	11.358	0.009	2870.518	8	-1.920	2.169	0
217	1667.063	452.430	10.436	0.006	2883.836	5	-1.020	2.787	0
218	1476.654	454.292	12.453	0.014	2829.152	4	-0.357	1.605	0
219	959.715	457.426	12.674	0.018	2772.102	7	-2.031	1.781	0
220	1052.289	456.045	13.194	0.020	2844.1	7	1.121	1.260	0
221	272.277	458.825	11.932	0.008	2883.277	5	0.284	1.444	0
222	1076.104	458.788	9.825	0.006	2856.073	4	-1.517	3.262	0
223	1338.526	462.226	13.699	0.027	2843.161	7	-2.514	1.109	0
224	1844.318	462.797	13.083	0.018	3074.236	6	1.782	1.184	0
225	49.455	463.584	11.385	0.006	2999.189	5	0.462	1.562	0
226	197.905	464.653	12.039	0.011	2927.424	8	1.616	1.731	0
227	534.256	465.413	12.197	0.013	2858.103	5	-2.110	1.821	0
228	581.108	465.567	12.117	0.009	2859.865	5	-0.364	1.392	0
229	1320.834	468.072	11.503	0.008	2827.372	7	-1.403	1.836	0
230	214.317	476.579	10.086	0.012	2964.361	8	0.999	5.980	0
231	374.822	477.446	11.312	0.010	2866.375	4	0.718	2.522	0
232	1509.690	478.444	13.175	0.024	2836.702	5	-0.152	1.550	0
233	1349.318	478.680	10.456	0.009	2868.226	7	-2.286	3.978	0
234	1486.554	482.159	11.031	0.008	2839.752	8	-1.920	2.446	0
235	1013.510	484.910	12.882	0.014	2821.743	6	-0.482	1.202	0
236	277.693	492.900	10.095	0.006	2893.701	5	-1.322	2.981	0
237	536.251	493.003	13.728	0.028	2871.746	5	-0.011	1.118	0
238	1028.480	492.711	11.723	0.008	2861.625	7	-1.443	1.425	0
239	675.696	495.423	12.248	0.011	2870.437	6	-1.775	1.490	0
240	1211.502	495.931	11.928	0.009	2765.13	5	-1.458	1.623	0
241	1456.311	498.751	10.528	0.008	2835.031	7	-1.909	3.218	0
242	1489.180	499.174	12.692	0.014	2844.887	6	-0.943	1.370	0
243	1502.353	499.654	13.476	0.020	2864.752	6	-0.217	0.991	0
244	1078.180	501.026	11.864	0.007	2855.049	4	-0.822	1.307	0
245	1391.706	505.626	8.430	0.006	2989.349	8	1.497	5.170	0
246	332.375	506.383	12.996	0.019	2848.107	5	-0.126	1.415	0
247	1112.010	506.898	12.128	0.009	2818.886	5	0.429	1.329	0
248	806.359	509.986	9.830	0.006	2865.284	5	-1.745	3.672	0
249	1430.294	510.608	12.947	0.016	2864.988	5	-1.123	1.240	0
250	574.939	514.391	8.932	0.005	3003.114	6	-0.119	3.638	0
251	1409.216	519.164	12.656	0.018	2906.823	6	-0.495	1.862	0
252	1863.888	519.830	10.876	0.007	2900.308	6	-0.607	2.206	0
253	906.834	527.134	13.782	0.035	2823.188	5	-4.410	1.382	0
254	1079.125	528.607	9.584	0.005	2909.377	5	-1.334	3.093	0
255	442.121	528.740	13.910	0.045	2849.734	5	-3.301	1.580	0
256	644.184	536.257	9.683	0.006	2931.926	5	-1.552	3.678	0
257	1480.047	535.568	13.029	0.018	2825.073	5	-1.898	1.341	0
258	1585.280	539.487	10.786	0.009	2833.396	7	-2.268	3.264	0
259	1287.912	541.520	11.638	0.005	2774.568	6	-0.156	1.001	0
260	255.725	540.870	14.013	0.050	2895.91	5	-1.392	1.586	0
261	25.110	543.102	12.760	0.014	3067.724	5	1.151	1.276	0
262	754.930	543.690	9.370	0.004	2911.16	5	-0.897	2.586	0
263	1078.898	547.477	12.837	0.018	2908.468	8	0.629	1.485	0
264	900.663	547.630	11.612	0.010	2859.336	6	-2.194	2.053	0
265	1503.914	550.636	11.776	0.010	2828.549	5	-1.098	2.011	0
266	446.130	552.896	13.365	0.022	2866.249	5	-0.692	1.226	0
267	414.913	554.305	9.971	0.007	2920.276	6	-2.017	3.943	0
268	577.115	554.138	12.346	0.014	2893.642	6	-1.982	1.684	0
269	680.510	555.350	13.666	0.035	2898.936	6	-0.365	1.486	0
270	1004.457	555.873	13.319	0.025	2851.917	5	1.450	1.448	0
271	1895.272	557.151	11.454	0.006	2915.705	8	-0.011	0.892	0
272	1632.206	559.323	13.039	0.017	2766.229	5	0.353	1.302	0
273	1251.488	563.220	11.675	0.008	2848.907	6	-1.354	1.642	0
274	1188.163	563.830	10.796	0.010	2880.24	9	-2.416	3.507	0
275	1595.371	565.463	12.853	0.013	2805.288	4	0.328	1.116	0
276	1893.086	566.280	11.580	0.007	2893.379	5	0.402	1.561	0
277	1919.029	568.353	11.688	0.008	2895.898	5	0.194	1.564	0
278	1046.303	568.853	8.440	0.003	3012.701	6	0.164	2.690	0
279	684.018	569.843	12.066	0.010	2909.496	6	-1.682	1.553	0
280	301.259	573.746	12.374	0.009	2892.773	4	0.155	1.102	0
281	1745.289	574.184	12.020	0.013	2940.896	7	1.323	2.048	0
282	1690.928	576.840	11.197	0.006	2844.034	6	-0.572	1.738	0
283	1205.053	580.209	10.435	0.010	2880.556	6	-2.554	4.280	0
284	1448.008	580.208	9.414	0.004	2898.614	5	-0.824	2.348	0
285	1768.193	586.315	9.444	0.004	3080.586	5	0.298	2.644	0
286	156.443	587.347	12.753	0.017	2950.58	6	1.445	1.571	0
287	428.256	590.220	15.161	0.152	2882.992	7	-21.803	1.660	0
288	1843.778	588.435	12.780	0.018	2850.389	5	2.244	1.589	0
289	1417.133	593.431	11.415	0.007	2846.898	6	-0.535	1.738	0
290	556.024	594.857	12.407	0.012	2919.227	5	-1.389	1.463	0
291	979.469	596.934	12.425	0.011	2863.502	5	-0.814	1.350	0
292	184.331	599.626	11.738	0.007	2927.272	7	-0.875	1.373	0
293	237.490	602.065	12.267	0.009	2929.653	5	-0.897	1.232	0
294	927.560	602.395	8.636	0.005	3036.219	7	0.182	3.754	0
295	906.088	604.610	11.842	0.009	2914.362	6	-0.554	1.572	0
296	1092.224	606.200	10.470	0.010	2915.209	6	-2.391	3.987	0
297	737.522	606.519	11.068	0.010	2858.873	9	-2.875	2.816	0
298	1451.033	608.341	10.896	0.009	2863.654	9	-2.477	2.923	0
299	1765.350	610.956	8.133	0.010	3258.929	8	2.368	7.768	0
300	1780.917	610.741	8.463	0.008	3269.036	6	2.295	7.152	0
301	466.790	614.876	12.661	0.016	2873.553	5	-1.893	1.615	0
302	1641.928	615.268	11.490	0.008	2821.341	10	-1.208	1.744	0
303	547.906	615.781	9.871	0.008	2984.153	5	-2.032	4.215	0
304	1952.652	617.242	11.363	0.005	2916.977	5	0.449	1.336	0
305	1874.203	618.642	13.809	0.041	2863.646	5	-2.655	1.566	0
306	988.283	623.794	14.584	0.089	2890.686	4	-11.736	1.697	0
307	1689.391	623.911	12.776	0.010	2908.902	5	-0.271	0.886	0
308	733.558	625.837	12.302	0.011	2880.327	5	-0.666	1.422	0
309	1210.773	626.273	11.269	0.009	2905.517	8	-2.361	2.222	0
310	279.747	627.825	10.255	0.007	2957.929	6	-1.708	3.288	0
311	1594.000	628.841	12.371	0.011	2794.68	6	-0.731	1.310	0
312	1288.854	633.969	10.856	0.010	2900.626	9	-2.390	3.136	0
313	1555.555	637.844	11.718	0.009	2812.968	5	-0.957	1.772	0
314	545.237	641.359	10.529	0.010	2967.93	7	-2.541	4.028	0
315	124.728	641.890	12.187	0.010	3108.596	5	-1.687	1.412	0
316	1311.677	642.376	10.821	0.010	2929.061	9	-2.287	3.273	0
317	2005.683	642.502	11.599	0.005	2967.642	5	0.187	1.068	0
318	831.752	643.484	13.585	0.022	2886.768	4	0.893	1.023	0
319	361.592	647.330	9.424	0.004	3079.847	5	-0.933	2.917	0
320	1155.020	647.891	13.276	0.033	2881.92	5	-5.338	1.952	0
321	1086.089	650.149	10.152	0.009	2917.149	5	-2.345	4.493	0
322	1860.172	650.536	9.855	0.004	2902.736	6	-0.547	2.129	0
323	432.566	650.982	10.189	0.008	3001.898	5	-2.024	4.051	0
324	1482.452	658.766	12.247	0.012	2856.482	5	-1.191	1.664	0
325	108.593	660.540	10.791	0.008	3153.	7	-1.737	2.767	0
326	1122.153	661.090	11.027	0.011	2927.587	8	-2.671	3.107	0
327	340.035	661.622	10.811	0.008	3072.189	7	-1.262	2.807	0
328	1670.611	663.746	7.890	0.010	3136.812	9	2.324	9.799	0
329	1799.429	664.972	12.147	0.007	2885.085	5	-0.116	1.077	0
330	2011.403	664.747	12.369	0.009	2981.235	4	0.714	1.059	0
331	493.162	666.778	12.947	0.016	2914.557	5	0.473	1.238	0
333	25.165	668.669	10.665	0.008	3458.501	6	-1.552	2.968	0
334	988.171	675.207	12.770	0.016	2948.071	5	-2.009	1.470	0
335	1205.976	674.245	13.839	0.037	2911.904	6	-0.423	1.362	0
336	1392.269	674.368	15.369	0.189	2858.729	8	-26.361	1.776	0
337	804.576	677.098	14.335	0.074	2894.069	6	-10.022	1.760	0
338	1037.370	677.079	14.809	0.120	2935.817	7	-18.921	1.864	0
339	748.339	677.599	10.422	0.011	2926.956	6	-2.745	4.516	0
340	87.391	677.322	11.794	0.007	3222.797	6	-0.412	1.233	0
341	175.256	679.926	13.319	0.026	3116.821	5	1.521	1.417	0
342	1677.204	680.639	12.287	0.016	2952.358	11	2.196	1.972	0
343	1176.754	680.692	11.424	0.010	2950.585	7	-2.226	2.289	0
344	212.862	682.081	12.729	0.019	3095.569	5	-2.112	1.730	0
345	348.450	682.373	8.503	0.008	3166.025	7	1.254	6.865	0
347	1433.034	689.881	13.260	0.020	2827.583	5	1.540	1.240	0
348	704.868	690.575	13.399	0.033	2965.929	5	-5.492	1.728	0
349	1738.610	694.543	8.097	0.010	3106.302	7	2.660	9.658	0
350	156.927	701.266	8.629	0.008	3232.364	6	1.274	6.398	0
351	1181.828	702.237	10.136	0.010	3042.451	5	-2.520	4.775	0
353	117.021	705.997	13.330	0.026	3154.988	5	-2.191	1.399	0
354	1003.852	706.392	13.526	0.025	3033.173	5	-2.176	1.178	0
355	1232.267	706.996	8.846	0.004	3095.436	7	0.035	2.899	0
356	983.092	711.677	13.725	0.023	3054.336	6	-0.545	0.901	0
357	1714.124	712.629	13.803	0.042	2927.751	6	-1.035	1.581	0
358	1096.029	714.112	11.401	0.009	3021.709	8	-2.171	2.012	0
359	223.479	716.359	8.285	0.010	3255.06	7	2.686	8.701	0
360	1143.647	719.056	8.600	0.004	3116.609	7	0.448	3.581	0
361	1660.579	719.770	11.362	0.009	2891.857	7	-1.759	2.076	0
362	882.945	720.410	12.346	0.014	2998.697	5	-1.762	1.740	0
363	1819.176	725.244	13.733	0.037	2810.138	6	-5.608	1.534	0
364	374.522	730.014	10.830	0.009	3029.986	10	-2.500	3.013	0
365	1618.879	730.015	9.221	0.003	2956.298	4	-0.332	1.940	0
366	853.241	731.128	8.747	0.004	3105.863	6	-0.010	3.172	0
367	501.579	734.117	8.134	0.009	3276.031	7	0.407	8.156	0
368	1311.052	736.370	9.020	0.008	3374.173	9	2.072	5.978	0
369	1185.041	741.123	10.863	0.013	3052.208	8	-3.415	4.115	0
370	1116.177	742.417	13.460	0.020	3081.284	5	-1.603	0.999	0
371	1545.293	742.150	9.355	0.003	2908.096	5	-0.207	2.271	0
372	1490.560	744.045	11.698	0.008	2860.383	6	-0.773	1.550	0
373	187.616	744.840	11.790	0.007	3130.142	5	-0.480	1.282	0
374	636.141	745.149	8.055	0.009	3330.37	7	0.771	8.427	0
375	686.495	745.014	11.881	0.012	3097.903	7	-0.032	2.078	0
376	905.913	745.630	11.875	0.008	3028.955	7	-1.362	1.284	0
377	1432.300	745.019	8.817	0.003	3003.539	7	0.248	2.396	0
378	376.747	749.757	10.241	0.010	3106.158	5	-2.504	4.569	0
379	512.385	750.604	9.432	0.005	3166.808	6	-1.033	3.091	0
380	1003.613	750.688	11.658	0.009	3245.615	7	-1.732	1.710	0
381	1517.421	750.577	12.497	0.012	2867.964	5	-0.598	1.372	0
382	756.494	753.904	12.159	0.010	3012.461	8	-1.345	1.299	0
383	107.615	755.231	11.017	0.009	3291.923	8	-2.010	2.551	0
384	1219.333	755.186	13.040	0.021	3010.303	5	-0.095	1.531	0
385	175.293	756.605	11.757	0.009	3105.063	7	-1.705	1.652	0
386	773.932	758.901	13.763	0.035	2996.694	5	0.487	1.366	0
387	1162.864	758.450	12.033	0.012	3121.311	7	-2.733	1.749	0
388	1314.049	758.137	9.551	0.005	3208.745	7	-1.303	2.879	0
389	1693.092	760.106	11.255	0.012	2846.267	11	1.132	3.325	0
390	352.392	760.958	9.495	0.005	3150.203	5	-0.812	3.261	0
391	1124.095	761.439	10.852	0.013	3180.006	9	-3.689	4.272	0
392	970.016	761.643	8.024	0.017	3611.235	18	1.388	14.537	0
393	679.230	763.933	8.544	0.006	3242.852	6	0.790	4.701	0
394	1470.950	762.949	15.817	0.304	2868.718	7	-51.442	1.901	0
395	1879.744	764.639	10.572	0.007	2835.297	7	-1.274	2.561	0
396	497.552	764.598	11.553	0.008	3037.578	7	-0.110	1.731	0
397	11.403	766.092	9.936	0.004	3994.666	7	-0.171	1.986	0
398	749.164	766.402	10.219	0.012	3077.558	4	-3.170	5.728	0
399	321.962	769.864	12.445	0.017	3047.045	5	1.690	1.937	0
400	112.336	771.230	13.888	0.032	3270.946	7	-3.496	1.046	0
401	1311.213	772.366	13.081	0.017	3137.02	11	0.233	0.885	0
402	630.895	775.457	9.473	0.006	3249.596	5	-1.861	4.119	0
403	1286.495	777.104	9.876	0.008	3133.764	5	-2.058	4.164	0
404	1094.367	779.910	9.562	0.006	3334.021	5	-1.781	3.691	0
405	296.543	782.827	11.512	0.009	3030.27	6	-0.834	1.889	0
406	766.114	783.712	10.921	0.013	3030.337	8	-3.500	4.067	0
407	1534.627	790.404	13.183	0.021	2922.082	5	-0.374	1.324	0
408	49.134	790.573	8.319	0.011	3869.934	6	2.649	10.063	0
409	1341.818	792.158	12.874	0.016	3069.075	5	-1.248	1.278	0
410	966.664	792.875	8.372	0.014	3524.002	8	3.079	12.614	0
411	1142.122	793.441	9.703	0.006	3287.34	4	-1.809	3.816	0
412	1179.863	799.620	12.504	0.021	3204.928	5	3.549	2.246	0
413	422.715	802.834	9.384	0.004	3114.293	5	-1.064	2.938	0
414	217.022	803.616	10.944	0.009	3092.945	8	-2.224	2.847	0
415	885.981	804.381	12.046	0.011	3076.752	7	-1.468	1.630	0
416	1022.751	806.588	7.984	0.008	3573.925	7	0.412	7.921	0
417	756.664	807.479	13.278	0.020	3018.553	6	-0.050	1.129	0
418	1254.321	807.232	10.538	0.013	3125.01	6	-3.382	5.148	0
419	148.533	807.233	15.245	0.181	3166.406	8	-20.813	1.802	0
420	916.295	809.559	8.972	0.004	3256.937	6	-0.932	3.110	0
421	1570.472	814.728	12.788	0.015	2866.934	5	0.869	1.359	0
422	1284.007	816.073	13.314	0.024	3060.385	6	-2.860	1.343	0
423	646.632	817.717	13.269	0.029	3105.205	5	-2.590	1.682	0
424	959.946	817.784	12.473	0.016	3345.446	6	-2.377	1.725	0
425	1052.038	819.801	7.999	0.009	3900.125	6	0.615	8.105	0
426	2037.162	818.741	9.713	0.004	3054.948	7	0.156	1.577	0
427	1593.819	821.944	11.187	0.008	2854.262	7	-1.135	2.096	0
428	1700.035	823.451	9.052	0.003	2878.029	4	0.258	1.880	0
429	1520.132	825.151	8.052	0.007	3099.787	9	1.524	6.762	0
430	943.525	825.210	12.868	0.020	3294.872	8	-2.426	1.538	0
431	930.569	826.092	13.692	0.040	3253.285	8	-3.459	1.557	0
432	1365.245	829.919	7.630	0.010	3420.027	11	0.780	9.167	0
433	278.388	830.352	10.175	0.008	3108.971	6	-2.021	3.865	0
434	604.861	833.725	15.218	0.143	3117.94	15	2.729	1.472	0
435	1643.627	832.443	13.227	0.024	2793.684	6	1.994	1.498	0
436	1208.269	833.503	9.362	0.005	3314.622	5	-1.416	3.249	0
437	25.833	833.570	12.553	0.012	3951.235	5	-0.827	1.102	0
438	1108.702	835.937	7.631	0.011	3811.334	7	0.478	10.804	0
439	944.711	837.024	13.180	0.025	3309.584	6	-3.358	1.497	0
440	1329.926	838.516	11.853	0.009	3060.257	7	-1.606	1.532	0
441	79.860	838.630	10.266	0.007	3563.463	6	-1.725	3.008	0
442	325.772	841.504	8.506	0.006	3288.95	6	0.811	5.221	0
443	146.296	842.936	13.007	0.020	3197.685	6	-1.719	1.360	0
444	1367.279	843.184	10.904	0.011	3175.845	11	0.609	3.222	0
445	397.444	845.562	8.804	0.005	3241.15	9	0.179	3.748	0
446	1443.018	845.862	13.481	0.026	2921.524	5	-4.223	1.311	0
447	1852.441	846.220	8.246	0.008	2953.275	7	2.055	7.075	0
448	1063.788	847.638	8.002	0.007	3826.937	7	0.638	6.690	0
449	1165.238	848.458	7.757	0.010	3663.704	6	0.473	9.849	0
450	195.879	848.195	10.706	0.009	3139.703	7	-2.368	3.284	0
451	283.738	849.306	11.586	0.007	3136.11	8	-1.376	1.494	0
452	666.991	851.410	12.449	0.015	3240.658	5	-2.478	1.630	0
453	410.083	852.435	11.883	0.010	3119.301	9	-0.430	1.635	0
454	570.607	855.044	8.722	0.005	3211.553	6	-0.390	3.798	0
455	369.259	859.561	12.916	0.021	3128.654	4	-1.929	1.621	0
456	933.734	860.678	9.888	0.008	3313.389	5	-2.287	4.631	0
457	1213.547	860.990	8.384	0.006	3401.327	7	0.692	4.868	0
458	103.887	862.375	10.646	0.010	3368.343	7	-2.271	3.442	0
459	150.744	862.686	11.438	0.008	3171.603	7	-1.270	1.784	0
460	498.716	863.997	10.965	0.012	3057.757	9	-3.146	3.551	0
461	403.514	864.474	10.690	0.010	3112.346	12	-2.120	3.235	0
462	203.522	868.361	10.413	0.008	3137.608	6	-1.842	3.547	0
463	1551.157	872.186	12.034	0.009	2838.909	5	-1.129	1.393	0
464	315.123	872.891	8.400	0.008	3289.342	6	0.994	7.341	0
465	1454.279	873.382	12.716	0.013	2875.268	5	-0.681	1.221	0
466	1910.891	873.689	12.346	0.011	2796.383	5	1.552	1.466	0
467	2010.903	876.227	10.370	0.004	2942.386	10	-0.430	1.771	0
468	453.876	876.813	12.306	0.011	3026.5	4	-1.517	1.367	0
469	987.565	877.529	10.374	0.012	3597.485	5	-3.111	4.988	0
470	550.164	877.622	13.331	0.025	3105.092	6	-2.740	1.380	0
471	811.241	878.145	11.719	0.011	3097.299	7	-2.000	1.979	0
472	1031.938	881.475	8.075	0.009	3797.437	7	0.496	7.983	0
473	1576.569	882.273	13.232	0.021	2807.52	5	-1.612	1.331	0
474	1422.418	883.418	9.209	0.003	2968.297	5	-0.885	2.350	0
475	1788.044	885.883	11.764	0.006	2780.152	5	-0.012	1.159	0
476	37.651	887.295	9.434	0.004	3882.936	5	0.345	2.677	0
477	555.049	887.779	12.401	0.012	3134.283	10	-1.718	1.214	0
478	2001.975	887.933	11.985	0.008	2882.563	7	0.727	1.396	0
479	58.195	888.992	8.207	0.011	3762.249	7	2.318	10.101	0
480	245.216	888.660	10.957	0.011	3079.53	8	-2.708	3.274	0
481	1065.980	888.868	12.696	0.016	3548.42	7	-1.567	1.394	0
482	12.968	889.879	11.204	0.008	3957.622	10	-1.464	1.982	0
483	386.585	891.682	10.283	0.009	3079.711	6	-2.350	4.045	0
484	445.083	891.366	15.619	0.223	3008.073	8	-34.412	1.583	0
485	1661.484	896.837	12.228	0.012	2790.146	7	-0.962	1.621	0
486	1559.855	897.450	10.537	0.010	2856.176	7	-2.354	3.873	0
487	219.542	899.511	10.374	0.010	3102.234	5	-2.472	4.176	0
488	910.820	900.873	11.589	0.014	3336.241	9	1.221	2.900	0
489	720.740	907.753	10.434	0.012	3686.638	5	-1.744	4.785	0
490	1063.687	902.234	13.930	0.038	3501.179	7	-3.972	1.183	0
491	352.742	903.594	11.592	0.008	3082.349	6	-0.959	1.572	0
492	681.616	904.230	10.641	0.010	3813.877	7	-2.221	3.653	0
493	274.497	905.091	13.778	0.025	3023.13	5	-1.039	0.941	0
494	505.116	905.509	14.184	0.070	3073.097	6	-8.972	1.833	0
495	1076.991	905.375	12.000	0.011	3354.725	12	-2.399	1.655	0
496	574.385	905.921	11.351	0.010	3222.168	7	-1.885	2.293	0
497	956.904	907.078	12.471	0.020	3607.035	7	3.466	2.124	0
498	747.216	906.663	12.743	0.016	3390.292	7	-3.344	1.337	0
500	650.827	909.583	12.952	0.025	3705.522	6	3.199	1.731	0
501	1193.815	910.351	12.932	0.029	3267.838	13	5.250	2.178	0
502	1571.434	909.083	13.608	0.026	2811.215	9	-1.799	1.124	0
503	1929.293	910.223	15.702	0.249	2792.523	7	-33.806	1.724	0
504	1828.805	916.403	10.062	0.005	2817.046	5	-1.040	2.392	0
505	1852.365	917.948	11.446	0.007	2811.563	5	0.201	1.585	0
506	1125.847	919.300	10.519	0.012	3296.281	5	-3.053	4.856	0
507	914.902	920.709	8.757	0.017	3671.383	14	3.172	13.299	0
508	1226.529	925.091	9.600	0.007	3174.378	5	-2.080	4.358	0
509	764.345	925.527	12.819	0.017	3294.098	9	0.379	1.370	0
510	1009.691	926.200	8.122	0.009	4125.39	9	0.408	7.595	0
511	961.456	928.064	8.284	0.006	4032.67	7	0.524	5.385	0
512	1186.766	928.651	8.149	0.007	3370.214	6	0.647	6.762	0
513	439.227	931.463	11.531	0.009	3005.535	6	-1.566	1.996	0
514	77.995	932.664	12.939	0.019	3412.185	6	2.096	1.383	0
515	605.811	935.591	10.961	0.014	3559.276	8	-3.611	3.922	0
516	1000.224	935.452	10.238	0.010	4567.027	9	1.708	4.292	0
517	1048.915	936.503	14.207	0.060	3554.6	6	-6.174	1.424	0
518	1330.871	935.750	13.046	0.016	2939.761	5	-1.764	1.154	0
519	105.108	937.344	12.485	0.012	3354.479	5	-1.659	1.243	0
520	759.932	938.008	12.747	0.015	3482.381	5	-1.027	1.262	0
521	1439.225	941.611	12.748	0.018	2901.568	5	-2.184	1.692	0
522	1539.197	941.726	13.553	0.024	2822.905	5	-0.288	1.127	0
523	513.485	942.707	10.062	0.010	3166.137	5	-2.787	5.182	0
524	1098.834	946.285	10.635	0.017	3354.659	13	-3.074	2.176	0
525	1107.422	946.658	10.061	0.011	3361.495	7	-2.989	5.078	0
526	490.972	947.927	11.943	0.015	3079.643	6	1.445	2.488	0
527	593.396	948.383	10.589	0.012	3504.392	9	-3.042	4.284	0
528	275.136	951.329	12.841	0.014	3062.596	5	-1.283	1.108	0
529	842.287	950.661	8.164	0.004	3475.862	5	-0.851	4.056	0
530	676.302	951.668	6.125	0.016	6896.497	6	-1.985	18.275	0
531	982.663	953.738	6.494	0.016	5490.652	6	-1.598	17.654	0
532	1153.400	953.420	12.150	0.010	3234.729	5	-1.007	1.323	0
533	1955.999	955.435	8.819	0.004	2926.014	5	0.978	3.067	0
534	1318.721	959.591	14.267	0.057	2969.373	5	-4.340	1.417	0
535	900.814	963.929	9.081	0.004	3774.082	8	-0.730	2.653	0
536	1026.476	964.023	8.837	0.004	3848.966	6	-0.898	3.119	0
537	569.312	965.979	8.217	0.007	3578.52	7	0.440	6.124	0
538	1117.375	966.309	9.246	0.005	3325.055	5	-1.332	3.385	0
539	1285.536	965.826	9.222	0.004	3055.059	5	-1.186	2.964	0
540	1518.305	966.003	10.232	0.009	2865.383	13	-2.214	3.814	0
541	493.668	966.960	10.205	0.012	3205.381	5	-3.161	5.495	0
542	1907.953	967.196	10.053	0.005	2859.536	5	-1.073	2.317	0
543	1151.035	968.580	13.539	0.045	3228.435	7	-8.311	1.951	0
544	417.057	969.733	12.952	0.018	3043.119	6	-1.344	1.341	0
545	1444.852	970.114	11.389	0.009	2955.317	8	-2.115	2.056	0
546	641.915	970.923	10.150	0.007	4071.674	7	-1.194	3.041	0
547	1507.537	970.735	12.542	0.014	2857.617	9	-1.180	1.546	0
548	555.091	977.353	9.838	0.008	3349.295	8	-1.966	4.201	0
549	86.163	978.684	16.501	0.488	3573.888	8	-83.853	1.367	0
550	849.310	978.515	12.364	0.012	3469.243	6	-0.640	1.311	0
551	384.891	978.819	9.382	0.005	3121.548	4	-1.487	3.632	0
552	735.143	979.427	8.812	0.004	3875.045	5	-0.999	3.161	0
553	890.013	979.213	7.647	0.011	4107.606	6	-0.495	11.401	0
554	2014.701	979.101	11.547	0.007	2833.299	5	0.517	1.488	0
555	220.497	981.834	12.251	0.010	3088.594	5	0.834	1.376	0
556	506.666	980.401	12.181	0.010	3124.725	6	-1.319	1.350	0
557	661.732	982.370	7.943	0.010	4907.347	10	0.356	8.948	0
558	647.869	982.157	8.473	0.006	4478.688	10	-0.028	3.889	0
559	446.444	984.084	12.029	0.010	3026.025	5	-1.645	1.583	0
560	1241.183	983.679	12.437	0.013	3044.527	5	-1.502	1.516	0
561	1188.209	986.262	10.197	0.010	3167.3	6	-2.686	4.771	0
562	180.140	986.694	12.488	0.015	3189.823	5	-1.649	1.580	0
563	1320.993	987.708	13.630	0.033	2971.384	6	-1.920	1.445	0
564	1465.298	988.622	13.277	0.024	2937.417	9	0.889	1.137	0
565	1769.667	988.429	10.843	0.008	2798.216	9	-2.090	2.551	0
566	1451.016	989.190	10.252	0.010	3037.511	5	-2.365	4.539	0
567	319.440	989.819	11.806	0.009	3082.296	4	-0.182	1.586	0
568	1331.463	990.994	13.265	0.024	2948.708	6	-2.213	1.392	0
569	908.280	992.017	9.183	0.004	3741.771	9	-0.646	2.796	0
570	758.812	995.124	8.580	0.006	3650.343	5	-0.073	4.735	0
571	896.875	995.333	10.426	0.010	3645.685	13	-1.194	2.030	0
572	813.936	998.362	11.858	0.010	3327.969	7	-1.010	1.592	0
573	831.850	999.866	9.142	0.004	3432.949	5	-0.901	3.059	0
574	1067.348	1003.340	13.849	0.050	3405.897	5	-5.061	1.681	0
575	1307.988	1001.750	11.859	0.012	3032.451	6	-2.497	2.128	0
576	579.461	1002.404	13.033	0.023	3319.344	6	0.017	1.591	0
577	857.993	1002.921	10.766	0.013	3442.16	8	-3.090	4.291	0
578	1086.230	1002.896	11.809	0.014	3378.931	7	-3.470	2.356	0
579	1428.830	1004.286	12.507	0.012	2972.451	7	0.726	1.387	0
580	4.438	1004.614	12.827	0.019	3540.373	7	-0.500	1.498	0
581	1702.184	1007.724	11.415	0.006	2913.894	6	-0.436	1.394	0
582	496.414	1009.781	11.682	0.011	3084.89	8	-2.803	2.110	0
583	1546.739	1010.701	12.611	0.014	2777.757	5	0.679	1.427	0
584	1289.922	1012.410	12.821	0.017	3086.867	5	-3.293	1.447	0
585	160.719	1013.191	12.482	0.014	3378.369	5	1.459	1.499	0
586	332.330	1012.857	8.402	0.007	3231.198	5	-0.261	6.521	0
587	616.251	1013.234	9.652	0.008	3531.521	6	-2.279	4.373	0
588	1328.125	1013.609	12.981	0.016	3006.413	5	-1.392	1.219	0
589	1857.838	1015.795	11.960	0.009	2754.881	7	0.462	1.596	0
590	941.678	1016.164	12.347	0.014	3653.662	8	-3.044	1.487	0
591	1011.295	1016.296	8.228	0.007	3864.178	6	0.311	6.188	0
592	1445.867	1015.954	8.674	0.004	3144.577	7	-0.105	2.887	0
593	316.053	1020.744	11.348	0.008	3088.898	10	-0.728	1.890	0
594	438.817	1020.964	13.196	0.018	3039.449	5	-1.138	1.102	0
595	1759.634	1021.891	11.710	0.006	2820.354	5	0.119	1.306	0
596	748.096	1023.196	12.855	0.021	3539.853	5	-1.005	1.596	0
597	982.128	1026.071	8.750	0.005	3704.944	6	-0.065	3.822	0
598	1036.664	1027.258	10.129	0.010	3569.734	7	-2.508	4.670	0
599	871.742	1028.497	12.321	0.014	3434.719	5	-2.564	1.676	0
600	1262.536	1029.211	8.520	0.006	3238.133	6	0.172	4.702	0
601	267.036	1031.993	11.630	0.008	3106.473	7	-1.502	1.480	0
602	1208.801	1032.546	13.525	0.026	3149.277	6	-3.106	1.211	0
603	1337.028	1033.243	12.229	0.013	2992.649	5	-2.258	1.697	0
604	1093.242	1035.223	10.155	0.011	3505.73	6	-3.145	5.298	0
605	725.104	1036.134	8.983	0.004	3623.929	5	-0.673	3.297	0
606	1693.735	1039.662	7.762	0.011	3202.935	8	2.091	10.666	0
607	434.537	1039.490	11.590	0.015	3102.131	7	-3.588	2.997	0
608	587.605	1040.592	11.596	0.009	3273.592	9	-1.585	1.672	0
609	839.468	1040.466	10.421	0.013	3371.651	6	-3.484	5.474	0
610	1808.605	1040.934	11.214	0.007	2800.013	6	-0.712	1.964	0
611	1466.885	1042.313	10.364	0.011	2991.239	6	-2.736	4.685	0
612	322.166	1043.461	10.676	0.010	3147.552	7	-2.359	3.450	0
613	1043.528	1043.080	9.251	0.006	3535.877	5	-1.776	4.158	0
614	1635.565	1042.970	13.684	0.029	2843.101	5	-1.742	1.211	0
615	1658.832	1044.402	12.693	0.010	2880.251	6	0.187	0.971	0
616	359.609	1045.143	9.901	0.009	3148.035	5	-2.541	4.927	0
617	1097.538	1045.167	9.942	0.012	3709.124	10	-2.686	3.553	0
618	624.450	1047.596	13.459	0.029	3405.803	6	-0.171	1.349	0
619	418.922	1048.994	13.394	0.027	3045.51	6	-1.713	1.411	0
620	645.759	1049.030	10.356	0.013	3499.673	8	-3.368	5.342	0
621	1138.378	1049.481	10.547	0.013	3490.709	7	-3.511	5.033	0
622	1602.719	1048.711	10.864	0.009	2832.921	8	-2.130	3.008	0
623	1768.169	1049.318	12.614	0.012	2804.806	5	-0.796	1.243	0
624	98.105	1050.552	6.226	0.018	6470.112	5	-0.744	20.750	0
625	924.943	1051.817	7.552	0.009	3763.037	6	-0.118	9.310	0
626	20.759	1051.395	8.797	0.005	3656.277	5	0.598	3.626	0
627	808.739	1052.178	10.976	0.015	3370.191	11	-4.019	3.972	0
628	658.165	1053.135	10.810	0.015	3427.488	8	-3.955	4.948	0
629	601.467	1053.712	9.969	0.009	3338.242	6	-2.516	4.891	0
630	1179.312	1055.031	10.277	0.009	3306.09	4	-0.864	4.252	0
631	1416.945	1056.477	8.411	0.003	3125.97	5	-0.114	2.278	0
632	762.049	1058.612	8.241	0.005	3577.627	7	0.086	4.797	0
633	797.566	1058.065	12.307	0.014	3420.299	7	-1.304	1.735	0
634	516.096	1058.899	12.418	0.012	3182.416	6	-1.301	1.339	0
635	722.986	1059.514	13.671	0.042	3481.759	7	-0.746	1.611	0
636	287.060	1061.014	9.271	0.004	3127.849	5	-0.871	2.938	0
637	387.344	1060.587	11.791	0.008	3076.146	12	-1.030	1.432	0
638	1553.023	1061.485	12.364	0.016	2793.112	5	-1.728	2.041	0
639	1818.628	1062.193	13.504	0.023	2783.139	5	-1.236	1.141	0
641	884.630	1064.771	12.596	0.013	3465.846	6	-0.023	1.246	0
642	364.516	1064.639	12.739	0.022	3120.343	4	-3.142	2.008	0
643	489.894	1066.025	9.987	0.009	3219.321	4	-2.416	4.794	0
644	471.038	1067.901	12.125	0.011	3126.211	6	-0.343	1.530	0
645	1166.597	1071.586	8.270	0.007	3539.415	7	0.710	6.600	0
646	704.728	1074.634	12.201	0.011	3387.446	7	-1.847	1.430	0
647	1069.619	1075.087	9.575	0.013	3703.651	9	1.519	8.042	0
648	786.560	1077.419	8.878	0.006	3633.789	9	-0.199	4.572	0
649	1482.487	1077.253	12.918	0.019	2919.162	5	-1.495	1.469	0
650	1313.019	1078.341	11.635	0.011	3101.17	10	-2.515	2.105	0
651	1330.704	1079.545	10.386	0.009	3126.435	7	-2.089	3.887	0
652	419.819	1080.114	13.338	0.022	3066.547	5	-2.252	1.229	0
653	1669.909	1080.026	12.915	0.020	2902.157	5	-2.428	1.578	0
654	1759.875	1079.841	12.012	0.007	2808.189	5	-0.171	1.185	0
655	1997.150	1080.305	12.627	0.015	2818.102	7	-1.169	1.501	0
656	200.555	1082.285	9.699	0.005	3208.633	5	-1.271	3.135	0
657	1383.537	1082.580	12.738	0.016	3062.01	6	-1.994	1.415	0
659	1103.147	1086.137	6.957	0.014	4501.992	6	-1.264	15.002	0
660	1245.465	1085.103	7.964	0.007	3327.659	6	0.028	6.558	0
661	1853.511	1086.437	12.283	0.007	2788.64	5	-0.346	0.912	0
662	886.068	1087.761	8.070	0.007	3562.957	6	0.444	6.302	0
663	537.167	1089.386	13.035	0.018	3250.012	6	-2.614	1.193	0
664	790.541	1092.661	9.110	0.005	3573.187	6	-0.660	3.517	0
665	1362.359	1092.708	12.680	0.015	3073.822	7	1.165	1.418	0
666	1691.379	1092.836	12.702	0.013	2906.876	5	1.377	1.269	0
667	1437.594	1095.066	11.576	0.008	3007.552	7	-0.116	1.781	0
668	1340.860	1096.664	8.497	0.004	3222.32	7	0.476	3.358	0
669	1022.050	1097.199	8.700	0.004	3503.175	6	-0.376	3.425	0
670	19.935	1099.942	13.195	0.023	3440.682	5	-1.830	1.365	0
671	114.080	1100.086	12.143	0.011	3594.356	5	0.371	1.418	0
672	386.081	1099.451	10.631	0.012	3086.78	7	-3.146	4.597	0
673	1882.106	1100.676	9.470	0.003	2869.352	5	0.045	1.646	0
674	1615.074	1101.700	11.954	0.008	2894.404	4	-0.797	1.289	0
675	1418.109	1103.220	8.474	0.006	3180.53	7	0.569	4.701	0
676	1716.485	1103.502	9.407	0.003	2934.9	5	-0.152	2.091	0
677	578.647	1104.500	9.622	0.007	3378.815	6	-1.775	3.958	0
678	634.786	1104.995	10.347	0.011	3313.71	5	-2.857	4.972	0
679	859.763	1104.734	11.704	0.014	3430.966	7	-3.119	2.596	0
680	2009.987	1104.566	12.989	0.018	2827.201	7	0.854	1.399	0
681	564.973	1108.016	8.420	0.007	3414.118	9	0.507	4.891	0
682	478.981	1111.025	8.174	0.009	3452.08	6	0.714	8.055	0
683	494.389	1114.353	8.827	0.005	3495.878	7	-0.141	2.800	0
684	529.793	1115.248	9.746	0.009	3336.642	4	-2.397	5.021	0
685	1606.740	1114.602	12.042	0.012	2921.883	5	0.151	1.778	0
686	861.192	1115.607	11.361	0.017	3394.992	10	-4.104	2.948	0
687	1864.650	1118.042	9.543	0.003	2909.823	5	-0.198	1.805	0
688	1170.734	1120.388	9.703	0.007	3288.14	5	-2.092	4.397	0
689	1518.565	1120.852	12.204	0.010	2844.193	6	-0.613	1.374	0
690	678.328	1124.726	9.691	0.007	3411.014	8	-1.563	2.993	0
691	828.141	1124.450	8.832	0.006	3490.507	6	-0.020	4.807	0
692	496.300	1123.908	9.970	0.012	3465.79	10	-1.845	1.827	0
693	140.738	1127.011	9.782	0.006	3352.225	5	-1.363	3.361	0
694	200.168	1126.429	10.720	0.011	3127.554	7	-2.505	3.674	0
695	32.493	1135.413	12.326	0.010	3332.707	5	-1.246	1.143	0
696	498.623	1136.315	10.672	0.013	3297.968	14	-2.092	3.255	0
697	679.109	1137.273	9.279	0.005	3502.802	5	-1.446	3.701	0
698	1101.400	1136.583	12.384	0.014	3367.373	6	-2.448	1.613	0
699	352.754	1138.205	8.537	0.006	3193.961	6	0.511	5.128	0
700	1203.774	1139.560	12.392	0.016	3160.356	5	-2.259	1.865	0
701	1023.082	1140.968	8.228	0.007	3522.199	6	0.295	6.526	0
702	251.552	1141.252	9.436	0.005	3152.086	5	-1.100	3.179	0
703	1254.673	1141.773	13.077	0.020	3158.256	8	-2.515	1.221	0
704	1708.078	1142.251	10.247	0.007	2964.699	6	-1.933	3.476	0
705	798.567	1143.084	13.921	0.034	3488.162	8	-3.186	1.038	0
706	758.852	1146.344	7.706	0.011	3929.611	6	0.277	10.485	0
707	1247.007	1148.494	13.555	0.035	3161.495	5	-3.859	1.519	0
708	1560.416	1149.196	13.420	0.020	2902.413	5	-0.042	1.028	0
709	1591.976	1152.522	11.941	0.009	3014.392	5	-0.166	1.540	0
710	958.320	1152.255	13.847	0.034	3247.476	5	-3.361	1.176	0
711	915.662	1154.246	9.731	0.008	3308.689	4	-2.257	4.900	0
712	873.759	1154.983	13.652	0.029	3327.392	5	-1.563	1.147	0
713	74.915	1156.351	8.230	0.008	3405.232	5	0.976	7.062	0
714	724.168	1158.119	7.925	0.016	4027.098	10	-0.734	8.767	0
715	1571.541	1157.485	12.815	0.016	2974.257	5	-1.537	1.379	0
716	665.438	1158.042	12.874	0.020	3401.98	5	-0.010	1.501	0
717	1729.177	1158.358	11.087	0.009	2906.841	8	-2.191	2.521	0
718	386.649	1159.368	10.090	0.009	3154.417	5	-2.362	4.532	0
719	834.142	1159.986	8.671	0.006	3543.784	6	-0.480	4.477	0
721	228.835	1163.654	8.453	0.008	3246.052	7	1.331	6.454	0
722	342.242	1165.696	11.812	0.010	3086.882	7	-1.579	1.754	0
723	1832.670	1165.989	11.833	0.007	2757.19	5	0.156	1.298	0
724	1206.181	1167.386	10.291	0.012	3219.856	5	-3.244	5.591	0
725	727.047	1168.016	9.327	0.007	3866.9	7	-1.436	4.251	0
726	1098.227	1173.085	15.785	0.319	3211.956	9	-41.971	1.931	0
727	1343.649	1172.862	11.800	0.014	3119.317	8	-3.261	2.384	0
728	855.292	1174.195	9.980	0.010	3460.666	5	-2.556	5.016	0
729	2024.833	1162.786	9.928	0.003	2820.478	7	0.045	1.623	0
730	101.573	1176.205	13.227	0.027	3219.577	6	1.054	1.579	0
731	1653.627	1176.970	7.642	0.011	3507.271	7	1.333	11.267	0
732	1278.675	1177.223	8.623	0.005	3271.516	6	-0.032	3.798	0
733	526.642	1179.385	12.645	0.014	3252.306	5	-1.200	1.321	0
734	1596.695	1181.868	7.843	0.010	3289.755	7	1.519	9.617	0
735	499.245	1183.134	9.372	0.005	3276.923	4	-1.412	3.580	0
736	688.609	1185.502	8.970	0.005	3716.329	5	-0.843	3.554	0
737	772.541	1186.115	12.526	0.015	3539.387	8	-2.590	1.469	0
738	426.078	1190.260	8.198	0.009	3392.336	7	0.847	7.972	0
739	990.809	1190.246	11.979	0.009	3292.207	5	-1.039	1.391	0
740	1038.340	1189.370	12.725	0.011	3210.443	5	-1.284	1.023	0
741	1255.282	1191.575	8.196	0.007	3348.991	7	0.408	6.479	0
742	961.466	1193.969	9.032	0.005	3486.959	5	-1.294	3.586	0
743	93.498	1196.443	9.733	0.004	3192.067	6	-0.705	2.582	0
744	556.417	1198.073	8.566	0.006	3533.061	5	0.116	5.113	0
745	1640.804	1196.832	12.435	0.024	3054.473	6	3.749	2.828	0
746	297.430	1198.554	10.663	0.010	3030.593	8	-2.542	3.841	0
747	1174.000	1200.338	8.072	0.010	3447.764	6	0.328	9.011	0
748	390.152	1199.904	11.305	0.010	3137.771	8	-2.469	2.493	0
749	1336.579	1200.467	11.097	0.009	3156.166	11	-2.442	2.347	0
750	1143.079	1200.765	13.649	0.031	3215.727	5	-3.599	1.269	0
751	765.766	1204.814	10.560	0.020	3623.908	8	1.426	7.729	0
752	536.542	1207.402	11.831	0.009	3245.947	6	0.188	1.585	0
753	1837.113	1208.181	10.718	0.007	2790.732	8	-1.661	2.577	0
754	1752.380	1209.453	13.235	0.025	2787.702	7	0.243	1.577	0
755	1193.000	1212.254	10.426	0.012	3285.554	7	-2.825	4.861	0
756	40.986	1212.767	8.853	0.006	3257.604	5	0.799	4.589	0
757	1390.041	1214.277	9.358	0.005	3494.635	5	-0.984	3.114	0
758	1344.857	1215.364	9.158	0.005	3347.079	5	-1.402	3.766	0
759	579.553	1216.712	7.971	0.011	3695.136	6	0.175	10.170	0
760	875.137	1215.919	11.619	0.013	3507.139	9	-1.210	2.467	0
761	454.996	1217.671	9.074	0.004	3284.74	4	-0.969	3.054	0
762	1414.864	1231.689	11.699	0.059	3280.749	50	11.134	11.683	0
763	768.700	1223.123	8.840	0.005	3708.282	4	-0.686	3.696	0
764	797.870	1225.341	7.938	0.012	3778.128	6	-0.021	11.395	0
765	949.660	1228.515	12.118	0.039	3567.477	12	7.450	5.442	0
767	869.767	1229.151	8.270	0.010	3879.116	11	0.834	8.157	0
768	311.407	1229.442	13.690	0.034	2993.858	6	-0.957	1.391	0
769	1761.437	1230.345	13.633	0.025	2803.628	6	-0.473	1.118	0
770	1112.552	1231.526	10.206	0.011	3271.327	5	-2.760	5.043	0
771	134.218	1233.034	9.023	0.005	3138.399	6	-0.283	3.638	0
772	588.962	1234.247	12.676	0.019	3458.71	8	1.272	1.715	0
773	512.666	1235.583	14.587	0.084	3229.876	5	-9.462	1.492	0
774	680.235	1236.498	8.064	0.010	4038.804	6	-0.030	8.951	0
775	712.199	1236.548	11.618	0.031	4142.557	16	5.434	5.526	0
776	1640.379	1236.676	11.908	0.007	2958.299	5	0.059	1.247	0
777	1938.499	1237.905	12.312	0.011	2793.807	8	0.985	1.409	0
778	483.394	1239.407	10.085	0.010	3271.623	6	-2.568	4.709	0
779	737.157	1239.147	10.481	0.012	3756.701	10	-2.980	4.389	0
780	865.468	1240.360	7.899	0.009	3961.761	11	0.692	8.290	0
781	1901.687	1244.097	12.399	0.011	2797.131	5	0.935	1.368	0
782	1227.720	1244.290	12.077	0.013	3161.968	6	-2.121	1.834	0
783	85.128	1247.358	13.423	0.025	3026.545	6	1.478	1.281	0
784	953.064	1247.969	7.086	0.014	4129.67	6	0.032	15.200	0
785	1403.664	1247.493	6.674	0.015	4700.618	6	-0.247	16.796	0
786	702.007	1251.290	6.885	0.014	4980.759	5	-0.898	14.952	0
787	1182.958	1249.639	9.068	0.006	3312.589	6	-1.642	4.453	0
788	785.104	1235.509	13.146	0.035	3511.634	34	4.716	1.847	0
789	1375.903	1251.862	8.332	0.003	3696.25	6	0.296	2.996	0
790	100.657	1252.357	11.908	0.011	3050.237	6	-1.431	1.772	0
791	402.289	1253.780	13.391	0.028	3252.224	8	1.635	1.399	0
792	737.661	1253.453	11.721	0.011	3646.133	7	-1.709	1.919	0
793	1687.674	1253.953	8.456	0.004	3052.768	4	0.694	3.844	0
794	381.467	1255.763	8.632	0.003	3236.487	5	0.059	2.696	0
795	625.044	1257.892	9.389	0.006	3666.613	4	-1.632	3.889	0
796	598.281	1258.863	9.155	0.004	3517.641	5	-0.991	3.144	0
797	1798.085	1258.770	10.388	0.009	2837.363	7	0.432	4.019	0
798	814.055	1262.685	13.769	0.039	3456.753	5	-4.874	1.368	0
799	849.803	1263.780	8.064	0.009	3715.034	7	1.210	8.581	0
800	490.095	1266.342	10.201	0.011	3309.818	5	-2.887	5.177	0
801	1118.114	1268.449	7.827	0.011	3660.221	6	0.090	10.745	0
802	420.793	1268.555	8.692	0.005	3334.574	5	-0.096	3.836	0
803	1088.165	1272.016	8.830	0.005	3631.	5	-0.824	3.571	0
804	2034.390	1271.516	11.293	0.006	2818.992	7	0.453	1.495	0
805	618.522	1274.400	9.537	0.007	3735.721	6	-1.779	3.853	0
806	753.708	1277.446	11.101	0.014	3490.648	9	-3.866	3.714	0
807	1769.441	1277.848	12.893	0.016	2797.304	5	-0.228	1.331	0
808	1043.265	1279.758	13.071	0.020	3334.806	6	-0.005	1.352	0
809	1272.794	1279.114	11.047	0.013	3233.788	9	-3.601	3.759	0
810	661.470	1280.933	8.060	0.011	4054.078	4	0.207	10.132	0
811	1064.489	1280.456	10.233	0.012	3468.339	11	-1.652	1.769	0
812	1302.851	1283.169	10.751	0.012	3223.548	8	-2.887	3.978	0
813	1373.573	1282.772	11.152	0.012	3489.369	7	-2.714	3.235	0
814	1752.997	1282.544	12.825	0.014	2814.346	5	1.068	1.262	0
815	1415.477	1283.906	11.890	0.010	3331.448	6	-0.647	1.647	0
816	1801.536	1285.576	11.773	0.006	2817.427	6	-0.700	1.141	0
817	215.763	1287.932	8.788	0.005	3117.423	6	0.470	4.064	0
818	1067.610	1289.256	9.067	0.004	3702.389	7	-0.933	2.691	0
819	2021.856	1290.948	13.819	0.033	2795.586	6	-0.384	1.269	0
820	928.479	1291.070	9.446	0.009	3535.121	5	-0.306	5.753	0
821	251.221	1292.382	9.288	0.004	3106.011	5	-0.528	2.946	0
822	481.381	1292.880	8.525	0.006	3344.694	6	0.493	5.128	0
823	618.735	1293.653	12.700	0.014	3564.305	7	-1.051	1.227	0
824	1695.480	1293.674	15.548	0.213	2884.983	8	-36.064	1.655	0
825	673.399	1296.051	11.748	0.010	4024.046	8	-0.553	1.615	0
826	549.431	1298.396	10.409	0.010	3362.856	7	-2.523	4.311	0
827	1852.099	1298.891	9.431	0.003	2864.006	5	-0.319	2.174	0
828	427.292	1300.602	8.604	0.005	3331.217	5	0.139	4.274	0
829	741.345	1300.351	13.484	0.024	3468.445	5	0.083	1.099	0
830	957.312	1304.921	14.820	0.146	3469.348	8	-16.423	2.054	0
831	1063.185	1304.748	8.697	0.006	3667.596	5	-0.125	4.810	0
832	1357.408	1305.345	11.616	0.009	3346.285	8	-1.387	1.756	0
833	1026.109	1307.228	11.967	0.012	3344.879	7	-1.925	1.803	0
834	197.847	1311.113	13.591	0.036	3017.377	5	-3.124	1.619	0
835	924.575	1311.362	11.806	0.011	3365.92	7	-1.462	1.844	0
836	568.154	1313.852	8.258	0.008	3561.303	6	1.119	6.953	0
837	978.222	1313.905	8.889	0.005	3447.99	5	-0.607	3.799	0
838	1265.399	1313.992	8.312	0.007	3497.727	7	0.466	5.914	0
839	1305.436	1312.550	13.843	0.043	3273.255	5	-4.195	1.471	0
840	1367.347	1313.842	9.625	0.006	3420.722	11	-1.439	3.093	0
841	1429.647	1314.076	13.081	0.021	3170.124	5	-2.007	1.424	0
842	1752.839	1316.099	11.300	0.007	2856.956	7	-0.866	1.744	0
843	111.100	1318.179	12.286	0.009	2970.473	5	-0.762	1.201	0
844	1621.873	1319.177	12.401	0.011	2851.337	5	-0.059	1.320	0
845	1076.885	1323.015	8.208	0.008	3754.393	7	0.535	7.016	0
846	945.440	1324.225	11.495	0.012	3380.382	8	-3.069	2.499	0
847	1266.953	1323.782	8.459	0.005	3525.193	7	0.740	4.219	0
848	667.995	1327.849	8.171	0.012	4254.693	10	2.750	6.670	0
849	681.076	1328.324	8.456	0.006	3921.197	6	-0.109	5.317	0
850	1145.285	1328.466	9.033	0.005	3496.654	5	-0.854	3.344	0
851	1020.046	1329.760	12.639	0.015	3360.235	5	-2.027	1.452	0
852	1097.183	1329.868	8.791	0.004	3579.943	5	-0.267	3.404	0
853	1473.506	1330.096	8.570	0.006	3213.009	6	0.477	4.828	0
854	573.020	1332.542	12.501	0.011	3415.168	8	-0.057	1.117	0
855	532.086	1334.319	9.182	0.004	3349.682	5	-0.902	2.800	0
856	81.424	1335.671	11.309	0.007	3009.28	6	-0.917	1.835	0
857	1352.098	1338.132	8.209	0.008	3423.761	6	1.035	7.136	0
858	648.896	1338.984	8.757	0.009	4043.945	9	2.770	6.830	0
859	818.715	1340.579	10.587	0.014	3334.512	6	-3.534	5.310	0
860	623.633	1348.149	8.231	0.009	3861.578	6	1.027	7.659	0
861	1024.733	1347.643	12.243	0.017	3414.171	8	-2.023	2.073	0
862	47.993	1348.842	10.963	0.010	3028.595	5	-0.558	3.214	0
863	852.165	1348.832	10.244	0.011	3328.358	5	-2.964	5.303	0
864	1447.825	1349.019	9.971	0.008	3139.309	5	-2.139	4.237	0
865	239.027	1349.726	9.268	0.004	3095.81	5	-0.475	2.451	0
866	1387.336	1351.702	12.279	0.013	3156.919	6	-2.258	1.647	0
867	1314.036	1352.982	8.779	0.005	3344.768	5	-0.217	3.978	0
868	1054.221	1353.892	8.749	0.015	3638.387	10	3.241	11.970	0
869	1102.327	1354.798	13.611	0.024	3516.85	6	-1.312	0.974	0
870	1004.407	1356.043	12.507	0.018	3362.602	6	-3.299	1.895	0
871	1037.327	1356.442	10.310	0.011	3581.162	12	-1.223	4.467	0
872	503.318	1360.489	9.292	0.004	3212.819	5	-0.892	2.984	0
873	707.228	1360.630	11.003	0.012	3546.785	8	-2.948	3.465	0
874	1807.603	1362.017	9.799	0.004	2882.45	5	-0.772	2.490	0
875	89.169	1363.181	13.387	0.030	2980.884	5	2.389	1.622	0
876	1780.535	1367.159	12.658	0.012	2826.865	5	0.037	1.248	0
877	1069.236	1369.303	12.556	0.015	3502.954	6	-1.008	1.464	0
878	280.290	1368.941	13.283	0.019	2994.475	5	-2.029	1.128	0
879	1038.321	1372.536	11.391	0.009	3482.534	8	-1.744	2.115	0
880	1236.041	1372.726	8.756	0.006	3410.373	5	0.021	4.758	0
881	1364.079	1373.105	12.585	0.014	3134.907	5	-1.014	1.395	0
882	247.104	1378.447	12.058	0.013	3029.424	7	0.657	2.063	0
883	619.182	1381.315	8.161	0.007	3754.219	6	0.486	6.657	0
884	1191.816	1381.172	10.838	0.011	3414.733	8	-2.375	3.570	0
885	710.017	1381.466	13.495	0.025	3566.792	10	-2.177	0.826	0
886	763.936	1382.555	8.800	0.005	3605.706	5	-0.469	3.650	0
887	1165.026	1382.717	8.088	0.009	3863.142	6	0.866	8.241	0
888	1725.368	1383.562	8.491	0.007	2969.861	6	1.256	5.947	0
889	935.972	1384.150	9.218	0.005	3455.527	5	-1.153	3.657	0
890	1287.112	1384.158	8.888	0.004	3315.681	5	-0.562	3.306	0
891	583.314	1386.000	9.177	0.005	3455.421	5	-1.256	3.576	0
892	723.587	1385.378	9.488	0.007	3577.799	7	-1.849	4.283	0
893	827.501	1385.975	13.295	0.017	3419.417	5	-0.458	0.917	0
894	1137.689	1387.397	7.597	0.014	4017.163	6	0.651	14.145	0
895	658.873	1386.569	10.491	0.014	3587.178	6	-3.561	5.404	0
897	1006.157	1388.161	11.703	0.012	3405.943	8	-2.725	2.065	0
898	958.855	1389.590	8.148	0.008	3644.409	6	0.325	7.385	0
899	137.943	1392.915	9.594	0.004	3037.711	8	-0.725	2.188	0
900	1690.837	1393.772	10.742	0.008	2931.082	7	-1.373	2.756	0
901	1443.392	1395.327	11.337	0.008	3199.7	8	-1.872	1.795	0
902	149.705	1396.227	10.845	0.010	3030.747	13	-1.692	1.744	0
903	1147.653	1396.522	7.914	0.012	4365.796	6	0.145	10.803	0
904	1239.103	1395.843	9.448	0.006	3301.713	5	-1.397	3.642	0
905	736.664	1397.533	11.863	0.010	3664.79	11	-1.792	1.450	0
906	1171.255	1396.798	9.511	0.006	3607.979	9	-0.844	2.489	0
907	532.423	1397.829	11.803	0.011	3191.686	7	-1.996	1.964	0
908	206.359	1399.403	13.682	0.041	3004.692	6	-4.803	1.709	0
909	458.763	1398.766	12.880	0.014	3056.87	5	0.004	1.164	0
910	903.273	1399.308	12.818	0.017	3404.264	5	-1.403	1.364	0
911	2019.219	1402.380	12.978	0.022	2735.515	9	2.457	1.706	0
912	607.651	1402.323	10.475	0.009	3422.476	6	-2.117	3.727	0
913	770.581	1409.221	8.183	0.009	4088.387	6	-0.238	8.434	0
914	662.768	1411.949	13.891	0.040	3475.868	5	-4.912	1.260	0
915	966.755	1410.604	13.102	0.022	3579.353	7	0.202	1.359	0
916	743.155	1414.185	8.848	0.004	3679.73	5	-0.501	3.196	0
917	285.986	1415.368	12.783	0.013	2982.477	6	-1.610	1.086	0
918	435.558	1414.832	13.163	0.020	3052.77	7	-2.871	1.202	0
919	1055.391	1416.037	7.841	0.012	3781.021	6	1.137	12.015	0
920	491.811	1417.814	13.653	0.037	3107.76	5	-3.477	1.541	0
921	1382.539	1416.612	9.378	0.005	3188.843	5	-1.206	3.594	0
922	791.262	1417.625	11.498	0.014	3618.885	10	1.917	2.667	0
923	702.466	1419.309	8.238	0.007	3596.104	5	0.316	6.425	0
#924	4.675	1419.089	8.378	0.009	3245.487	10	1.846	7.567	0
925	658.452	1421.394	13.140	0.018	3404.802	8	-1.319	1.041	0
926	977.383	1421.737	12.475	0.014	3572.125	7	-2.349	1.360	0
927	1812.104	1421.252	14.098	0.052	2812.247	5	-6.337	1.543	0
928	297.922	1422.440	13.887	0.039	3007.045	6	-4.784	1.339	0
929	833.883	1423.935	8.428	0.007	3738.525	6	0.950	6.157	0
930	758.964	1427.877	11.453	0.010	3534.375	7	0.232	2.190	0
931	538.971	1429.375	12.998	0.021	3151.964	5	-0.813	1.475	0
932	561.028	1428.994	12.843	0.014	3224.228	6	1.165	1.131	0
933	55.059	1429.840	9.389	0.004	3108.302	5	0.378	2.605	0
934	1901.541	1432.062	13.675	0.031	2752.734	5	-2.595	1.322	0
935	1314.061	1432.103	12.462	0.008	3129.574	9	1.051	0.908	0
936	1348.405	1431.850	11.999	0.009	3116.111	7	-1.212	1.396	0
937	1294.905	1432.609	8.454	0.006	3262.065	6	-0.267	5.609	0
938	1403.063	1432.727	13.382	0.026	3261.531	5	-3.107	1.323	0
939	788.557	1433.659	7.820	0.010	3906.25	5	-0.807	9.499	0
940	1809.200	1433.435	13.759	0.034	2792.971	7	-1.912	1.329	0
941	861.739	1434.926	7.613	0.012	3841.109	6	-1.482	12.276	0
942	1730.150	1436.322	9.478	0.005	2941.607	5	-0.720	3.241	0
943	671.203	1436.675	10.194	0.012	3474.572	5	-3.206	5.539	0
944	996.798	1437.722	12.914	0.022	3553.375	6	0.014	1.614	0
945	386.334	1439.126	11.677	0.010	3038.462	5	-1.083	1.968	0
946	1020.948	1440.179	8.173	0.010	3658.465	6	1.221	8.649	0
947	1164.583	1440.408	13.176	0.023	3409.277	6	-1.194	1.383	0
948	685.822	1444.313	12.171	0.012	3470.068	7	-1.715	1.538	0
949	464.047	1446.064	13.139	0.016	3093.574	5	-1.674	1.019	0
950	890.447	1446.497	10.386	0.011	3555.107	5	-2.539	4.688	0
951	157.580	1447.856	13.595	0.028	3005.145	7	1.117	1.251	0
952	1430.255	1449.095	11.509	0.037	3492.958	11	8.348	8.031	0
953	1516.934	1449.169	14.054	0.044	3138.76	5	-3.676	1.272	0
954	1149.600	1451.542	11.656	0.010	3499.902	9	-1.089	1.765	0
955	1663.143	1453.265	11.371	0.007	2945.617	6	-0.580	1.747	0
956	808.332	1453.446	9.152	0.005	3623.54	4	-0.732	3.530	0
957	963.835	1454.116	8.207	0.007	3864.646	6	0.032	6.193	0
958	949.660	1453.895	7.473	0.013	4075.711	9	-0.009	10.042	0
959	1596.948	1456.621	7.084	0.015	3746.42	6	0.184	16.215	0
960	285.208	1457.722	13.294	0.021	3003.512	5	-2.671	1.219	0
961	1135.619	1458.498	10.252	0.011	3410.712	10	-2.135	2.970	0
962	333.870	1459.582	10.486	0.010	3044.847	7	-2.535	4.066	0
963	1444.255	1461.787	6.882	0.016	4404.969	5	0.010	17.261	0
964	1488.595	1462.005	8.404	0.005	3443.949	5	0.461	4.652	0
965	839.057	1463.184	10.314	0.011	3570.262	6	-2.878	4.815	0
966	1719.032	1465.416	15.315	0.175	2883.461	5	-23.941	1.706	0
967	224.892	1466.151	11.268	0.007	3034.948	7	-1.415	1.778	0
968	619.986	1465.806	9.935	0.008	3396.065	5	-1.984	4.085	0
969	872.210	1465.788	13.153	0.023	3534.342	5	-0.817	1.343	0
970	1657.915	1466.953	11.576	0.006	2960.122	6	-0.753	1.309	0
971	1144.581	1467.539	8.928	0.005	3490.135	6	-0.501	3.604	0
972	686.830	1468.706	12.955	0.019	3437.381	5	-2.706	1.362	0
973	1203.379	1471.192	10.018	0.008	3360.765	5	-2.009	4.148	0
974	413.150	1474.926	11.655	0.011	3076.091	6	-1.479	2.106	0
975	374.116	1475.498	11.324	0.009	3068.541	8	-2.181	2.245	0
976	1286.734	1476.299	12.921	0.018	3074.037	5	-0.942	1.363	0
977	630.709	1476.854	11.619	0.008	3482.126	9	-1.475	1.366	0
978	436.228	1477.593	12.099	0.011	3103.574	7	-1.632	1.610	0
979	737.967	1477.940	10.232	0.011	3445.439	5	-2.731	4.900	0
980	857.209	1481.599	10.248	0.011	3494.669	4	-2.730	5.117	0
981	231.301	1485.256	13.086	0.022	3026.525	6	0.630	1.517	0
982	1354.559	1488.331	12.293	0.009	3070.562	5	-0.520	1.194	0
983	728.947	1491.327	13.125	0.026	3429.529	8	-2.254	1.499	0
984	336.570	1492.481	12.317	0.013	3051.891	8	-1.794	1.467	0
985	411.360	1491.983	11.553	0.009	3093.309	8	-1.860	1.754	0
986	909.868	1491.642	8.488	0.008	3574.067	6	0.338	6.616	0
987	1178.962	1492.260	8.272	0.009	3524.921	5	0.647	8.072	0
988	347.505	1494.303	11.211	0.012	3095.228	16	-2.876	1.797	0
989	1379.919	1493.666	12.263	0.011	3109.938	5	-0.818	1.394	0
990	643.627	1496.227	13.007	0.017	3482.149	5	-0.583	1.140	0
991	1740.499	1498.542	10.176	0.007	2859.671	5	-1.260	3.280	0
992	340.275	1499.586	11.942	0.014	3083.78	11	-2.137	1.314	0
993	457.507	1501.448	10.793	0.011	3154.405	7	-2.430	3.520	0
994	1088.052	1502.189	11.812	0.012	3222.747	7	-2.760	2.049	0
995	226.354	1504.494	12.796	0.013	3056.516	6	-1.045	1.070	0
996	761.260	1504.602	12.596	0.010	3451.568	5	-0.389	0.936	0
997	279.946	1507.531	12.761	0.013	3026.714	5	-2.239	1.197	0
998	165.786	1508.769	9.468	0.003	3255.341	5	-0.099	1.961	0
999	1139.662	1513.900	12.371	0.012	3386.72	10	0.563	1.274	0
1000	1171.294	1516.744	12.497	0.018	3481.595	7	2.159	1.841	0
1001	615.191	1518.905	8.272	0.008	3652.567	6	0.948	6.905	0
1002	1288.463	1518.872	10.654	0.012	3044.279	7	-2.888	4.339	0
1003	645.138	1520.144	13.590	0.032	3535.137	7	2.232	1.301	0
1004	188.939	1521.329	8.443	0.008	3207.158	6	1.959	7.043	0
1005	698.035	1523.394	15.720	0.303	3545.286	9	-49.093	1.811	0
1006	963.933	1523.490	10.425	0.011	3405.492	6	-2.367	4.394	0
1007	1863.842	1523.759	9.834	0.005	2836.521	5	-0.305	3.033	0
1008	1197.864	1525.141	9.858	0.007	3500.253	7	-1.334	4.101	0
1009	138.585	1527.568	8.243	0.008	3293.142	7	1.682	7.606	0
1010	493.545	1528.169	11.111	0.010	3286.969	8	-1.990	2.556	0
1011	1144.585	1528.921	8.214	0.010	3554.794	6	0.786	9.053	0
1012	707.660	1531.510	13.819	0.037	3547.112	5	-5.177	1.245	0
1013	944.745	1531.668	12.294	0.013	3415.574	5	-1.596	1.558	0
1014	530.528	1534.000	11.610	0.010	3358.952	9	-1.732	1.848	0
1015	870.540	1535.061	11.729	0.012	3443.446	6	-2.051	2.163	0
1016	515.376	1537.958	10.149	0.008	3398.994	5	-1.940	3.873	0
1017	1686.705	1538.794	11.673	0.007	2834.817	5	-0.186	1.491	0
1018	980.331	1540.156	8.356	0.008	3570.511	6	0.477	6.783	0
1019	1094.283	1540.533	12.180	0.012	3305.82	8	-2.161	1.472	0
1020	837.015	1541.102	10.608	0.009	3559.703	10	-1.759	3.174	0
1021	911.768	1540.483	10.189	0.010	3406.099	5	-2.615	4.841	0
1022	1204.036	1541.737	7.821	0.022	3572.026	10	3.393	21.331	0
1023	65.863	1542.777	13.352	0.026	3015.373	5	-0.909	1.404	0
1024	1506.316	1541.507	12.575	0.013	3010.106	6	-1.309	1.388	0
1025	1924.862	1542.884	9.800	0.004	2925.837	8	0.316	2.106	0
1026	1916.699	1544.857	9.455	0.007	2902.136	12	0.330	1.520	0
1027	340.086	1546.026	10.150	0.008	3079.553	5	-1.972	3.683	0
1028	994.472	1546.481	10.904	0.011	3427.572	11	-2.086	2.356	0
1029	628.909	1546.974	12.619	0.016	3646.431	5	-1.347	1.446	0
1030	1658.436	1547.098	12.239	0.011	2815.379	5	-0.527	1.578	0
1031	119.008	1549.530	11.906	0.010	3070.719	6	0.770	1.629	0
1032	1347.540	1550.409	11.351	0.009	3039.235	9	-1.858	2.115	0
1033	1494.328	1550.180	11.649	0.007	2989.725	7	-1.022	1.283	0
1034	1176.791	1551.939	13.456	0.035	3358.93	8	0.394	1.659	0
1035	599.260	1554.378	8.646	0.007	3674.37	6	0.643	5.296	0
1036	825.684	1554.738	9.328	0.008	3764.348	7	-0.818	4.556	0
1037	1005.460	1559.269	9.834	0.008	3355.565	6	-1.604	4.425	0
1038	1109.051	1559.933	13.007	0.033	3372.815	11	3.937	2.273	0
1039	832.296	1562.326	8.531	0.009	3718.293	10	-0.264	3.448	0
1040	476.231	1563.513	11.617	0.009	3275.097	11	-1.624	1.709	0
1041	709.412	1563.561	9.342	0.005	3669.545	5	-0.815	3.437	0
1042	688.481	1567.287	9.780	0.007	3811.461	5	0.171	3.701	0
1043	1364.215	1567.100	10.331	0.009	3099.92	6	-2.157	4.058	0
1044	1433.739	1568.268	13.280	0.023	3066.3	5	-1.641	1.347	0
1045	22.185	1572.064	9.884	0.004	3099.558	5	-0.689	2.089	0
1046	187.467	1571.845	11.482	0.007	3050.353	6	-0.620	1.555	0
1047	469.214	1573.552	14.952	0.149	3339.695	8	-23.096	1.885	0
1048	1548.884	1573.285	9.923	0.007	2942.168	5	-1.357	3.901	0
1049	420.015	1574.937	9.278	0.004	3329.774	5	-0.561	2.492	0
1050	1739.276	1575.369	9.446	0.006	2909.645	5	-0.024	3.784	0
1051	449.290	1580.361	10.367	0.009	3332.907	5	-2.066	4.038	0
1052	1110.641	1579.989	7.919	0.012	3582.034	6	1.157	11.911	0
1053	1598.991	1581.179	11.679	0.007	2847.569	5	-0.125	1.543	0
1054	1501.778	1583.952	10.162	0.008	2953.955	5	-1.693	4.045	0
1055	1302.845	1584.971	13.037	0.016	3007.536	5	-1.781	1.165	0
1056	886.540	1585.934	12.737	0.015	3503.184	5	-1.600	1.211	0
1057	1199.093	1585.603	10.351	0.010	3246.622	6	-2.480	4.411	0
1058	938.992	1587.178	9.362	0.005	3572.799	5	-0.783	3.409	0
1059	309.344	1590.456	13.417	0.020	3113.53	5	-1.241	1.022	0
1060	537.047	1589.554	11.986	0.009	3408.485	6	-0.875	1.406	0
1061	611.638	1589.965	10.059	0.007	3641.585	5	-1.824	3.553	0
1062	1037.749	1589.546	13.468	0.026	3234.345	5	-1.780	1.235	0
1063	1251.208	1589.759	12.639	0.021	3084.374	6	-1.042	1.609	0
1064	1389.498	1592.008	8.084	0.011	3290.298	6	1.732	10.489	0
1065	1245.803	1594.743	12.905	0.021	3103.807	6	0.459	1.359	0
1066	129.874	1596.370	13.594	0.030	3026.948	6	-2.163	1.304	0
1067	384.857	1596.835	9.520	0.003	3280.557	5	-0.783	2.202	0
1068	670.465	1599.002	7.725	0.013	4155.745	5	0.030	13.138	0
1070	109.590	1597.929	13.242	0.025	3035.043	5	-1.796	1.501	0
1071	752.249	1597.936	10.885	0.012	3694.325	8	-2.781	3.457	0
1072	711.761	1600.317	12.960	0.018	3824.929	5	-2.127	1.235	0
1073	1609.284	1602.626	14.019	0.052	2826.856	5	-2.416	1.651	0
1074	285.710	1601.708	9.531	0.003	3107.966	5	-0.505	2.010	0
1075	39.520	1602.667	13.077	0.020	3078.55	5	-1.992	1.372	0
1076	79.648	1602.702	10.791	0.006	3071.396	7	-0.706	2.012	0
1077	1444.062	1602.749	11.041	0.011	3049.2	7	-2.543	3.311	0
1078	1406.053	1605.612	12.249	0.016	3164.436	9	2.568	2.025	0
1079	396.445	1606.544	11.515	0.007	3307.332	10	-0.636	1.198	0
1080	937.172	1609.431	8.388	0.008	3683.469	5	-0.431	6.826	0
1081	445.147	1611.233	13.312	0.024	3313.096	5	-2.957	1.308	0
1082	1470.072	1614.083	12.072	0.011	2945.206	4	1.166	1.635	0
1083	1038.875	1618.659	12.500	0.014	3263.381	5	-1.808	1.481	0
1084	1533.676	1621.921	13.674	0.030	2856.417	5	-3.148	1.260	0
1085	65.222	1623.619	10.666	0.006	3189.101	7	-1.176	2.210	0
1086	1279.864	1623.838	9.941	0.008	3036.343	4	-1.931	4.388	0
1087	38.922	1625.068	9.875	0.003	3197.778	5	-0.225	1.442	0
1088	312.709	1624.464	12.903	0.022	3143.601	4	-2.444	1.719	0
1089	1423.876	1626.810	8.413	0.009	3178.3	5	1.200	7.775	0
1090	683.936	1628.249	9.349	0.006	3958.994	5	-0.310	3.890	0
1091	1325.269	1628.195	12.230	0.011	2989.593	5	-1.808	1.551	0
1092	1149.637	1629.134	8.834	0.007	3354.638	5	0.033	5.580	0
1093	780.841	1630.738	11.524	0.010	3800.874	7	-1.417	2.050	0
1094	1356.678	1634.527	12.941	0.012	2976.033	5	0.497	0.902	0
1095	550.264	1638.090	11.967	0.009	3539.266	6	-1.058	1.337	0
1096	724.164	1638.051	8.894	0.006	3979.242	5	0.593	4.530	0
1097	742.121	1640.647	12.091	0.008	3906.649	8	0.171	0.958	0
1098	1168.188	1642.086	13.396	0.031	3209.543	6	-1.841	1.571	0
1099	1141.270	1646.811	12.064	0.018	3321.695	10	1.871	2.563	0
1100	55.678	1646.247	8.358	0.010	3259.601	8	2.415	8.749	0
1101	1320.904	1646.384	13.641	0.033	2995.568	4	-2.470	1.413	0
1102	189.021	1648.191	14.072	0.057	3035.82	5	-7.911	1.659	0
1103	985.364	1653.500	11.735	0.009	3409.716	7	-1.691	1.679	0
1104	488.030	1655.166	13.404	0.018	3409.841	4	0.051	0.901	0
1105	1124.709	1656.944	11.244	0.011	3434.216	7	-1.348	2.769	0
1106	689.871	1659.410	11.337	0.013	3950.725	9	-3.372	2.894	0
1107	1203.014	1660.374	11.083	0.009	3150.511	7	-1.186	2.633	0
1108	772.084	1663.819	8.230	0.010	4054.184	9	1.039	8.234	0
1109	874.492	1665.491	11.982	0.010	3851.716	9	-1.256	1.321	0
1110	1163.078	1664.235	12.030	0.011	3216.692	9	-1.540	1.561	0
1111	246.946	1666.938	11.029	0.008	3114.15	7	-1.337	2.302	0
1112	1088.246	1668.246	8.483	0.009	3674.174	8	0.840	4.011	0
1113	1535.351	1670.537	12.580	0.013	2852.627	5	-1.665	1.396	0
1114	349.972	1671.033	11.447	0.005	3234.849	5	-0.185	1.177	0
1115	1732.582	1671.089	11.678	0.007	2807.242	5	0.037	1.519	0
1116	892.687	1671.522	9.445	0.006	3874.363	5	-1.121	3.991	0
1117	1100.913	1672.736	7.662	0.015	3806.479	5	0.516	14.298	0
1118	1465.079	1671.722	11.711	0.006	2871.788	8	-0.278	1.202	0
1119	1862.574	1674.219	10.258	0.005	2814.999	5	-0.363	2.485	0
1120	12.899	1675.763	12.706	0.013	2975.969	7	1.671	1.240	0
1121	1019.802	1675.420	13.267	0.024	3421.738	5	-3.288	1.328	0
1122	775.682	1676.948	10.684	0.009	4053.719	9	-0.474	3.042	0
1123	1224.850	1677.957	8.459	0.008	3256.06	4	0.702	6.923	0
1124	944.740	1679.505	9.832	0.008	3692.953	5	-1.715	4.132	0
1125	584.317	1681.031	9.068	0.004	3776.415	4	-0.510	3.189	0
1126	834.225	1680.900	8.161	0.008	4126.987	5	0.321	6.926	0
1127	165.372	1681.343	10.174	0.005	3093.531	5	-0.872	2.651	0
1128	1828.011	1683.011	10.411	0.007	2807.75	9	0.044	2.995	0
1129	1903.350	1685.565	10.112	0.006	2813.765	5	0.102	3.177	0
1130	413.864	1687.281	10.416	0.021	3408.448	10	3.834	8.739	0
1131	200.300	1688.926	8.845	0.005	3153.583	6	1.027	4.215	0
1132	1406.208	1688.974	14.235	0.060	2920.369	5	-7.976	1.527	0
1133	124.216	1694.653	13.427	0.027	3034.901	6	-2.492	1.346	0
1134	1332.263	1694.728	10.924	0.010	2979.079	7	-1.940	2.992	0
1135	1641.636	1695.222	10.843	0.009	2817.015	6	-1.301	2.927	0
1136	933.298	1695.628	9.859	0.007	3800.614	6	-1.093	3.561	0
1137	654.322	1697.044	10.081	0.008	3893.975	4	-1.781	3.737	0
1138	1021.101	1697.313	12.711	0.015	3469.321	5	-0.985	1.263	0
1139	1094.202	1700.684	13.308	0.037	3450.24	20	4.643	1.965	0
1140	476.143	1701.567	13.448	0.028	3515.213	6	-4.039	1.254	0
1141	41.453	1703.460	13.544	0.026	2976.065	4	-0.857	1.219	0
1142	1527.589	1707.247	13.036	0.020	2815.477	5	-0.700	1.499	0
1143	1016.051	1709.844	12.629	0.013	3513.611	5	-1.034	1.187	0
1144	805.312	1713.632	10.099	0.008	4218.606	4	-1.795	3.639	0
1145	1692.249	1714.612	8.681	0.009	2905.452	6	1.657	7.136	0
1146	348.820	1715.094	9.684	0.004	3313.901	5	-0.619	2.652	0
1147	1102.632	1716.040	9.779	0.007	3360.426	4	-1.449	4.176	0
1148	955.920	1718.784	13.368	0.022	3687.512	5	0.788	1.071	0
1149	1152.377	1719.166	12.235	0.014	3140.068	5	-1.366	1.900	0
1150	284.802	1719.447	12.838	0.015	3136.502	5	0.181	1.195	0
1151	542.930	1718.940	13.085	0.027	3776.456	5	-2.589	1.616	0
1152	1051.941	1726.742	12.184	0.009	3421.802	5	-0.717	1.152	0
1153	924.767	1729.498	12.743	0.019	3881.69	5	-2.308	1.536	0
1154	1466.213	1729.775	12.830	0.016	2861.469	5	-1.651	1.402	0
1155	1328.799	1731.078	12.349	0.029	2978.297	7	6.263	3.655	0
1156	861.584	1736.798	13.022	0.024	4167.027	9	-1.510	1.448	0
#1157	1846.071	1736.037	15.920	0.305	2755.814	7	-49.696	1.733	0
1158	397.126	1737.376	9.432	0.004	3523.677	5	-0.339	2.352	0
1159	725.804	1737.619	10.724	0.010	4366.365	6	-2.195	3.223	0
1160	1930.166	1740.258	15.360	0.188	2773.481	6	-28.051	1.773	0
1161	1524.778	1741.458	12.344	0.011	2816.124	5	-1.029	1.406	0
1162	1629.639	1741.198	12.136	0.011	2811.625	5	-1.570	1.700	0
1163	1732.752	1740.838	12.032	0.009	2799.536	5	0.145	1.386	0
1164	1974.552	1739.868	13.177	0.023	2734.643	5	2.262	1.541	0
1165	763.624	1742.208	12.733	0.024	4392.994	7	-4.497	1.830	0
1166	1368.228	1743.770	12.264	0.011	2957.947	5	-0.998	1.488	0
1167	872.482	1746.124	12.011	0.014	4265.401	15	2.452	1.882	0
1168	1033.221	1748.108	9.205	0.006	3541.453	5	-0.443	4.136	0
1169	855.207	1749.576	9.440	0.007	4558.506	12	0.075	4.156	0
1170	99.802	1754.019	8.607	0.010	3250.666	6	2.922	8.091	0
1171	116.104	1754.069	8.227	0.010	3326.191	8	2.493	7.651	0
1172	761.770	1756.417	10.670	0.012	4670.105	10	-2.787	3.881	0
1173	716.973	1758.273	13.590	0.038	4604.339	7	-6.798	1.334	0
1174	687.416	1762.104	11.685	0.009	4489.803	7	-1.603	1.498	0
1175	862.061	1762.223	8.123	0.012	4925.634	15	0.687	8.951	0
1176	1316.073	1761.865	11.281	0.008	2946.945	7	-1.377	2.157	0
1177	141.651	1764.090	11.048	0.008	3111.499	6	0.861	2.374	0
1178	1397.094	1772.476	9.192	0.007	2997.829	5	0.129	4.763	0
#1179	318.916	1765.706	14.800	0.075	3271.328	25	0.089	1.098	0
1180	1883.738	1773.031	11.474	0.006	2801.721	5	0.431	1.375	0
1181	1685.119	1774.025	12.063	0.008	2853.432	5	0.090	1.198	0
1182	524.154	1775.803	8.638	0.017	4469.253	12	0.887	2.769	0
1183	1338.222	1775.815	12.783	0.015	2940.164	5	-1.680	1.332	0
1184	875.454	1777.218	10.211	0.006	4834.893	6	-0.449	2.521	0
1185	378.215	1777.206	8.206	0.008	3626.63	6	1.642	7.110	0
1186	224.536	1778.709	11.518	0.006	3131.961	5	0.312	1.328	0
1187	545.262	1779.274	10.157	0.005	4110.916	9	-0.671	2.013	0
1188	886.413	1782.438	9.665	0.006	4607.714	9	-0.785	2.620	0
1189	943.683	1783.042	15.329	0.201	3894.649	9	-20.524	1.656	0
1190	1692.533	1783.287	12.307	0.011	2815.052	8	-1.505	1.220	0
1191	518.630	1782.474	7.728	0.015	4438.902	6	0.680	12.821	0
1192	485.828	1785.158	11.492	0.008	3843.312	6	-0.758	1.648	0
1193	1250.526	1784.472	12.615	0.017	3016.708	5	-0.686	1.687	0
1194	1274.156	1784.628	10.385	0.010	3027.865	4	-2.007	4.464	0
1195	1386.710	1784.884	11.448	0.009	2951.051	7	0.060	1.857	0
1196	556.683	1785.550	12.226	0.008	4089.564	7	0.322	0.907	0
1197	665.021	1785.927	9.855	0.006	4603.045	5	-0.997	2.947	0
1198	1859.799	1785.979	10.336	0.006	2822.025	5	-0.310	2.887	0
1199	588.554	1786.768	13.301	0.027	4077.18	4	2.476	1.300	0
1200	1371.787	1786.693	11.578	0.007	2924.27	8	-0.520	1.477	0
1201	464.476	1787.563	10.871	0.008	3702.527	7	-1.939	2.560	0
1202	1554.934	1789.723	13.107	0.022	2787.498	5	-0.362	1.530	0
1203	804.115	1794.153	9.852	0.006	5338.814	4	-0.658	2.831	0
1204	705.960	1799.651	13.457	0.032	5189.035	6	0.156	1.204	0
1205	666.895	1801.316	10.872	0.012	4981.993	8	-2.897	3.107	0
1206	846.516	1800.995	8.597	0.007	5167.685	6	0.953	5.411	0
1207	545.230	1803.805	12.400	0.011	4116.183	6	-0.332	1.137	0
1208	1731.737	1804.384	12.655	0.012	2768.016	5	-0.237	1.250	0
1209	1852.583	1804.267	13.772	0.029	2774.008	7	0.689	1.130	0
1210	925.823	1806.032	11.905	0.011	4190.56	6	0.563	1.713	0
1211	440.498	1808.083	10.308	0.008	3581.141	4	-1.891	3.670	0
1212	1689.810	1812.074	16.087	0.450	2795.196	8	-67.096	2.217	0
1213	1130.086	1812.778	10.583	0.011	3243.221	5	-1.665	4.239	0
1214	175.634	1813.354	12.919	0.015	3070.212	5	0.132	1.138	0
1215	1210.482	1813.727	9.288	0.007	3176.939	5	-0.112	5.080	0
1216	1149.876	1815.946	9.850	0.007	3248.473	6	-0.865	3.902	0
1217	1024.152	1817.489	9.761	0.007	3652.413	5	-1.135	3.818	0
1218	1335.523	1817.945	11.863	0.011	2943.937	5	-0.742	1.981	0
1219	698.107	1823.668	12.838	0.032	5536.492	7	6.082	2.007	0
1220	905.422	1820.117	8.038	0.012	4744.92	6	2.077	11.532	0
1221	1174.819	1824.119	8.786	0.009	3306.83	10	1.103	6.484	0
1222	1286.919	1826.951	10.367	0.010	3014.812	5	-1.973	4.356	0
1223	1252.827	1828.583	13.331	0.022	2989.963	6	-0.449	1.204	0
1224	1458.101	1830.825	11.847	0.010	2840.008	8	-0.099	1.858	0
1225	1154.421	1831.983	10.727	0.009	3238.914	9	-1.530	2.948	0
1226	21.454	1832.603	12.468	0.013	2948.641	5	1.909	1.431	0
1227	512.578	1832.427	11.150	0.010	3966.256	6	-1.662	2.426	0
1228	783.397	1858.810	11.330	0.066	6459.775	50	14.067	12.164	0
1229	1169.870	1836.768	10.552	0.008	3403.026	7	-1.530	3.292	0
1230	986.062	1838.059	9.832	0.007	3925.361	5	-1.227	3.829	0
1231	678.979	1867.340	11.495	0.066	5651.412	50	15.417	12.063	0
1232	717.149	1842.032	11.046	0.011	6569.18	7	2.017	2.468	0
1233	838.853	1844.260	8.299	0.012	6210.908	6	2.355	10.072	0
1234	1196.629	1843.538	10.337	0.009	3155.525	5	-1.775	4.050	0
1235	570.367	1846.111	13.271	0.023	4229.425	6	1.076	1.113	0
1236	802.587	1868.461	11.396	0.064	6878.004	50	12.265	8.370	0
1237	1885.391	1852.018	12.311	0.007	2794.838	5	0.829	0.974	0
1238	290.180	1854.862	16.053	0.406	3220.114	8	-57.461	1.899	0
1239	1173.089	1853.739	11.890	0.010	3149.741	5	0.447	1.734	0
1240	599.064	1855.843	9.445	0.005	4835.518	5	0.255	3.312	0
1241	1691.963	1856.265	10.533	0.008	2794.786	7	-0.484	3.558	0
1242	2023.305	1858.501	11.666	0.010	2902.125	7	1.743	2.117	0
1243	1273.998	1858.754	13.053	0.023	2950.899	6	2.056	1.648	0
1244	1505.535	1859.474	12.231	0.012	2841.633	5	-1.546	1.716	0
1245	1571.939	1858.730	13.561	0.031	2839.26	5	-3.866	1.446	0
1246	1125.004	1859.412	12.610	0.014	3221.012	5	-0.067	1.414	0
1247	653.949	1862.282	11.415	0.010	6039.91	5	-0.346	1.924	0
1248	747.607	1864.772	11.192	0.049	8362.64	16	11.588	9.323	0
1249	1959.248	1864.628	13.093	0.017	2853.484	6	1.683	1.217	0
1250	1857.750	1868.984	13.095	0.016	2778.917	5	-0.329	1.109	0
1251	1213.837	1869.733	10.474	0.010	3080.776	4	-1.693	4.131	0
1252	145.225	1870.665	8.906	0.007	3213.015	5	1.643	5.034	0
1253	790.607	1872.620	10.053	0.007	8924.455	7	0.470	2.381	0
1255	1824.730	1875.212	12.188	0.009	2791.983	5	1.090	1.324	0
1256	1428.043	1879.109	10.900	0.011	2899.783	6	-1.888	3.575	0
1257	782.043	1881.300	9.725	0.007	12052.08	13	1.189	2.218	0
1258	1775.140	1885.067	11.402	0.009	2832.231	10	1.056	2.115	0
1259	2017.177	1885.510	9.423	0.010	3058.609	7	1.884	6.783	0
1260	550.598	1885.507	11.560	0.010	4233.949	6	-1.272	1.792	0
1261	147.183	1889.141	12.734	0.022	3106.803	14	3.227	1.433	0
1262	236.899	1889.691	11.581	0.008	3198.06	5	0.155	1.761	0
1263	159.451	1890.220	10.740	0.005	3152.362	9	0.196	1.617	0
1264	951.593	1890.931	9.897	0.007	4317.954	5	-1.075	3.676	0
1265	1116.192	1892.360	12.213	0.010	3231.515	6	-1.714	1.245	0
1266	1338.454	1891.710	8.362	0.012	3107.799	6	2.301	10.772	0
1267	1759.136	1893.762	9.944	0.007	2896.869	5	-0.099	4.072	0
1268	1000.859	1893.922	12.074	0.010	3818.171	4	-0.145	1.326	0
1269	1039.464	1894.488	11.450	0.008	3566.971	5	-1.118	1.857	0
1270	1731.088	1896.507	13.468	0.022	2818.422	5	-0.739	1.110	0
1271	1203.437	1898.433	11.313	0.010	3015.555	5	-0.974	2.586	0
1272	316.439	1900.313	11.673	0.008	3341.321	5	0.340	1.593	0
1273	1703.108	1901.262	11.203	0.008	2808.747	5	0.027	2.148	0
1274	978.995	1903.564	12.555	0.019	4002.704	6	0.414	1.782	0
1276	679.511	1906.919	8.990	0.014	11471.06	6	4.206	8.200	0
1277	737.329	1946.466	8.161	0.062	28056.	47	17.856	37.416	0
1278	411.255	1909.844	11.725	0.007	3607.753	5	0.131	1.220	0
1279	719.682	1943.550	8.563	0.062	23915.75	50	15.795	31.839	0
1280	398.916	1912.275	11.376	0.007	3527.006	8	-0.664	1.390	0
1281	1689.385	1911.673	14.220	0.038	2798.053	6	-3.154	0.988	0
1282	1247.255	1916.199	12.399	0.016	2952.22	5	-1.446	1.872	0
1283	1395.577	1919.460	14.357	0.072	2932.734	6	-3.818	1.685	0
1284	130.686	1921.849	9.960	0.004	3128.205	5	0.314	1.978	0
1285	1938.849	1922.702	7.344	0.019	3481.238	7	3.520	20.155	0
1286	534.327	1923.808	8.912	0.006	4376.624	7	1.418	4.554	0
1287	757.377	1943.694	8.685	0.056	29492.72	50	15.567	26.739	0
1288	414.730	1926.424	12.791	0.017	3578.495	6	0.615	1.329	0
1289	457.992	1926.733	12.375	0.011	3736.972	6	-1.056	1.139	0
1290	165.528	1927.691	11.193	0.006	3135.398	4	0.505	1.682	0
1291	264.585	1928.640	15.125	0.159	3217.465	8	-25.313	1.756	0
1292	602.238	1928.144	12.102	0.022	5582.478	6	4.350	2.460	0
1293	1035.490	1930.787	12.307	0.012	3557.057	5	0.095	1.450	0
1294	1378.496	1931.587	9.173	0.007	3039.185	5	0.515	5.180	0
1295	689.923	1963.094	8.975	0.072	14843.4	50	21.942	40.980	0
1296	751.066	1953.147	8.094	0.059	31499.14	50	13.039	29.125	0
1297	1471.014	1939.763	14.927	0.131	2841.525	6	-14.477	1.808	0
1298	1575.043	1940.961	7.802	0.013	3121.377	6	2.320	13.153	0
1299	1395.491	1943.416	12.727	0.014	2983.762	7	-0.850	1.284	0
1300	1770.760	1942.759	10.944	0.008	2983.124	5	-0.207	2.449	0
1301	1843.672	1948.242	9.440	0.008	2969.747	7	1.104	5.337	0
1302	903.717	1950.987	8.299	0.009	5640.922	7	1.760	7.410	0
1303	80.886	1955.879	11.083	0.010	3000.584	7	1.873	2.955	0
#1304	724.208	1959.499	7.906	0.055	57226.59	20	14.781	29.294	0
1305	1056.532	1962.091	13.910	0.043	3489.417	8	-4.780	1.281	0
1306	1790.828	1961.914	10.695	0.012	3080.812	6	1.878	4.618	0
1307	159.033	1968.082	11.978	0.008	3127.209	5	0.424	1.259	0
1308	1066.274	1970.458	12.771	0.014	3479.636	5	-0.733	1.168	0
#1309	1137.822	1972.707	14.193	0.065	3090.279	44	8.078	1.699	0
1310	200.831	1973.947	15.107	0.268	3294.181	9	-53.969	2.698	0
1311	1012.977	1975.409	9.658	0.007	3756.974	4	-0.456	4.369	0
#1312	1193.652	1975.816	15.594	0.469	2986.055	11	-76.510	3.249	0
1313	1235.927	1979.109	14.983	0.165	2927.955	11	-13.163	2.115	0
1314	1776.522	1978.240	7.063	0.011	3462.883	8	2.190	11.343	0
1315	1252.625	1978.290	12.416	0.013	2917.876	6	0.202	1.517	0
1316	122.801	1980.154	12.979	0.014	3014.611	5	0.970	1.079	0
1317	1656.091	1981.658	15.091	0.146	2790.753	8	-23.202	1.698	0
1318	847.770	1982.691	10.224	0.019	7929.43	6	4.829	6.881	0
#1319	1092.491	1986.309	14.834	0.130	3310.685	8	-13.667	1.725	0
1320	88.414	1987.033	11.861	0.008	2987.128	5	1.068	1.349	0
1321	668.483	1985.413	9.456	0.074	10827.12	50	21.654	37.313	0
1322	963.090	1990.010	12.339	0.012	4119.521	5	-1.598	1.258	0
1323	1420.985	1990.502	10.630	0.010	2956.675	4	-0.998	3.826	0
1324	1137.737	1991.750	13.852	0.039	3171.604	8	-0.281	1.322	0
1325	733.833	1977.586	2.549	0.044	84414.3	14	2.222	45.919	0
1326	1351.498	1993.882	8.550	0.009	3138.231	7	1.322	7.375	0
1327	1959.962	1994.138	12.368	0.011	2810.468	5	1.384	1.439	0
1328	271.691	1995.030	14.596	0.105	3243.163	7	-20.750	1.730	0
1329	1278.215	1996.431	10.657	0.010	2929.969	5	-1.327	3.740	0
1330	2018.467	1996.364	12.628	0.011	2796.448	5	0.259	1.164	0
1331	743.586	1977.839	4.033	0.212	47754.48	34	-12.357	33.476	0
1332	1149.107	2000.154	13.004	0.016	3091.524	5	-1.493	1.181	0
1334	1373.698	2006.406	8.034	0.013	3220.408	6	2.720	12.117	0
1335	604.289	2009.562	10.785	0.017	6708.253	8	3.797	4.757	0
1336	1176.930	2009.812	14.109	0.064	2957.692	8	2.887	1.845	0
1337	199.455	2014.708	7.463	0.013	3695.398	5	2.463	13.010	0
1338	714.439	2003.574	8.634	0.072	36416.73	50	20.676	33.537	0
1339	1321.423	2015.802	14.487	0.068	2923.348	5	-5.643	1.389	0
1340	167.881	2015.582	10.182	0.005	3385.096	8	0.481	2.162	0
1341	574.242	2018.031	9.826	0.006	5789.914	6	0.631	2.921	0
1342	1489.559	2018.464	12.768	0.019	2819.615	6	2.197	1.762	0
1343	1511.601	2020.804	9.895	0.007	2903.081	5	-0.402	4.202	0
1344	826.782	2006.175	10.654	0.071	7320.346	50	17.184	21.007	0
1345	92.021	2028.375	13.556	0.022	2972.619	6	0.951	0.995	0
1346	666.832	2036.086	10.166	0.039	20513.35	8	-7.179	8.963	0
1347	848.501	2023.688	10.781	0.013	6758.541	31	3.125	3.648	0
1348	1444.711	2034.634	13.716	0.043	2881.123	6	-5.676	1.748	0
#1349	157.691	2035.325	8.395	0.011	3394.507	9	2.665	9.190	0
1350	350.766	2037.118	12.621	0.014	3397.681	7	0.160	1.141	0
