1.537218000000000075e+03 8.619999999999999218e+00 1.268699999999999939e+01
1.124599999999999937e+02 8.795999999999999375e+00 1.050300000000000011e+01
3.317860000000000014e+02 1.042300000000000004e+01 1.267600000000000016e+01
8.581130000000000564e+02 9.119999999999999218e+00 1.218399999999999928e+01
1.341879999999999882e+02 1.849299999999999855e+01 1.136800000000000033e+01
9.439450000000000500e+02 1.888899999999999935e+01 1.259099999999999930e+01
1.413790999999999940e+03 1.801200000000000045e+01 1.017300000000000004e+01
1.216702999999999975e+03 2.024899999999999878e+01 1.310699999999999932e+01
4.741960000000000264e+02 2.157000000000000028e+01 1.221000000000000085e+01
3.483840000000000146e+02 2.477400000000000091e+01 1.596599999999999930e+01
7.065969999999999800e+02 2.392399999999999949e+01 1.346799999999999997e+01
1.007981999999999971e+03 2.321699999999999875e+01 8.609999999999999432e+00
1.999684999999999945e+03 2.862800000000000011e+01 1.516499999999999915e+01
9.629529999999999745e+02 2.723699999999999832e+01 1.199900000000000055e+01
1.583374000000000024e+03 3.021699999999999875e+01 1.064700000000000024e+01
1.558300000000000125e+02 3.305100000000000193e+01 1.230599999999999916e+01
4.145600000000000023e+02 3.382500000000000284e+01 1.130799999999999983e+01
2.682649999999999864e+02 3.386599999999999966e+01 8.997999999999999332e+00
9.087099999999999511e+01 3.927900000000000347e+01 1.052800000000000047e+01
5.352210000000000036e+02 3.890400000000000347e+01 1.364700000000000024e+01
1.516596999999999980e+03 4.512800000000000011e+01 1.347100000000000009e+01
6.981140000000000327e+02 4.477600000000000335e+01 1.061899999999999977e+01
6.495049999999999955e+02 4.941100000000000136e+01 1.346400000000000041e+01
1.024761999999999944e+03 5.600000000000000000e+01 1.273300000000000054e+01
1.157249999999999943e+02 5.788900000000000290e+01 1.128400000000000070e+01
3.791370000000000005e+02 5.979899999999999949e+01 1.243699999999999939e+01
1.321431000000000040e+03 6.246500000000000341e+01 1.510800000000000054e+01
1.606721999999999980e+03 6.163100000000000023e+01 1.238899999999999935e+01
2.167100000000000080e+02 6.532599999999999341e+01 1.525200000000000067e+01
1.559960000000000093e+02 6.446299999999999386e+01 8.651999999999999247e+00
1.234753999999999905e+03 6.763700000000000045e+01 1.301099999999999923e+01
9.760280000000000200e+02 6.837999999999999545e+01 1.310200000000000031e+01
1.019158999999999992e+03 6.810399999999999920e+01 1.200300000000000011e+01
5.770720000000000027e+02 6.925000000000000000e+01 1.075000000000000000e+01
1.507922000000000025e+03 6.970300000000000296e+01 1.333399999999999963e+01
1.089229000000000042e+03 6.951000000000000512e+01 9.256000000000000227e+00
4.906050000000000182e+02 7.098600000000000421e+01 1.264400000000000013e+01
1.200807999999999993e+03 7.413100000000000023e+01 1.241799999999999926e+01
5.773759999999999764e+02 7.877299999999999613e+01 1.033099999999999952e+01
1.040349999999999966e+02 8.250499999999999545e+01 1.299900000000000055e+01
1.609609999999999900e+03 8.476200000000000045e+01 1.585100000000000087e+01
8.479790000000000418e+02 8.918300000000000693e+01 1.351200000000000045e+01
1.406828999999999951e+03 9.507200000000000273e+01 1.193399999999999928e+01
6.743500000000000227e+02 9.776399999999999579e+01 1.133000000000000007e+01
1.719027000000000044e+03 1.009779999999999944e+02 1.225600000000000023e+01
7.305960000000000036e+02 1.043449999999999989e+02 1.208500000000000085e+01
1.494503999999999905e+03 1.037549999999999955e+02 1.174000000000000021e+01
1.909915999999999940e+03 1.070220000000000056e+02 1.328899999999999970e+01
1.449096999999999980e+03 1.073449999999999989e+02 9.391000000000000014e+00
1.485320000000000107e+02 1.077660000000000053e+02 1.258399999999999963e+01
5.723849999999999909e+02 1.102019999999999982e+02 1.059699999999999953e+01
1.957330000000000041e+02 1.178970000000000056e+02 1.325500000000000078e+01
5.016220000000000141e+02 1.178310000000000031e+02 8.737999999999999545e+00
6.870059999999999718e+02 1.185229999999999961e+02 1.016399999999999970e+01
1.300796000000000049e+03 1.220390000000000015e+02 1.250500000000000078e+01
1.745884999999999991e+03 1.217379999999999995e+02 9.156000000000000583e+00
3.196410000000000196e+02 1.213370000000000033e+02 9.013999999999999346e+00
1.784156999999999925e+03 1.230030000000000001e+02 1.257699999999999996e+01
1.841846999999999980e+03 1.240169999999999959e+02 1.305499999999999972e+01
2.137340000000000089e+02 1.268040000000000020e+02 1.243999999999999950e+01
1.977778000000000020e+03 1.271959999999999980e+02 1.192500000000000071e+01
1.425289999999999964e+03 1.320699999999999932e+02 1.358200000000000074e+01
8.839300000000000068e+01 1.354759999999999991e+02 1.283200000000000074e+01
8.235270000000000437e+02 1.345929999999999893e+02 1.279599999999999937e+01
1.956368999999999915e+03 1.349360000000000070e+02 1.401299999999999990e+01
8.657859999999999445e+02 1.377820000000000107e+02 1.321299999999999919e+01
1.816659000000000106e+03 1.406500000000000057e+02 1.334299999999999997e+01
1.702993999999999915e+03 1.412179999999999893e+02 1.131400000000000006e+01
1.318189000000000078e+03 1.462500000000000000e+02 1.279700000000000060e+01
1.420171000000000049e+03 1.542280000000000086e+02 8.352000000000000313e+00
1.454348999999999933e+03 1.597259999999999991e+02 1.230700000000000038e+01
1.617980999999999995e+03 1.623280000000000030e+02 1.131000000000000050e+01
1.397249999999999943e+02 1.628499999999999943e+02 1.067200000000000060e+01
1.734882000000000062e+03 1.639240000000000066e+02 1.215000000000000036e+01
6.943650000000000091e+02 1.621189999999999998e+02 8.311999999999999389e+00
1.895984999999999900e+03 1.673480000000000132e+02 1.062599999999999945e+01
5.445140000000000100e+02 1.687030000000000030e+02 1.012100000000000044e+01
1.274337999999999965e+03 1.708290000000000077e+02 1.241999999999999993e+01
9.160610000000000355e+02 1.745920000000000130e+02 1.604100000000000037e+01
1.236832000000000107e+03 1.794919999999999902e+02 1.110599999999999987e+01
1.622071999999999889e+03 1.879610000000000127e+02 1.356499999999999950e+01
1.175247000000000071e+03 1.904060000000000059e+02 1.360699999999999932e+01
1.810378999999999905e+03 1.907470000000000141e+02 1.391200000000000081e+01
1.924083000000000084e+03 1.912239999999999895e+02 1.012100000000000044e+01
4.473129999999999882e+02 1.928569999999999993e+02 1.104700000000000060e+01
1.861462999999999965e+03 1.924190000000000111e+02 1.295500000000000007e+01
1.064618999999999915e+03 1.942760000000000105e+02 8.461000000000000298e+00
1.370136999999999944e+03 2.008799999999999955e+02 7.570999999999999730e+00
8.291380000000000337e+02 2.017330000000000041e+02 1.187800000000000011e+01
1.713243999999999915e+03 2.039310000000000116e+02 1.217800000000000082e+01
9.082229999999999563e+02 2.057500000000000000e+02 1.326999999999999957e+01
4.379289999999999736e+02 2.096069999999999993e+02 1.186400000000000077e+01
3.438009999999999877e+02 2.083609999999999900e+02 1.366499999999999915e+01
1.162348999999999933e+03 2.116819999999999879e+02 1.085599999999999987e+01
1.817185999999999922e+03 2.126719999999999970e+02 9.816000000000000725e+00
1.487310999999999922e+03 2.254120000000000061e+02 7.488000000000000433e+00
1.767489000000000033e+03 2.251860000000000070e+02 9.224000000000000199e+00
1.515346999999999980e+03 2.259339999999999975e+02 9.832000000000000739e+00
1.649609999999999900e+03 2.263340000000000032e+02 1.067099999999999937e+01
5.725389999999999873e+02 2.297949999999999875e+02 1.264300000000000068e+01
3.323340000000000032e+02 2.346090000000000089e+02 1.560800000000000054e+01
3.572579999999999814e+02 2.331930000000000121e+02 9.070999999999999730e+00
1.784931000000000040e+03 2.373180000000000121e+02 1.493999999999999950e+01
1.885865999999999985e+03 2.362479999999999905e+02 1.083000000000000007e+01
1.357049999999999955e+03 2.396819999999999879e+02 1.269500000000000028e+01
2.040749999999999886e+02 2.424259999999999877e+02 1.160500000000000043e+01
1.376972999999999956e+03 2.441599999999999966e+02 1.305899999999999928e+01
6.484009999999999536e+02 2.470250000000000057e+02 9.327999999999999403e+00
1.085326000000000022e+03 2.524809999999999945e+02 9.603999999999999204e+00
8.380270000000000437e+02 2.524950000000000045e+02 1.355400000000000027e+01
5.384400000000000119e+01 2.535730000000000075e+02 1.156300000000000061e+01
2.006836999999999989e+03 2.549540000000000077e+02 1.115700000000000003e+01
1.791257000000000062e+03 2.562509999999999764e+02 1.234200000000000053e+01
2.045200000000000173e+01 2.577210000000000036e+02 1.321000000000000085e+01
4.080670000000000073e+02 2.592799999999999727e+02 1.312199999999999989e+01
1.391029999999999973e+03 2.606000000000000227e+02 1.236999999999999922e+01
6.311480000000000246e+02 2.624390000000000214e+02 8.031000000000000583e+00
1.307076999999999998e+03 2.642520000000000095e+02 1.120700000000000074e+01
1.383134999999999991e+03 2.693740000000000236e+02 1.155199999999999960e+01
1.570587999999999965e+03 2.676979999999999791e+02 1.336899999999999977e+01
9.779279999999999973e+02 2.724100000000000250e+02 1.249099999999999966e+01
3.653070000000000164e+02 2.745889999999999986e+02 1.174200000000000088e+01
5.991280000000000427e+02 2.750869999999999891e+02 9.858000000000000540e+00
1.977567000000000007e+03 2.826270000000000095e+02 1.323399999999999999e+01
1.044060000000000059e+02 2.851150000000000091e+02 1.084500000000000064e+01
1.481262999999999920e+03 2.854370000000000118e+02 1.164899999999999913e+01
3.046190000000000282e+02 2.876100000000000136e+02 1.281400000000000006e+01
1.876375000000000000e+03 2.880699999999999932e+02 1.090399999999999991e+01
8.542640000000000100e+02 2.891510000000000105e+02 1.077599999999999980e+01
1.656684999999999945e+03 2.907760000000000105e+02 8.852000000000000313e+00
3.544409999999999741e+02 2.916589999999999918e+02 1.127299999999999969e+01
1.259576999999999998e+03 2.925299999999999727e+02 1.179800000000000004e+01
1.333233999999999924e+03 2.920579999999999927e+02 1.283399999999999963e+01
1.844039999999999964e+02 2.974209999999999923e+02 9.153999999999999915e+00
1.548946999999999889e+03 2.979769999999999754e+02 1.382499999999999929e+01
7.268559999999999945e+02 3.002610000000000241e+02 1.235800000000000054e+01
6.276019999999999754e+02 3.009300000000000068e+02 1.329700000000000060e+01
1.875710000000000036e+03 3.010120000000000005e+02 1.266999999999999993e+01
1.417202999999999975e+03 3.056170000000000186e+02 8.201000000000000512e+00
1.440709000000000060e+03 3.080790000000000077e+02 9.045999999999999375e+00
1.057661000000000058e+03 3.079189999999999827e+02 1.217200000000000060e+01
6.694919999999999618e+02 3.088790000000000191e+02 1.318299999999999983e+01
1.020457999999999970e+03 3.104039999999999964e+02 1.310599999999999987e+01
4.245720000000000027e+02 3.143500000000000227e+02 8.830000000000000071e+00
2.019811999999999898e+03 3.169119999999999777e+02 8.992000000000000881e+00
1.185384999999999991e+03 3.178269999999999982e+02 1.298799999999999955e+01
1.084414999999999964e+03 3.219580000000000268e+02 8.394000000000000128e+00
1.367422000000000025e+03 3.186050000000000182e+02 1.322100000000000009e+01
1.004336999999999989e+03 3.228029999999999973e+02 1.332099999999999973e+01
1.758096999999999980e+03 3.275950000000000273e+02 1.154700000000000060e+01
1.428414999999999964e+03 3.391850000000000023e+02 1.072199999999999953e+01
9.505389999999999873e+02 3.414089999999999918e+02 1.305199999999999960e+01
2.726870000000000118e+02 3.465230000000000246e+02 1.219800000000000040e+01
5.700660000000000309e+02 3.515110000000000241e+02 1.249499999999999922e+01
1.052778000000000020e+03 3.524950000000000045e+02 1.233600000000000030e+01
2.366599999999999966e+02 3.541759999999999877e+02 9.330999999999999517e+00
1.518811999999999898e+03 3.554039999999999964e+02 1.177399999999999913e+01
1.367230999999999995e+03 3.559379999999999882e+02 9.929999999999999716e+00
6.050249999999999773e+02 3.584320000000000164e+02 1.165499999999999936e+01
4.183419999999999845e+02 3.590009999999999764e+02 1.151399999999999935e+01
6.992820000000000391e+02 3.598489999999999895e+02 9.948000000000000398e+00
1.502942000000000007e+03 3.625350000000000250e+02 1.147799999999999976e+01
1.947400000000000020e+01 3.668829999999999814e+02 1.020899999999999963e+01
9.655599999999999454e+02 3.671250000000000000e+02 1.325500000000000078e+01
1.590229000000000042e+03 3.711630000000000109e+02 8.285999999999999588e+00
1.882661000000000058e+03 3.706440000000000055e+02 1.225500000000000078e+01
1.072420000000000044e+02 3.716429999999999723e+02 1.070400000000000063e+01
6.166820000000000164e+02 3.760110000000000241e+02 1.307499999999999929e+01
1.188215999999999894e+03 3.773279999999999745e+02 1.067099999999999937e+01
1.108397999999999911e+03 3.792669999999999959e+02 1.239899999999999913e+01
6.733099999999999454e+02 3.801000000000000227e+02 1.194299999999999962e+01
1.413490999999999985e+03 3.815509999999999877e+02 1.218299999999999983e+01
1.594041999999999916e+03 3.813980000000000246e+02 8.586999999999999744e+00
4.508319999999999936e+02 3.859669999999999845e+02 1.195800000000000018e+01
1.472451000000000022e+03 3.917610000000000241e+02 1.382799999999999940e+01
5.776839999999999691e+02 3.944549999999999841e+02 1.278299999999999947e+01
8.010220000000000482e+02 3.983149999999999977e+02 1.314600000000000080e+01
2.030506000000000085e+03 3.982049999999999841e+02 1.223700000000000010e+01
1.692212999999999965e+03 4.007169999999999845e+02 8.108999999999999986e+00
6.824740000000000464e+02 4.017520000000000095e+02 8.551000000000000156e+00
1.938286000000000058e+03 4.012989999999999782e+02 1.020299999999999940e+01
7.051820000000000164e+02 4.016139999999999759e+02 1.148399999999999999e+01
1.273048000000000002e+03 4.021379999999999768e+02 1.175999999999999979e+01
9.924719999999999800e+02 4.046999999999999886e+02 9.720000000000000639e+00
1.047169000000000096e+03 4.087060000000000173e+02 1.371700000000000053e+01
1.000268000000000029e+03 4.159169999999999732e+02 1.354299999999999926e+01
1.183820999999999913e+03 4.175319999999999823e+02 1.055100000000000016e+01
1.300115000000000009e+03 4.177440000000000282e+02 1.331000000000000050e+01
2.017090000000000032e+02 4.191089999999999804e+02 1.212100000000000044e+01
9.674510000000000218e+02 4.189540000000000077e+02 1.237400000000000055e+01
1.923200000000000045e+03 4.192540000000000191e+02 9.787000000000000810e+00
6.594999999999999751e+00 4.207230000000000132e+02 1.368599999999999994e+01
6.463559999999999945e+02 4.198670000000000186e+02 1.172400000000000020e+01
1.694320999999999913e+03 4.198220000000000027e+02 1.270899999999999963e+01
1.862318999999999960e+03 4.260280000000000200e+02 7.945000000000000284e+00
8.657299999999999329e+01 4.275869999999999891e+02 1.361800000000000033e+01
5.043609999999999900e+02 4.301800000000000068e+02 1.277500000000000036e+01
1.974862000000000080e+03 4.298849999999999909e+02 1.249799999999999933e+01
2.221359999999999957e+02 4.312379999999999995e+02 1.096899999999999942e+01
1.560063000000000102e+03 4.318109999999999786e+02 1.258399999999999963e+01
1.033063000000000102e+03 4.352470000000000141e+02 1.002200000000000024e+01
1.282119999999999891e+02 4.361619999999999777e+02 1.049099999999999966e+01
1.641700000000000045e+03 4.377450000000000045e+02 1.217099999999999937e+01
7.596109999999999900e+02 4.421739999999999782e+02 1.211400000000000077e+01
7.963640000000000327e+02 4.439649999999999750e+02 1.098199999999999932e+01
1.576131000000000085e+03 4.474320000000000164e+02 1.305400000000000027e+01
1.536703999999999951e+03 4.490649999999999977e+02 9.887999999999999901e+00
1.268961000000000013e+03 4.506490000000000009e+02 1.345400000000000063e+01
1.612059999999999945e+03 4.511899999999999977e+02 1.185500000000000043e+01
7.098029999999999973e+02 4.524390000000000214e+02 1.172600000000000087e+01
1.666955999999999904e+03 4.524859999999999900e+02 1.083799999999999919e+01
1.476617999999999938e+03 4.545369999999999777e+02 1.248399999999999999e+01
9.598790000000000191e+02 4.575369999999999777e+02 1.278299999999999947e+01
1.051993999999999915e+03 4.557409999999999854e+02 1.340300000000000047e+01
2.721209999999999809e+02 4.586890000000000214e+02 1.237299999999999933e+01
1.076126999999999953e+03 4.588820000000000050e+02 1.037599999999999945e+01
1.338977000000000089e+03 4.620129999999999768e+02 1.364499999999999957e+01
1.844326999999999998e+03 4.634139999999999873e+02 1.292300000000000004e+01
4.946300000000000097e+01 4.634499999999999886e+02 1.184600000000000009e+01
1.977570000000000050e+02 4.644739999999999895e+02 1.219400000000000084e+01
5.341649999999999636e+02 4.657320000000000277e+02 1.241699999999999982e+01
5.810480000000000018e+02 4.655989999999999895e+02 1.244100000000000072e+01
1.320858999999999924e+03 4.680869999999999891e+02 1.200600000000000023e+01
2.144099999999999966e+02 4.766360000000000241e+02 1.076800000000000068e+01
3.749230000000000018e+02 4.775029999999999859e+02 1.100300000000000011e+01
1.509771999999999935e+03 4.785160000000000196e+02 1.305700000000000038e+01
1.349323000000000093e+03 4.787500000000000000e+02 1.107699999999999996e+01
1.486454999999999927e+03 4.822060000000000173e+02 1.109200000000000053e+01
1.013658000000000015e+03 4.847339999999999804e+02 1.293599999999999994e+01
2.776659999999999968e+02 4.928820000000000050e+02 1.075200000000000067e+01
5.359410000000000309e+02 4.927370000000000232e+02 1.403899999999999970e+01
1.028431000000000040e+03 4.928039999999999736e+02 1.165700000000000003e+01
6.757440000000000282e+02 4.955539999999999736e+02 1.238799999999999990e+01
1.211494999999999891e+03 4.959809999999999945e+02 1.212299999999999933e+01
1.456265000000000100e+03 4.987570000000000050e+02 1.111800000000000033e+01
1.489200000000000045e+03 4.988929999999999723e+02 1.297100000000000009e+01
1.502332000000000107e+03 4.995629999999999882e+02 1.363000000000000078e+01
1.078182000000000016e+03 5.010319999999999823e+02 1.215199999999999925e+01
1.391799999999999955e+03 5.056549999999999727e+02 9.028000000000000469e+00
3.326299999999999955e+02 5.063319999999999936e+02 1.306199999999999939e+01
1.112065000000000055e+03 5.070099999999999909e+02 1.182699999999999996e+01
8.063999999999999773e+02 5.100090000000000146e+02 1.022600000000000087e+01
1.430500000000000000e+03 5.106320000000000050e+02 1.328899999999999970e+01
5.749690000000000509e+02 5.143590000000000373e+02 9.753000000000000114e+00
1.409411000000000058e+03 5.193970000000000482e+02 1.265199999999999925e+01
1.863640000000000100e+03 5.199790000000000418e+02 1.037400000000000055e+01
9.069779999999999518e+02 5.272849999999999682e+02 1.321400000000000041e+01
1.079178000000000111e+03 5.286000000000000227e+02 1.025600000000000023e+01
4.418779999999999859e+02 5.293289999999999509e+02 1.398199999999999932e+01
6.442089999999999463e+02 5.362830000000000155e+02 9.974000000000000199e+00
1.479701999999999998e+03 5.357060000000000173e+02 1.308000000000000007e+01
1.585143000000000029e+03 5.395760000000000218e+02 1.100099999999999945e+01
1.287868999999999915e+03 5.415520000000000209e+02 1.186500000000000021e+01
2.563589999999999804e+02 5.413980000000000246e+02 1.362400000000000055e+01
2.483999999999999986e+01 5.427549999999999955e+02 1.330599999999999916e+01
7.549610000000000127e+02 5.437500000000000000e+02 1.015099999999999980e+01
1.078856999999999971e+03 5.472780000000000200e+02 1.213400000000000034e+01
9.007519999999999527e+02 5.477590000000000146e+02 1.194200000000000017e+01
1.503949000000000069e+03 5.506200000000000045e+02 1.199499999999999922e+01
4.463299999999999841e+02 5.526559999999999491e+02 1.380599999999999916e+01
4.148879999999999768e+02 5.543310000000000173e+02 1.064100000000000001e+01
5.770030000000000427e+02 5.541609999999999445e+02 1.240000000000000036e+01
6.803719999999999573e+02 5.554909999999999854e+02 1.347100000000000009e+01
1.004110000000000014e+03 5.559850000000000136e+02 1.242099999999999937e+01
1.894963999999999942e+03 5.572899999999999636e+02 1.189100000000000001e+01
1.632502999999999929e+03 5.597930000000000064e+02 1.325699999999999967e+01
1.251482999999999947e+03 5.632759999999999536e+02 1.169299999999999962e+01
1.188180000000000064e+03 5.638429999999999609e+02 1.139600000000000080e+01
1.595328999999999951e+03 5.654829999999999472e+02 1.315799999999999947e+01
1.892826000000000022e+03 5.665000000000000000e+02 1.150200000000000067e+01
1.918674999999999955e+03 5.685599999999999454e+02 1.194200000000000017e+01
1.046355999999999995e+03 5.689279999999999973e+02 8.749000000000000554e+00
6.840230000000000246e+02 5.698120000000000118e+02 1.217200000000000060e+01
3.012040000000000077e+02 5.735570000000000164e+02 1.144200000000000017e+01
1.744961999999999989e+03 5.743279999999999745e+02 1.261800000000000033e+01
1.690842000000000098e+03 5.770049999999999955e+02 1.162899999999999956e+01
1.205032999999999902e+03 5.802369999999999663e+02 1.092699999999999960e+01
1.447973999999999933e+03 5.802640000000000100e+02 9.990000000000000213e+00
1.768047000000000025e+03 5.863279999999999745e+02 1.032499999999999929e+01
1.567030000000000030e+02 5.869429999999999836e+02 1.283799999999999919e+01
4.276549999999999727e+02 5.909400000000000546e+02 1.508300000000000018e+01
1.843644999999999982e+03 5.879089999999999918e+02 1.331099999999999994e+01
1.417150000000000091e+03 5.934189999999999827e+02 1.182199999999999918e+01
5.559610000000000127e+02 5.950489999999999782e+02 1.272300000000000075e+01
9.793550000000000182e+02 5.969329999999999927e+02 1.277100000000000080e+01
1.842139999999999986e+02 5.995650000000000546e+02 1.174399999999999977e+01
2.375190000000000055e+02 6.020620000000000118e+02 1.270500000000000007e+01
9.276369999999999436e+02 6.024669999999999845e+02 9.236000000000000654e+00
9.060040000000000191e+02 6.048569999999999709e+02 1.220100000000000051e+01
1.092276000000000067e+03 6.061849999999999454e+02 1.097400000000000020e+01
7.375710000000000264e+02 6.065480000000000018e+02 1.150000000000000000e+01
1.450967000000000098e+03 6.084529999999999745e+02 1.107799999999999940e+01
1.765489000000000033e+03 6.109460000000000264e+02 8.442999999999999616e+00
1.780818999999999960e+03 6.107740000000000009e+02 9.122999999999999332e+00
4.668319999999999936e+02 6.149339999999999691e+02 1.277999999999999936e+01
1.641769999999999982e+03 6.154349999999999454e+02 1.191999999999999993e+01
5.479059999999999491e+02 6.157759999999999536e+02 1.061100000000000065e+01
1.952352000000000089e+03 6.173429999999999609e+02 1.163599999999999923e+01
1.873852000000000089e+03 6.192469999999999573e+02 1.362599999999999945e+01
9.871960000000000264e+02 6.250180000000000291e+02 1.474799999999999933e+01
1.689342000000000098e+03 6.240059999999999718e+02 1.285399999999999920e+01
7.334930000000000518e+02 6.258229999999999791e+02 1.241300000000000026e+01
1.210732999999999947e+03 6.262839999999999918e+02 1.148900000000000077e+01
2.796630000000000109e+02 6.277939999999999827e+02 1.051800000000000068e+01
1.593893000000000029e+03 6.287749999999999773e+02 1.224799999999999933e+01
1.288824000000000069e+03 6.340149999999999864e+02 1.132000000000000028e+01
1.555451000000000022e+03 6.379049999999999727e+02 1.210500000000000043e+01
5.452540000000000191e+02 6.414020000000000437e+02 1.074300000000000033e+01
1.246830000000000069e+02 6.418899999999999864e+02 1.222300000000000075e+01
1.311689000000000078e+03 6.423680000000000518e+02 1.126800000000000068e+01
2.005296000000000049e+03 6.426330000000000382e+02 1.160699999999999932e+01
8.319519999999999982e+02 6.433790000000000191e+02 1.345800000000000018e+01
3.615749999999999886e+02 6.472970000000000255e+02 1.021100000000000030e+01
1.154597999999999956e+03 6.480729999999999791e+02 1.320800000000000018e+01
1.086142000000000053e+03 6.501399999999999864e+02 1.083999999999999986e+01
1.860007000000000062e+03 6.506539999999999964e+02 1.066300000000000026e+01
4.325620000000000118e+02 6.509070000000000391e+02 1.085100000000000087e+01
1.482391000000000076e+03 6.589439999999999600e+02 1.219800000000000040e+01
1.085049999999999955e+02 6.605049999999999955e+02 1.079199999999999982e+01
1.122164999999999964e+03 6.611109999999999900e+02 1.106700000000000017e+01
3.398860000000000241e+02 6.615919999999999845e+02 1.136800000000000033e+01
1.670686999999999898e+03 6.636939999999999600e+02 8.144999999999999574e+00
1.799252999999999929e+03 6.650119999999999436e+02 1.234200000000000053e+01
2.011042999999999893e+03 6.650810000000000173e+02 1.249900000000000055e+01
4.933260000000000218e+02 6.667640000000000100e+02 1.303400000000000070e+01
2.514099999999999824e+01 6.685990000000000464e+02 1.095100000000000051e+01
9.884379999999999882e+02 6.752859999999999445e+02 1.289100000000000001e+01
1.205844000000000051e+03 6.741559999999999491e+02 1.363299999999999912e+01
1.391640000000000100e+03 6.764020000000000437e+02 1.551299999999999990e+01
8.048220000000000027e+02 6.767110000000000127e+02 1.385399999999999920e+01
1.037242999999999938e+03 6.783669999999999618e+02 1.473300000000000054e+01
7.483790000000000191e+02 6.775879999999999654e+02 1.091300000000000026e+01
8.753400000000000603e+01 6.772730000000000246e+02 1.214300000000000068e+01
1.753619999999999948e+02 6.792240000000000464e+02 1.371299999999999919e+01
1.676723999999999933e+03 6.803559999999999945e+02 1.243099999999999916e+01
1.176707000000000107e+03 6.807229999999999563e+02 1.176399999999999935e+01
2.127729999999999961e+02 6.821180000000000518e+02 1.209099999999999930e+01
3.484639999999999986e+02 6.822849999999999682e+02 9.429999999999999716e+00
1.433032999999999902e+03 6.901689999999999827e+02 1.370800000000000018e+01
7.044349999999999454e+02 6.912000000000000455e+02 1.312700000000000067e+01
1.738602000000000089e+03 6.944930000000000518e+02 8.371999999999999886e+00
1.568110000000000070e+02 7.012290000000000418e+02 8.766999999999999460e+00
1.181849999999999909e+03 7.022089999999999463e+02 1.080100000000000016e+01
1.174879999999999995e+02 7.054909999999999854e+02 1.338400000000000034e+01
1.003263000000000034e+03 7.057319999999999709e+02 1.267300000000000004e+01
1.232247000000000071e+03 7.069909999999999854e+02 9.064000000000000057e+00
9.835320000000000391e+02 7.113200000000000500e+02 1.354700000000000060e+01
1.714310999999999922e+03 7.128039999999999736e+02 1.344299999999999962e+01
1.096075000000000045e+03 7.141200000000000045e+02 1.181000000000000050e+01
2.234679999999999893e+02 7.162670000000000528e+02 9.182999999999999829e+00
1.143699000000000069e+03 7.189919999999999618e+02 9.602999999999999758e+00
1.660403000000000020e+03 7.198160000000000309e+02 1.172899999999999920e+01
8.831150000000000091e+02 7.204919999999999618e+02 1.252200000000000024e+01
1.818932999999999993e+03 7.252219999999999800e+02 1.389600000000000080e+01
3.745659999999999741e+02 7.300349999999999682e+02 1.135899999999999999e+01
1.618781999999999925e+03 7.300670000000000073e+02 9.371000000000000441e+00
8.533239999999999554e+02 7.311130000000000564e+02 9.689000000000000057e+00
5.016669999999999732e+02 7.340529999999999973e+02 9.048000000000000043e+00
1.311017000000000053e+03 7.364479999999999791e+02 9.935000000000000497e+00
1.185071999999999889e+03 7.411539999999999964e+02 1.143599999999999994e+01
1.115884999999999991e+03 7.421499999999999773e+02 1.276099999999999923e+01
1.545234999999999900e+03 7.421970000000000027e+02 1.019800000000000040e+01
1.490508000000000038e+03 7.441280000000000427e+02 1.194400000000000084e+01
1.875540000000000020e+02 7.448369999999999891e+02 1.206099999999999994e+01
6.361259999999999764e+02 7.451440000000000055e+02 8.093999999999999417e+00
6.864109999999999445e+02 7.449539999999999509e+02 1.207499999999999929e+01
9.058200000000000500e+02 7.456609999999999445e+02 1.216699999999999982e+01
1.432294000000000096e+03 7.450069999999999482e+02 9.708000000000000185e+00
3.767690000000000055e+02 7.496820000000000164e+02 1.089600000000000080e+01
5.123990000000000009e+02 7.506530000000000200e+02 1.021799999999999997e+01
1.003634999999999991e+03 7.506240000000000236e+02 1.140000000000000036e+01
1.517364000000000033e+03 7.505919999999999845e+02 1.276399999999999935e+01
7.565910000000000082e+02 7.537609999999999673e+02 1.252599999999999980e+01
1.075979999999999990e+02 7.551180000000000518e+02 1.151099999999999923e+01
1.219340999999999894e+03 7.550499999999999545e+02 1.330400000000000027e+01
1.751819999999999879e+02 7.566100000000000136e+02 1.202200000000000024e+01
7.737540000000000191e+02 7.589099999999999682e+02 1.355100000000000016e+01
1.162890000000000100e+03 7.584389999999999645e+02 1.234900000000000020e+01
1.314051999999999907e+03 7.581499999999999773e+02 1.034699999999999953e+01
1.692944999999999936e+03 7.598719999999999573e+02 1.166600000000000037e+01
3.523740000000000236e+02 7.609220000000000255e+02 1.003700000000000081e+01
1.124089999999999918e+03 7.614539999999999509e+02 1.125999999999999979e+01
9.701019999999999754e+02 7.615839999999999463e+02 8.865000000000000213e+00
6.792659999999999627e+02 7.639940000000000282e+02 9.356999999999999318e+00
1.469780999999999949e+03 7.657559999999999718e+02 1.568699999999999939e+01
1.879531999999999925e+03 7.647200000000000273e+02 1.116900000000000048e+01
4.976370000000000005e+02 7.645860000000000127e+02 1.198900000000000077e+01
1.134200000000000053e+01 7.659790000000000418e+02 9.920999999999999375e+00
7.491989999999999554e+02 7.664429999999999836e+02 1.086500000000000021e+01
3.214850000000000136e+02 7.695950000000000273e+02 1.263599999999999923e+01
1.116680000000000064e+02 7.710990000000000464e+02 1.423700000000000010e+01
1.311359999999999900e+03 7.721939999999999600e+02 1.364700000000000024e+01
6.309339999999999691e+02 7.754740000000000464e+02 1.025999999999999979e+01
1.286494999999999891e+03 7.771280000000000427e+02 1.060899999999999999e+01
1.094391000000000076e+03 7.799089999999999918e+02 1.035200000000000031e+01
2.964649999999999750e+02 7.828049999999999500e+02 1.179499999999999993e+01
7.661109999999999900e+02 7.837450000000000045e+02 1.142099999999999937e+01
1.534229000000000042e+03 7.901019999999999754e+02 1.327399999999999913e+01
4.912700000000000244e+01 7.905769999999999982e+02 9.227000000000000313e+00
1.341734999999999900e+03 7.921040000000000418e+02 1.317900000000000027e+01
9.667930000000000064e+02 7.929349999999999454e+02 9.266999999999999460e+00
1.142117999999999938e+03 7.934640000000000555e+02 1.040700000000000003e+01
1.179838999999999942e+03 7.995000000000000000e+02 1.215099999999999980e+01
4.227110000000000127e+02 8.028310000000000173e+02 1.019800000000000040e+01
2.169350000000000023e+02 8.035670000000000073e+02 1.144100000000000072e+01
8.858279999999999745e+02 8.044020000000000437e+02 1.215399999999999991e+01
1.022787000000000035e+03 8.064039999999999964e+02 8.481999999999999318e+00
7.571069999999999709e+02 8.078640000000000327e+02 1.312800000000000011e+01
1.254284000000000106e+03 8.073120000000000118e+02 1.059099999999999930e+01
1.476399999999999864e+02 8.094650000000000318e+02 1.561500000000000021e+01
9.163110000000000355e+02 8.095650000000000546e+02 9.910999999999999588e+00
1.570693999999999960e+03 8.143619999999999663e+02 1.250799999999999912e+01
1.284005000000000109e+03 8.159289999999999736e+02 1.357699999999999996e+01
6.466059999999999945e+02 8.176849999999999454e+02 1.320299999999999940e+01
9.598179999999999836e+02 8.178350000000000364e+02 1.270199999999999996e+01
1.052118999999999915e+03 8.197200000000000273e+02 8.805999999999999162e+00
2.036864000000000033e+03 8.188460000000000036e+02 1.041000000000000014e+01
1.593755000000000109e+03 8.219679999999999609e+02 1.163799999999999990e+01
1.699969000000000051e+03 8.234969999999999573e+02 9.948999999999999844e+00
1.520185999999999922e+03 8.250700000000000500e+02 8.881000000000000227e+00
9.433909999999999627e+02 8.251009999999999991e+02 1.242900000000000027e+01
9.306680000000000064e+02 8.255810000000000173e+02 1.246000000000000085e+01
1.365342000000000098e+03 8.299840000000000373e+02 8.492000000000000881e+00
2.783700000000000045e+02 8.303339999999999463e+02 1.082799999999999940e+01
6.042670000000000528e+02 8.345510000000000446e+02 1.543099999999999916e+01
1.643597999999999956e+03 8.322580000000000382e+02 1.311200000000000010e+01
1.208267000000000053e+03 8.335190000000000055e+02 1.001900000000000013e+01
2.557300000000000040e+01 8.336000000000000227e+02 1.278200000000000003e+01
1.108717000000000098e+03 8.358990000000000009e+02 7.028999999999999915e+00
9.448139999999999645e+02 8.367039999999999509e+02 1.311999999999999922e+01
1.329875000000000000e+03 8.384969999999999573e+02 1.246299999999999919e+01
7.981399999999999295e+01 8.385270000000000437e+02 1.059200000000000053e+01
3.257010000000000218e+02 8.413840000000000146e+02 8.628000000000000114e+00
1.466030000000000086e+02 8.426000000000000227e+02 1.343599999999999994e+01
1.367222999999999956e+03 8.435289999999999964e+02 1.155199999999999960e+01
3.974259999999999877e+02 8.455069999999999482e+02 9.297000000000000597e+00
1.442890000000000100e+03 8.459059999999999491e+02 1.338700000000000045e+01
1.852315000000000055e+03 8.462309999999999945e+02 8.503000000000000114e+00
1.063874000000000024e+03 8.475860000000000127e+02 8.951999999999999957e+00
1.165324000000000069e+03 8.483769999999999527e+02 8.893000000000000682e+00
1.958290000000000077e+02 8.481570000000000391e+02 1.126600000000000001e+01
2.836580000000000155e+02 8.493410000000000082e+02 1.191300000000000026e+01
6.669990000000000236e+02 8.513780000000000427e+02 1.245400000000000063e+01
4.100869999999999891e+02 8.524700000000000273e+02 1.193599999999999994e+01
5.706720000000000255e+02 8.550339999999999918e+02 9.634999999999999787e+00
3.691270000000000095e+02 8.596979999999999791e+02 1.295100000000000051e+01
9.337569999999999482e+02 8.607140000000000555e+02 1.061899999999999977e+01
1.213547000000000025e+03 8.610109999999999673e+02 8.622999999999999332e+00
1.037870000000000061e+02 8.622989999999999782e+02 1.050000000000000000e+01
1.506639999999999873e+02 8.625769999999999982e+02 1.183500000000000085e+01
4.987149999999999750e+02 8.640589999999999691e+02 1.147199999999999953e+01
4.034759999999999991e+02 8.645670000000000073e+02 1.121400000000000041e+01
2.035459999999999923e+02 8.683339999999999463e+02 1.097300000000000075e+01
1.551286000000000058e+03 8.721549999999999727e+02 1.255899999999999928e+01
3.151419999999999959e+02 8.728379999999999654e+02 9.201999999999999957e+00
1.454279999999999973e+03 8.734819999999999709e+02 1.285500000000000043e+01
1.910880000000000109e+03 8.736299999999999955e+02 1.262700000000000067e+01
2.010641000000000076e+03 8.762720000000000482e+02 1.087800000000000011e+01
4.538369999999999891e+02 8.767459999999999809e+02 1.235699999999999932e+01
9.875700000000000500e+02 8.774919999999999618e+02 1.102800000000000047e+01
5.499519999999999982e+02 8.774210000000000491e+02 1.325699999999999967e+01
8.111950000000000500e+02 8.781459999999999582e+02 1.196100000000000030e+01
1.032006000000000085e+03 8.813740000000000236e+02 8.964000000000000412e+00
1.576406999999999925e+03 8.822390000000000327e+02 1.335200000000000031e+01
1.422378999999999905e+03 8.834310000000000400e+02 1.011400000000000077e+01
1.787901000000000067e+03 8.858759999999999764e+02 1.215099999999999980e+01
3.752199999999999847e+01 8.872409999999999854e+02 9.801999999999999602e+00
5.550339999999999918e+02 8.880130000000000337e+02 1.251600000000000001e+01
2.001540999999999940e+03 8.879239999999999782e+02 1.234299999999999997e+01
5.821699999999999875e+01 8.888640000000000327e+02 9.019999999999999574e+00
2.451750000000000114e+02 8.885979999999999563e+02 1.147799999999999976e+01
1.066046000000000049e+03 8.888740000000000236e+02 1.283900000000000041e+01
1.296599999999999930e+01 8.898099999999999454e+02 1.157199999999999918e+01
3.865299999999999727e+02 8.916730000000000018e+02 1.044299999999999962e+01
4.450640000000000214e+02 8.944510000000000218e+02 1.540799999999999947e+01
1.661318999999999960e+03 8.968700000000000045e+02 1.239199999999999946e+01
1.559801999999999907e+03 8.974880000000000564e+02 1.076200000000000045e+01
2.194869999999999948e+02 8.995299999999999727e+02 1.101399999999999935e+01
9.107160000000000082e+02 9.004819999999999709e+02 1.200900000000000034e+01
7.134479999999999791e+02 9.017580000000000382e+02 1.194100000000000072e+01
1.064442000000000007e+03 9.018999999999999773e+02 1.411299999999999955e+01
3.527900000000000205e+02 9.034039999999999964e+02 1.197499999999999964e+01
6.816340000000000146e+02 9.042019999999999982e+02 1.127100000000000080e+01
2.742690000000000055e+02 9.060389999999999873e+02 1.364700000000000024e+01
5.046209999999999809e+02 9.045030000000000427e+02 1.380300000000000082e+01
1.077019999999999982e+03 9.054890000000000327e+02 1.180700000000000038e+01
5.743750000000000000e+02 9.058930000000000291e+02 1.172700000000000031e+01
9.564059999999999491e+02 9.061369999999999436e+02 1.313299999999999912e+01
7.473450000000000273e+02 9.066150000000000091e+02 1.253299999999999947e+01
6.501280000000000427e+02 9.095339999999999918e+02 1.320500000000000007e+01
1.193409000000000106e+03 9.088310000000000173e+02 1.316300000000000026e+01
1.571916999999999916e+03 9.091699999999999591e+02 1.335699999999999932e+01
1.928856999999999971e+03 9.125869999999999891e+02 1.576399999999999935e+01
1.828608999999999924e+03 9.164600000000000364e+02 1.065499999999999936e+01
1.852155999999999949e+03 9.180710000000000264e+02 1.155300000000000082e+01
1.125846999999999980e+03 9.193139999999999645e+02 1.102299999999999969e+01
9.148769999999999527e+02 9.210049999999999955e+02 9.367000000000000881e+00
1.226528999999999996e+03 9.250960000000000036e+02 1.035299999999999976e+01
7.643060000000000400e+02 9.255000000000000000e+02 1.214499999999999957e+01
1.009726999999999975e+03 9.261509999999999536e+02 9.051999999999999602e+00
9.615109999999999673e+02 9.280119999999999436e+02 9.204000000000000625e+00
1.186832000000000107e+03 9.286430000000000291e+02 8.936999999999999389e+00
4.392339999999999804e+02 9.314909999999999854e+02 1.196100000000000030e+01
7.766599999999999682e+01 9.323049999999999500e+02 1.258999999999999986e+01
6.057920000000000300e+02 9.355259999999999536e+02 1.147100000000000009e+01
1.000351999999999975e+03 9.354410000000000309e+02 1.095599999999999952e+01
1.049361000000000104e+03 9.363920000000000528e+02 1.391900000000000048e+01
1.330923000000000002e+03 9.358730000000000473e+02 1.309900000000000020e+01
1.050600000000000023e+02 9.371680000000000064e+02 1.265000000000000036e+01
7.601319999999999482e+02 9.381150000000000091e+02 1.279100000000000037e+01
1.439000999999999976e+03 9.417830000000000155e+02 1.287199999999999989e+01
1.538907999999999902e+03 9.413650000000000091e+02 1.345599999999999952e+01
5.134950000000000045e+02 9.426879999999999882e+02 1.076999999999999957e+01
1.098799999999999955e+03 9.462859999999999445e+02 1.108600000000000030e+01
1.107481999999999971e+03 9.466280000000000427e+02 1.065399999999999991e+01
4.914719999999999800e+02 9.481420000000000528e+02 1.203800000000000026e+01
5.934249999999999545e+02 9.483990000000000009e+02 1.102100000000000080e+01
2.751360000000000241e+02 9.511920000000000073e+02 1.308999999999999986e+01
8.423039999999999736e+02 9.507169999999999845e+02 8.570000000000000284e+00
6.763379999999999654e+02 9.516480000000000246e+02 6.775000000000000355e+00
9.825230000000000246e+02 9.536549999999999727e+02 6.652999999999999581e+00
1.153338999999999942e+03 9.532699999999999818e+02 1.240099999999999980e+01
1.955773999999999887e+03 9.554489999999999554e+02 9.537000000000000810e+00
1.319010999999999967e+03 9.601440000000000055e+02 1.452999999999999936e+01
9.008360000000000127e+02 9.638859999999999673e+02 9.861000000000000654e+00
1.026480000000000018e+03 9.640270000000000437e+02 9.699999999999999289e+00
5.693590000000000373e+02 9.660410000000000537e+02 9.194000000000000838e+00
1.117384000000000015e+03 9.663189999999999600e+02 1.011599999999999966e+01
1.285490999999999985e+03 9.658369999999999891e+02 9.644999999999999574e+00
1.518249000000000024e+03 9.660209999999999582e+02 1.083699999999999974e+01
4.936720000000000255e+02 9.669470000000000027e+02 1.083099999999999952e+01
1.907711000000000013e+03 9.672980000000000018e+02 1.080199999999999960e+01
1.150594000000000051e+03 9.692259999999999991e+02 1.381199999999999939e+01
4.172730000000000246e+02 9.697190000000000509e+02 1.296100000000000030e+01
1.444823000000000093e+03 9.701090000000000373e+02 1.171400000000000041e+01
6.418390000000000555e+02 9.708640000000000327e+02 1.082799999999999940e+01
1.507598999999999933e+03 9.706870000000000118e+02 1.165399999999999991e+01
5.550520000000000209e+02 9.773329999999999700e+02 1.059600000000000009e+01
8.565600000000000591e+01 9.798700000000000045e+02 1.525500000000000078e+01
8.493519999999999754e+02 9.783920000000000528e+02 1.244599999999999973e+01
3.849019999999999868e+02 9.788060000000000400e+02 1.013499999999999979e+01
7.352050000000000409e+02 9.794230000000000018e+02 9.656000000000000583e+00
8.900109999999999673e+02 9.790700000000000500e+02 8.169000000000000483e+00
2.014483999999999924e+03 9.791470000000000482e+02 1.146700000000000053e+01
2.204840000000000089e+02 9.815549999999999500e+02 1.254700000000000060e+01
5.064909999999999854e+02 9.806689999999999827e+02 1.237599999999999945e+01
6.617559999999999718e+02 9.823590000000000373e+02 8.903000000000000469e+00
6.478990000000000009e+02 9.821180000000000518e+02 9.340999999999999304e+00
4.463990000000000009e+02 9.841920000000000073e+02 1.230300000000000082e+01
1.241146999999999935e+03 9.836050000000000182e+02 1.250500000000000078e+01
1.188243999999999915e+03 9.862720000000000482e+02 1.067900000000000027e+01
1.802810000000000059e+02 9.866639999999999873e+02 1.237299999999999933e+01
1.321013999999999896e+03 9.876710000000000491e+02 1.351699999999999946e+01
1.465404999999999973e+03 9.883669999999999618e+02 1.369200000000000017e+01
1.769547000000000025e+03 9.884400000000000546e+02 1.141399999999999970e+01
1.450990999999999985e+03 9.892179999999999609e+02 1.095800000000000018e+01
3.193199999999999932e+02 9.897089999999999463e+02 1.220599999999999952e+01
1.331343000000000075e+03 9.909690000000000509e+02 1.335800000000000054e+01
9.083089999999999691e+02 9.920650000000000546e+02 9.977000000000000313e+00
7.588719999999999573e+02 9.951280000000000427e+02 9.525000000000000355e+00
8.967119999999999891e+02 9.954950000000000045e+02 1.102299999999999969e+01
8.139299999999999500e+02 9.984339999999999691e+02 1.221199999999999974e+01
8.318809999999999718e+02 9.998049999999999500e+02 9.974999999999999645e+00
1.067375999999999976e+03 1.003583999999999946e+03 1.357199999999999918e+01
1.307982999999999947e+03 1.001710000000000036e+03 1.220500000000000007e+01
5.795220000000000482e+02 1.002635999999999967e+03 1.332699999999999996e+01
8.579729999999999563e+02 1.002940000000000055e+03 1.132300000000000040e+01
1.086321999999999889e+03 1.002847999999999956e+03 1.213700000000000045e+01
1.428575000000000045e+03 1.004221999999999980e+03 1.166099999999999959e+01
4.825000000000000178e+00 1.004448999999999955e+03 1.295199999999999996e+01
1.702048000000000002e+03 1.007649000000000001e+03 1.158600000000000030e+01
4.964839999999999804e+02 1.009773000000000025e+03 1.150000000000000000e+01
1.546416999999999916e+03 1.010697999999999979e+03 1.279700000000000060e+01
1.289915999999999940e+03 1.012616999999999962e+03 1.302100000000000080e+01
1.607249999999999943e+02 1.013029999999999973e+03 1.275099999999999945e+01
3.323279999999999745e+02 1.012769999999999982e+03 9.381000000000000227e+00
6.162500000000000000e+02 1.013239000000000033e+03 1.032199999999999918e+01
1.328453999999999951e+03 1.013686000000000035e+03 1.334200000000000053e+01
1.857689000000000078e+03 1.015903000000000020e+03 1.227699999999999925e+01
9.416889999999999645e+02 1.016130999999999972e+03 1.276800000000000068e+01
1.011264000000000010e+03 1.016368000000000052e+03 8.522000000000000242e+00
1.445826000000000022e+03 1.015979000000000042e+03 9.599999999999999645e+00
3.159429999999999836e+02 1.020721000000000004e+03 1.180199999999999960e+01
4.389359999999999786e+02 1.020803999999999974e+03 1.317300000000000004e+01
1.759423999999999978e+03 1.021947000000000003e+03 1.178700000000000081e+01
7.482250000000000227e+02 1.023874000000000024e+03 1.228100000000000058e+01
9.821649999999999636e+02 1.026041999999999916e+03 9.679000000000000270e+00
1.036717000000000098e+03 1.027247000000000071e+03 1.059999999999999964e+01
8.718990000000000009e+02 1.028594000000000051e+03 1.253700000000000081e+01
1.262477000000000089e+03 1.029250000000000000e+03 8.689999999999999503e+00
2.670550000000000068e+02 1.031936999999999898e+03 1.223900000000000077e+01
1.208989000000000033e+03 1.032259000000000015e+03 1.344500000000000028e+01
1.336895999999999958e+03 1.033317999999999984e+03 1.241999999999999993e+01
1.093166999999999916e+03 1.035207000000000107e+03 1.014100000000000001e+01
7.251520000000000437e+02 1.036150000000000091e+03 9.830999999999999517e+00
1.693585000000000036e+03 1.039540999999999940e+03 7.277000000000000135e+00
4.344889999999999759e+02 1.039583000000000084e+03 1.193299999999999983e+01
5.875810000000000173e+02 1.040494999999999891e+03 1.160800000000000054e+01
8.394719999999999800e+02 1.040395999999999958e+03 1.104700000000000060e+01
1.808464999999999918e+03 1.040912000000000035e+03 1.150799999999999912e+01
1.466825000000000045e+03 1.042306000000000040e+03 1.035899999999999999e+01
3.221809999999999832e+02 1.043394000000000005e+03 1.124799999999999933e+01
1.043525000000000091e+03 1.043038000000000011e+03 1.004400000000000048e+01
1.635145999999999958e+03 1.042165999999999940e+03 1.343999999999999950e+01
1.658750000000000000e+03 1.044384999999999991e+03 1.252999999999999936e+01
3.595969999999999800e+02 1.045163999999999987e+03 1.057499999999999929e+01
1.097542999999999893e+03 1.045105000000000018e+03 1.060999999999999943e+01
6.252039999999999509e+02 1.047588999999999942e+03 1.355499999999999972e+01
4.188410000000000082e+02 1.049231999999999971e+03 1.333200000000000074e+01
6.458099999999999454e+02 1.049076000000000022e+03 1.073000000000000043e+01
1.138383000000000038e+03 1.049432999999999993e+03 1.119400000000000084e+01
1.602598999999999933e+03 1.048751999999999953e+03 1.118800000000000061e+01
1.767970000000000027e+03 1.049732999999999947e+03 1.307799999999999940e+01
9.799699999999999989e+01 1.050301999999999907e+03 7.165000000000000036e+00
9.249460000000000264e+02 1.051832000000000107e+03 8.490999999999999659e+00
2.070499999999999829e+01 1.051306000000000040e+03 9.612000000000000099e+00
8.088189999999999600e+02 1.052207000000000107e+03 1.127699999999999925e+01
6.581900000000000546e+02 1.053144999999999982e+03 1.070800000000000018e+01
6.014519999999999982e+02 1.053761999999999944e+03 1.053999999999999915e+01
1.179347999999999956e+03 1.055094000000000051e+03 1.094999999999999929e+01
1.416912000000000035e+03 1.056509999999999991e+03 9.160999999999999588e+00
7.621079999999999472e+02 1.058705999999999904e+03 9.176000000000000156e+00
7.977060000000000173e+02 1.057638999999999896e+03 1.256000000000000050e+01
5.159439999999999600e+02 1.059224999999999909e+03 1.240499999999999936e+01
7.240130000000000337e+02 1.059704999999999927e+03 1.344100000000000072e+01
2.870129999999999768e+02 1.061034000000000106e+03 9.257999999999999119e+00
3.872989999999999782e+02 1.060702999999999975e+03 1.179199999999999982e+01
1.553127999999999929e+03 1.061630000000000109e+03 1.257499999999999929e+01
1.818667999999999893e+03 1.062636999999999944e+03 1.363199999999999967e+01
8.843680000000000518e+02 1.063884000000000015e+03 1.287199999999999989e+01
3.644789999999999850e+02 1.064926999999999907e+03 1.264899999999999913e+01
4.899239999999999782e+02 1.065982999999999947e+03 1.068200000000000038e+01
4.708750000000000000e+02 1.067893000000000029e+03 1.211100000000000065e+01
1.166633000000000038e+03 1.071516000000000076e+03 8.938000000000000611e+00
7.047089999999999463e+02 1.074515000000000100e+03 1.246199999999999974e+01
1.069782999999999902e+03 1.074971999999999980e+03 1.008200000000000074e+01
7.866040000000000418e+02 1.077416999999999916e+03 9.753000000000000114e+00
1.482469000000000051e+03 1.077422000000000025e+03 1.296700000000000053e+01
1.313040999999999940e+03 1.078364000000000033e+03 1.202200000000000024e+01
1.330647999999999911e+03 1.079518000000000029e+03 1.103999999999999915e+01
4.200260000000000105e+02 1.080228000000000065e+03 1.305700000000000038e+01
1.669478000000000065e+03 1.079941000000000031e+03 1.319599999999999973e+01
1.759720000000000027e+03 1.079798000000000002e+03 1.234999999999999964e+01
1.996624000000000024e+03 1.080476000000000113e+03 1.317300000000000004e+01
2.005029999999999859e+02 1.082250000000000000e+03 9.983000000000000540e+00
1.383683999999999969e+03 1.082713999999999942e+03 1.316600000000000037e+01
1.103080999999999904e+03 1.086155999999999949e+03 7.363000000000000433e+00
1.245509000000000015e+03 1.085099999999999909e+03 8.900999999999999801e+00
1.853242999999999938e+03 1.086676999999999907e+03 1.232799999999999940e+01
8.861150000000000091e+02 1.087729000000000042e+03 9.009999999999999787e+00
5.377140000000000555e+02 1.089347999999999956e+03 1.332900000000000063e+01
7.905679999999999836e+02 1.092671000000000049e+03 9.946999999999999176e+00
1.362528999999999996e+03 1.092442000000000007e+03 1.237400000000000055e+01
1.690940000000000055e+03 1.092567999999999984e+03 1.320899999999999963e+01
1.437627999999999929e+03 1.095049999999999955e+03 1.202500000000000036e+01
1.340876999999999953e+03 1.096712999999999965e+03 9.105999999999999872e+00
1.022067000000000007e+03 1.097230999999999995e+03 9.641000000000000014e+00
1.982499999999999929e+01 1.099920000000000073e+03 1.361100000000000065e+01
1.140720000000000027e+02 1.100260999999999967e+03 1.254400000000000048e+01
3.861229999999999905e+02 1.099431000000000040e+03 1.113799999999999990e+01
1.881953999999999951e+03 1.100714999999999918e+03 1.033500000000000085e+01
1.615027000000000044e+03 1.101673000000000002e+03 1.218099999999999916e+01
1.418138999999999896e+03 1.103226000000000113e+03 9.481999999999999318e+00
1.716383000000000038e+03 1.103534000000000106e+03 1.001600000000000001e+01
5.786860000000000355e+02 1.104487000000000080e+03 1.044500000000000028e+01
6.347999999999999545e+02 1.105015000000000100e+03 1.089199999999999946e+01
8.596829999999999927e+02 1.104722999999999956e+03 1.189700000000000024e+01
2.009813000000000102e+03 1.104344000000000051e+03 1.338199999999999967e+01
5.650439999999999827e+02 1.107974999999999909e+03 9.352999999999999758e+00
4.790570000000000164e+02 1.110955999999999904e+03 8.938000000000000611e+00
4.943960000000000150e+02 1.114299999999999955e+03 9.711999999999999744e+00
5.297559999999999718e+02 1.115242999999999938e+03 9.775000000000000355e+00
1.606587999999999965e+03 1.114915999999999940e+03 1.205199999999999960e+01
8.611369999999999436e+02 1.115656999999999925e+03 1.182000000000000028e+01
1.864483999999999924e+03 1.118048999999999978e+03 1.035800000000000054e+01
1.170714999999999918e+03 1.120371000000000095e+03 1.046499999999999986e+01
1.518368999999999915e+03 1.120940000000000055e+03 1.245500000000000007e+01
6.783659999999999854e+02 1.124663000000000011e+03 1.050200000000000067e+01
8.281699999999999591e+02 1.124442000000000007e+03 9.787000000000000810e+00
4.963170000000000073e+02 1.124067000000000007e+03 1.048300000000000054e+01
1.407220000000000084e+02 1.127008000000000038e+03 1.054100000000000037e+01
2.001109999999999900e+02 1.126404999999999973e+03 1.113499999999999979e+01
3.244800000000000040e+01 1.135442000000000007e+03 1.254800000000000004e+01
4.986070000000000277e+02 1.136595000000000027e+03 1.079400000000000048e+01
6.791180000000000518e+02 1.137268000000000029e+03 1.015700000000000003e+01
1.101491999999999962e+03 1.136736000000000104e+03 1.244999999999999929e+01
3.527629999999999768e+02 1.138171000000000049e+03 8.736000000000000654e+00
1.203702999999999975e+03 1.139625999999999976e+03 1.256499999999999950e+01
1.023038999999999987e+03 1.140949000000000069e+03 8.480999999999999872e+00
2.515500000000000114e+02 1.141207000000000107e+03 1.019400000000000084e+01
1.254990999999999985e+03 1.141740999999999985e+03 1.256400000000000006e+01
1.707922000000000025e+03 1.142220000000000027e+03 1.059099999999999930e+01
7.986710000000000491e+02 1.142902000000000044e+03 1.361899999999999977e+01
7.588949999999999818e+02 1.146282999999999902e+03 8.664999999999999147e+00
1.246964999999999918e+03 1.149131000000000085e+03 1.384500000000000064e+01
1.559875999999999976e+03 1.148786000000000058e+03 1.362599999999999945e+01
1.591685999999999922e+03 1.152477000000000089e+03 1.129700000000000060e+01
9.581340000000000146e+02 1.151910000000000082e+03 1.370599999999999952e+01
9.156380000000000337e+02 1.154237000000000080e+03 1.038700000000000045e+01
8.738170000000000073e+02 1.155099999999999909e+03 1.338199999999999967e+01
7.482299999999999329e+01 1.156270999999999958e+03 8.487000000000000099e+00
7.243110000000000355e+02 1.158154999999999973e+03 8.868999999999999773e+00
1.571227000000000089e+03 1.157647999999999911e+03 1.263799999999999990e+01
6.651520000000000437e+02 1.158176999999999907e+03 1.305300000000000082e+01
1.729050999999999931e+03 1.158376999999999953e+03 1.164600000000000080e+01
3.866070000000000277e+02 1.159384000000000015e+03 1.019100000000000072e+01
8.341299999999999955e+02 1.160007000000000062e+03 9.178000000000000824e+00
2.287839999999999918e+02 1.163601000000000113e+03 8.666999999999999815e+00
3.423009999999999877e+02 1.165608999999999924e+03 1.217500000000000071e+01
1.832432999999999993e+03 1.166068999999999960e+03 1.232600000000000051e+01
1.206170000000000073e+03 1.167374000000000024e+03 1.096599999999999930e+01
7.269829999999999472e+02 1.168034000000000106e+03 1.020800000000000018e+01
1.096387999999999920e+03 1.175114000000000033e+03 1.646000000000000085e+01
1.343692000000000007e+03 1.172795000000000073e+03 1.202100000000000080e+01
8.553400000000000318e+02 1.174152000000000044e+03 1.071899999999999942e+01
2.018653000000000020e+03 1.174541999999999916e+03 1.225099999999999945e+01
1.016340000000000003e+02 1.175922000000000025e+03 1.232399999999999984e+01
1.653517000000000053e+03 1.177007000000000062e+03 7.884000000000000341e+00
1.278692000000000007e+03 1.177224999999999909e+03 9.601000000000000867e+00
5.266870000000000118e+02 1.179281999999999925e+03 1.252100000000000080e+01
1.596624000000000024e+03 1.181873000000000047e+03 8.541999999999999815e+00
4.992780000000000200e+02 1.183117999999999938e+03 1.017900000000000027e+01
6.886399999999999864e+02 1.185467000000000098e+03 9.923000000000000043e+00
7.726000000000000227e+02 1.186142000000000053e+03 1.265799999999999947e+01
4.260389999999999873e+02 1.190191000000000031e+03 8.465999999999999304e+00
9.907709999999999582e+02 1.190182000000000016e+03 1.187700000000000067e+01
1.038486000000000104e+03 1.189276000000000067e+03 1.275999999999999979e+01
1.255220000000000027e+03 1.191586000000000013e+03 8.439999999999999503e+00
9.614589999999999463e+02 1.193992999999999938e+03 9.977000000000000313e+00
9.346200000000000330e+01 1.196422000000000025e+03 1.049000000000000021e+01
5.564279999999999973e+02 1.198039999999999964e+03 8.781000000000000583e+00
1.640271999999999935e+03 1.197493999999999915e+03 1.271700000000000053e+01
2.974399999999999977e+02 1.198476000000000113e+03 1.123099999999999987e+01
1.173945999999999913e+03 1.200451999999999998e+03 8.255000000000000782e+00
3.901340000000000146e+02 1.199920000000000073e+03 1.175600000000000023e+01
1.336546000000000049e+03 1.200492999999999938e+03 1.156499999999999950e+01
1.143076000000000022e+03 1.201044000000000096e+03 1.359999999999999964e+01
7.657699999999999818e+02 1.205613000000000056e+03 1.104899999999999949e+01
5.363450000000000273e+02 1.207240000000000009e+03 1.163499999999999979e+01
1.836949000000000069e+03 1.208211999999999989e+03 1.131300000000000061e+01
1.752272999999999911e+03 1.209180000000000064e+03 1.329899999999999949e+01
1.192938000000000102e+03 1.212333000000000084e+03 1.096100000000000030e+01
4.094700000000000273e+01 1.212692000000000007e+03 9.775999999999999801e+00
1.390006000000000085e+03 1.214305000000000064e+03 1.017099999999999937e+01
1.344769999999999982e+03 1.215381000000000085e+03 9.128999999999999559e+00
5.796420000000000528e+02 1.216676999999999907e+03 8.858999999999999986e+00
8.750499999999999545e+02 1.215873000000000047e+03 1.188499999999999979e+01
4.550020000000000095e+02 1.217681000000000040e+03 9.989000000000000767e+00
1.428291999999999916e+03 1.223665999999999940e+03 1.412899999999999956e+01
7.687190000000000509e+02 1.223078999999999951e+03 9.723000000000000753e+00
7.978849999999999909e+02 1.225291999999999916e+03 8.859999999999999432e+00
9.485779999999999745e+02 1.225710000000000036e+03 1.274499999999999922e+01
8.697859999999999445e+02 1.229189000000000078e+03 9.240000000000000213e+00
3.120040000000000191e+02 1.229094000000000051e+03 1.394400000000000084e+01
1.760877999999999929e+03 1.230517000000000053e+03 1.388100000000000023e+01
1.112544000000000096e+03 1.231551999999999907e+03 1.090099999999999980e+01
1.341649999999999920e+02 1.232948000000000093e+03 9.954000000000000625e+00
5.895090000000000146e+02 1.234114000000000033e+03 1.327800000000000047e+01
5.123400000000000318e+02 1.236075000000000045e+03 1.407000000000000028e+01
6.801630000000000109e+02 1.236521999999999935e+03 8.477999999999999758e+00
7.126490000000000009e+02 1.236715999999999894e+03 1.217200000000000060e+01
1.640202999999999975e+03 1.236761999999999944e+03 1.163299999999999912e+01
1.938324000000000069e+03 1.237477000000000089e+03 1.259399999999999942e+01
4.834100000000000250e+02 1.239392000000000053e+03 1.077699999999999925e+01
7.372179999999999609e+02 1.239083000000000084e+03 1.115399999999999991e+01
8.655130000000000337e+02 1.240461000000000013e+03 8.913999999999999702e+00
1.901352000000000089e+03 1.244147999999999911e+03 1.281900000000000084e+01
1.227748000000000047e+03 1.244359999999999900e+03 1.240199999999999925e+01
8.480200000000000671e+01 1.247515000000000100e+03 1.403800000000000026e+01
9.530700000000000500e+02 1.247826999999999998e+03 8.144000000000000128e+00
1.403464999999999918e+03 1.247526000000000067e+03 6.350999999999999979e+00
7.019959999999999809e+02 1.251055000000000064e+03 7.849000000000000199e+00
1.182951000000000022e+03 1.249611000000000104e+03 9.891000000000000014e+00
7.822500000000000000e+02 1.252851000000000113e+03 1.528800000000000026e+01
1.375805000000000064e+03 1.251790999999999940e+03 8.471000000000000085e+00
1.005600000000000023e+02 1.252307000000000016e+03 1.225200000000000067e+01
4.017540000000000191e+02 1.253054000000000087e+03 1.391200000000000081e+01
7.379189999999999827e+02 1.253512999999999920e+03 1.210999999999999943e+01
1.687512999999999920e+03 1.253846999999999980e+03 8.602999999999999758e+00
3.814769999999999754e+02 1.255657999999999902e+03 9.455000000000000071e+00
6.250499999999999545e+02 1.257839999999999918e+03 1.017900000000000027e+01
5.982859999999999445e+02 1.258817999999999984e+03 1.010800000000000054e+01
1.797948000000000093e+03 1.258977000000000089e+03 1.057799999999999940e+01
8.143129999999999882e+02 1.262570999999999913e+03 1.364000000000000057e+01
8.498300000000000409e+02 1.263772999999999911e+03 9.060000000000000497e+00
4.900939999999999941e+02 1.266342000000000098e+03 1.085999999999999943e+01
1.118020999999999958e+03 1.268365000000000009e+03 8.019000000000000128e+00
4.208120000000000118e+02 1.268471999999999980e+03 9.630000000000000782e+00
1.088159000000000106e+03 1.271984999999999900e+03 9.837999999999999190e+00
2.034074000000000069e+03 1.271460000000000036e+03 1.183399999999999963e+01
6.185130000000000337e+02 1.274380000000000109e+03 1.021100000000000030e+01
7.537119999999999891e+02 1.277476000000000113e+03 1.131099999999999994e+01
1.769429000000000087e+03 1.277935999999999922e+03 1.222700000000000031e+01
1.042539999999999964e+03 1.279511999999999944e+03 1.314499999999999957e+01
1.272750999999999976e+03 1.279169000000000096e+03 1.153700000000000081e+01
6.614470000000000027e+02 1.280905999999999949e+03 8.311999999999999389e+00
1.064381000000000085e+03 1.280299999999999955e+03 1.024900000000000055e+01
1.302844000000000051e+03 1.283157999999999902e+03 1.125000000000000000e+01
1.373473999999999933e+03 1.282789999999999964e+03 1.159900000000000020e+01
1.753038000000000011e+03 1.282569999999999936e+03 1.295299999999999940e+01
1.415368999999999915e+03 1.284039999999999964e+03 1.224399999999999977e+01
1.801372000000000071e+03 1.285509000000000015e+03 1.212700000000000067e+01
2.157520000000000095e+02 1.287848999999999933e+03 9.743999999999999773e+00
1.067582000000000107e+03 1.289156999999999925e+03 9.974000000000000199e+00
2.021398999999999887e+03 1.290815000000000055e+03 1.365600000000000058e+01
9.285539999999999736e+02 1.291455999999999904e+03 9.984999999999999432e+00
2.511750000000000114e+02 1.292336999999999989e+03 1.013700000000000045e+01
4.814169999999999732e+02 1.292817000000000007e+03 9.523999999999999133e+00
6.186069999999999709e+02 1.293891000000000076e+03 1.276800000000000068e+01
1.695516000000000076e+03 1.295737000000000080e+03 1.546100000000000030e+01
6.735119999999999436e+02 1.295982999999999947e+03 1.202399999999999913e+01
5.494189999999999827e+02 1.298375000000000000e+03 1.096100000000000030e+01
1.851901000000000067e+03 1.298895999999999958e+03 9.801000000000000156e+00
1.357492999999999938e+03 1.305324000000000069e+03 1.192600000000000016e+01
1.305319999999999936e+03 1.311871000000000095e+03 1.359900000000000020e+01
1.367336999999999989e+03 1.313824000000000069e+03 1.040600000000000058e+01
1.429750000000000000e+03 1.314461999999999989e+03 1.309999999999999964e+01
1.752698000000000093e+03 1.316088999999999942e+03 1.193399999999999928e+01
1.621656999999999925e+03 1.319248000000000047e+03 1.276299999999999990e+01
1.473454999999999927e+03 1.330075000000000045e+03 9.545999999999999375e+00
1.352077999999999975e+03 1.338122000000000071e+03 9.178000000000000824e+00
1.447789999999999964e+03 1.348993999999999915e+03 1.070299999999999940e+01
1.387329999999999927e+03 1.351905999999999949e+03 1.202200000000000024e+01
1.314000999999999976e+03 1.353000000000000000e+03 9.772000000000000242e+00
1.807414999999999964e+03 1.362008000000000038e+03 1.028999999999999915e+01
1.780045000000000073e+03 1.367440000000000055e+03 1.276699999999999946e+01
1.363892000000000053e+03 1.373065000000000055e+03 1.276900000000000013e+01
1.725232999999999947e+03 1.383553000000000111e+03 9.035999999999999588e+00
1.690673999999999978e+03 1.393749000000000024e+03 9.948000000000000398e+00
1.443296000000000049e+03 1.395353000000000065e+03 1.174000000000000021e+01
2.018756000000000085e+03 1.402161000000000058e+03 1.310299999999999976e+01
1.382474999999999909e+03 1.416612000000000080e+03 1.017800000000000082e+01
1.811221000000000004e+03 1.420942999999999984e+03 1.418500000000000050e+01
1.901424999999999955e+03 1.432411000000000058e+03 1.357699999999999996e+01
1.314143000000000029e+03 1.431942999999999984e+03 1.277100000000000080e+01
1.348346000000000004e+03 1.431875000000000000e+03 1.237599999999999945e+01
1.403145999999999958e+03 1.432575000000000045e+03 1.340099999999999980e+01
1.809195999999999913e+03 1.433863000000000056e+03 1.408999999999999986e+01
1.730008000000000038e+03 1.436276000000000067e+03 1.029400000000000048e+01
1.429905999999999949e+03 1.448440000000000055e+03 1.229199999999999982e+01
1.517007000000000062e+03 1.449342000000000098e+03 1.364700000000000024e+01
1.663054000000000087e+03 1.453240000000000009e+03 1.152599999999999980e+01
1.596656999999999925e+03 1.456559999999999945e+03 7.395999999999999908e+00
1.444057000000000016e+03 1.461788000000000011e+03 7.983999999999999986e+00
1.488506000000000085e+03 1.461978000000000065e+03 9.404999999999999361e+00
1.719183999999999969e+03 1.467183999999999969e+03 1.581000000000000050e+01
1.657769000000000005e+03 1.466864000000000033e+03 1.176500000000000057e+01
1.354483999999999924e+03 1.488201999999999998e+03 1.248199999999999932e+01
1.379795000000000073e+03 1.493626999999999953e+03 1.216099999999999959e+01
1.740298000000000002e+03 1.498510999999999967e+03 9.949999999999999289e+00
1.863633000000000038e+03 1.523651000000000067e+03 1.045599999999999952e+01
1.686474999999999909e+03 1.538737000000000080e+03 1.180400000000000027e+01
1.506199000000000069e+03 1.541375999999999976e+03 1.307399999999999984e+01
1.924612000000000080e+03 1.542757000000000062e+03 1.058500000000000085e+01
1.916449000000000069e+03 1.544817000000000007e+03 1.000999999999999979e+01
1.658258000000000038e+03 1.547124000000000024e+03 1.259299999999999997e+01
1.347452999999999975e+03 1.550301999999999907e+03 1.169999999999999929e+01
1.494239000000000033e+03 1.550230999999999995e+03 1.200999999999999979e+01
1.364126999999999953e+03 1.567038000000000011e+03 1.081799999999999962e+01
1.433537000000000035e+03 1.568426999999999907e+03 1.341200000000000081e+01
1.548766000000000076e+03 1.573261999999999944e+03 1.067900000000000027e+01
1.739104000000000042e+03 1.575320999999999913e+03 1.027100000000000080e+01
1.598865000000000009e+03 1.581063000000000102e+03 1.179100000000000037e+01
1.501672000000000025e+03 1.583880000000000109e+03 1.070500000000000007e+01
1.302901000000000067e+03 1.585371000000000095e+03 1.341399999999999970e+01
1.389344000000000051e+03 1.591920000000000073e+03 8.897000000000000242e+00
1.608847999999999956e+03 1.602771999999999935e+03 1.432699999999999996e+01
1.443944999999999936e+03 1.602714999999999918e+03 1.160599999999999987e+01
1.405913000000000011e+03 1.605512999999999920e+03 1.248399999999999999e+01
1.469815000000000055e+03 1.614434999999999945e+03 1.208900000000000041e+01
1.533650000000000091e+03 1.622192999999999984e+03 1.353599999999999959e+01
1.423672000000000025e+03 1.626740999999999985e+03 8.634999999999999787e+00
1.325161000000000058e+03 1.628291999999999916e+03 1.204400000000000048e+01
1.356665999999999940e+03 1.634515000000000100e+03 1.296199999999999974e+01
1.321184999999999945e+03 1.647015000000000100e+03 1.379599999999999937e+01
1.535375999999999976e+03 1.670428000000000111e+03 1.271100000000000030e+01
1.732384999999999991e+03 1.671057999999999993e+03 1.207000000000000028e+01
1.465105000000000018e+03 1.671651000000000067e+03 1.210999999999999943e+01
1.862356999999999971e+03 1.674030999999999949e+03 1.065199999999999925e+01
1.827884999999999991e+03 1.682980000000000018e+03 1.103299999999999947e+01
1.903102000000000089e+03 1.685458000000000084e+03 1.075900000000000034e+01
1.405701999999999998e+03 1.690628999999999905e+03 1.343800000000000061e+01
1.332111000000000104e+03 1.694699000000000069e+03 1.113000000000000078e+01
1.641508000000000038e+03 1.695096000000000004e+03 1.130700000000000038e+01
1.527652000000000044e+03 1.706910000000000082e+03 1.296299999999999919e+01
1.692042999999999893e+03 1.714506000000000085e+03 9.531000000000000583e+00
1.466192000000000007e+03 1.729578999999999951e+03 1.234699999999999953e+01
1.329084000000000060e+03 1.731442000000000007e+03 1.230599999999999916e+01
1.929705999999999904e+03 1.742011999999999944e+03 1.559600000000000009e+01
1.524654999999999973e+03 1.741502999999999929e+03 1.256300000000000061e+01
1.629479000000000042e+03 1.740990999999999985e+03 1.245700000000000074e+01
1.732618999999999915e+03 1.740653000000000020e+03 1.251900000000000013e+01
1.974367999999999938e+03 1.739171000000000049e+03 1.366499999999999915e+01
1.368134999999999991e+03 1.743711000000000013e+03 1.271100000000000030e+01
1.315945999999999913e+03 1.761865000000000009e+03 1.096799999999999997e+01
1.396977000000000089e+03 1.772376999999999953e+03 1.008600000000000030e+01
1.883424999999999955e+03 1.772829999999999927e+03 1.196299999999999919e+01
1.684884000000000015e+03 1.773787000000000035e+03 1.244800000000000040e+01
1.337990000000000009e+03 1.775961999999999989e+03 1.291099999999999959e+01
1.692527000000000044e+03 1.783333000000000084e+03 1.261299999999999955e+01
1.386490000000000009e+03 1.784807000000000016e+03 1.192300000000000004e+01
1.859540999999999940e+03 1.785807000000000016e+03 1.103500000000000014e+01
1.371615999999999985e+03 1.786634999999999991e+03 1.201500000000000057e+01
1.554772999999999911e+03 1.790151000000000067e+03 1.345199999999999996e+01
1.731445999999999913e+03 1.804217000000000098e+03 1.284999999999999964e+01
1.851859999999999900e+03 1.804307000000000016e+03 1.380899999999999928e+01
1.688518000000000029e+03 1.814248000000000047e+03 1.587299999999999933e+01
1.335327999999999975e+03 1.817701999999999998e+03 1.230899999999999928e+01
1.457957000000000107e+03 1.830615999999999985e+03 1.223700000000000010e+01
1.885191000000000031e+03 1.851662000000000035e+03 1.270500000000000007e+01
1.691752999999999929e+03 1.856044000000000096e+03 1.123399999999999999e+01
2.022968000000000075e+03 1.858330999999999904e+03 1.198399999999999999e+01
1.505188000000000102e+03 1.859463999999999942e+03 1.252299999999999969e+01
1.571477000000000089e+03 1.858845000000000027e+03 1.340799999999999947e+01
1.958661000000000058e+03 1.864519999999999982e+03 1.332600000000000051e+01
1.857214999999999918e+03 1.869193999999999960e+03 1.350200000000000067e+01
1.824416999999999916e+03 1.875047000000000025e+03 1.255599999999999916e+01
1.427874000000000024e+03 1.879023999999999887e+03 1.118900000000000006e+01
1.774916999999999916e+03 1.884767000000000053e+03 1.181700000000000017e+01
2.016803000000000111e+03 1.885305000000000064e+03 9.882999999999999119e+00
1.338269999999999982e+03 1.891538999999999987e+03 9.102000000000000313e+00
1.758871000000000095e+03 1.893537000000000035e+03 1.026900000000000013e+01
1.730588999999999942e+03 1.895785000000000082e+03 1.383300000000000018e+01
1.702863000000000056e+03 1.901049999999999955e+03 1.176900000000000013e+01
1.688205999999999904e+03 1.911240999999999985e+03 1.431799999999999962e+01
1.396289999999999964e+03 1.921140000000000100e+03 1.501099999999999923e+01
1.938289999999999964e+03 1.922512999999999920e+03 7.464000000000000412e+00
1.378364000000000033e+03 1.931462999999999965e+03 1.008699999999999974e+01
1.471295000000000073e+03 1.942154999999999973e+03 1.519299999999999962e+01
1.574807999999999993e+03 1.940768000000000029e+03 8.757999999999999119e+00
1.395261999999999944e+03 1.943779999999999973e+03 1.302699999999999925e+01
1.770442000000000007e+03 1.942551999999999907e+03 1.124300000000000033e+01
1.843430000000000064e+03 1.948040999999999940e+03 1.007000000000000028e+01
1.790340999999999894e+03 1.961535000000000082e+03 1.109699999999999953e+01
1.776255000000000109e+03 1.978039999999999964e+03 6.860000000000000320e+00
1.655484999999999900e+03 1.982164999999999964e+03 1.602499999999999858e+01
1.420798999999999978e+03 1.990357999999999947e+03 1.032399999999999984e+01
1.351349999999999909e+03 1.993673000000000002e+03 9.573999999999999844e+00
1.959445999999999913e+03 1.993691000000000031e+03 1.241399999999999970e+01
2.017941000000000031e+03 1.996201999999999998e+03 1.282199999999999918e+01
1.373476000000000113e+03 2.006184999999999945e+03 9.076999999999999957e+00
1.321098999999999933e+03 2.015726000000000113e+03 1.434399999999999942e+01
1.489348999999999933e+03 2.017748000000000047e+03 1.331099999999999994e+01
1.511395999999999958e+03 2.020618999999999915e+03 9.962999999999999190e+00
1.444520999999999958e+03 2.034423999999999978e+03 1.391399999999999970e+01
