1.537217000000000098e+03 8.686999999999999389e+00 1.225699999999999967e+01
1.122930000000000064e+02 8.775999999999999801e+00 1.003800000000000026e+01
3.315679999999999836e+02 1.033799999999999919e+01 1.216799999999999926e+01
8.580520000000000209e+02 9.207000000000000739e+00 1.159500000000000064e+01
1.339989999999999952e+02 1.844600000000000151e+01 1.061599999999999966e+01
9.437580000000000382e+02 1.909900000000000020e+01 1.228299999999999947e+01
1.413762999999999920e+03 1.801300000000000168e+01 9.505000000000000782e+00
1.216715999999999894e+03 2.026200000000000045e+01 1.270100000000000051e+01
4.740849999999999795e+02 2.157300000000000040e+01 1.160299999999999976e+01
3.480579999999999927e+02 2.520899999999999963e+01 1.582300000000000040e+01
7.066829999999999927e+02 2.399399999999999977e+01 1.298600000000000065e+01
1.007912000000000035e+03 2.328699999999999903e+01 7.991999999999999993e+00
1.998884999999999991e+03 2.986100000000000065e+01 1.483900000000000041e+01
9.629089999999999918e+02 2.720599999999999952e+01 1.144500000000000028e+01
1.583336999999999989e+03 3.027899999999999991e+01 9.967000000000000526e+00
1.557740000000000009e+02 3.310199999999999676e+01 1.166200000000000081e+01
4.144200000000000159e+02 3.392399999999999949e+01 1.075300000000000011e+01
2.681809999999999832e+02 3.380700000000000216e+01 8.365999999999999659e+00
9.070399999999999352e+01 3.928699999999999903e+01 9.842999999999999972e+00
5.351309999999999718e+02 3.911399999999999721e+01 1.305199999999999960e+01
1.516702999999999975e+03 4.523599999999999710e+01 1.290399999999999991e+01
6.981589999999999918e+02 4.478399999999999892e+01 9.993000000000000327e+00
6.496180000000000518e+02 4.945700000000000074e+01 1.301999999999999957e+01
1.024731999999999971e+03 5.609700000000000131e+01 1.211400000000000077e+01
1.155490000000000066e+02 5.788499999999999801e+01 1.056400000000000006e+01
3.790190000000000055e+02 5.980299999999999727e+01 1.189100000000000001e+01
1.320776000000000067e+03 6.361399999999999721e+01 1.487800000000000011e+01
1.606604000000000042e+03 6.163499999999999801e+01 1.183099999999999952e+01
2.158580000000000041e+02 6.614199999999999591e+01 1.505899999999999928e+01
1.559190000000000111e+02 6.455200000000000671e+01 8.167999999999999261e+00
1.234582000000000107e+03 6.768600000000000705e+01 1.247700000000000031e+01
9.759130000000000109e+02 6.826099999999999568e+01 1.253500000000000014e+01
1.019191000000000031e+03 6.804399999999999693e+01 1.137500000000000000e+01
5.770140000000000100e+02 6.934999999999999432e+01 1.002999999999999936e+01
1.508138999999999896e+03 6.990800000000000125e+01 1.278800000000000026e+01
1.089220000000000027e+03 6.943800000000000239e+01 8.544000000000000483e+00
4.904680000000000177e+02 7.104000000000000625e+01 1.223000000000000043e+01
1.200826999999999998e+03 7.407500000000000284e+01 1.183399999999999963e+01
5.773719999999999573e+02 7.884099999999999397e+01 9.611000000000000654e+00
1.036949999999999932e+02 8.231699999999999307e+01 1.241699999999999982e+01
1.609873000000000047e+03 8.602400000000000091e+01 1.577500000000000036e+01
8.478339999999999463e+02 8.932800000000000296e+01 1.298300000000000054e+01
1.406807999999999993e+03 9.509999999999999432e+01 1.125699999999999967e+01
6.742749999999999773e+02 9.776099999999999568e+01 1.070700000000000074e+01
1.719028999999999996e+03 1.011700000000000017e+02 1.174499999999999922e+01
7.305610000000000355e+02 1.044050000000000011e+02 1.148799999999999955e+01
1.494596999999999980e+03 1.037069999999999936e+02 1.102200000000000024e+01
1.909909000000000106e+03 1.071119999999999948e+02 1.276399999999999935e+01
1.449098999999999933e+03 1.072999999999999972e+02 8.772000000000000242e+00
1.482940000000000111e+02 1.078960000000000008e+02 1.198099999999999987e+01
5.723479999999999563e+02 1.102609999999999957e+02 9.994999999999999218e+00
1.955169999999999959e+02 1.178719999999999999e+02 1.275000000000000000e+01
5.015869999999999891e+02 1.178979999999999961e+02 8.278999999999999915e+00
6.869990000000000236e+02 1.185649999999999977e+02 9.425000000000000711e+00
1.300797000000000025e+03 1.218160000000000025e+02 1.198099999999999987e+01
1.745904999999999973e+03 1.217780000000000058e+02 8.528999999999999915e+00
3.195779999999999745e+02 1.213509999999999991e+02 8.314000000000000057e+00
1.784219000000000051e+03 1.230490000000000066e+02 1.194999999999999929e+01
1.842152000000000044e+03 1.240999999999999943e+02 1.243900000000000006e+01
2.136750000000000114e+02 1.267909999999999968e+02 1.205000000000000071e+01
1.977730999999999995e+03 1.272770000000000010e+02 1.127500000000000036e+01
1.425323000000000093e+03 1.323859999999999957e+02 1.316099999999999959e+01
8.837500000000000000e+01 1.354199999999999875e+02 1.231300000000000061e+01
8.235140000000000100e+02 1.346589999999999918e+02 1.224200000000000088e+01
1.956729000000000042e+03 1.338930000000000007e+02 1.359900000000000020e+01
8.657140000000000555e+02 1.377560000000000002e+02 1.274099999999999966e+01
1.816727000000000089e+03 1.404339999999999975e+02 1.285699999999999932e+01
1.703023999999999887e+03 1.412620000000000005e+02 1.068900000000000006e+01
1.318144000000000005e+03 1.462640000000000100e+02 1.250500000000000078e+01
1.420167999999999893e+03 1.542390000000000043e+02 7.796999999999999709e+00
1.454406999999999925e+03 1.596829999999999927e+02 1.173099999999999987e+01
1.618019000000000005e+03 1.623180000000000121e+02 1.077699999999999925e+01
1.395769999999999982e+02 1.628079999999999927e+02 1.044899999999999984e+01
1.734997000000000071e+03 1.638029999999999973e+02 1.158999999999999986e+01
6.942380000000000564e+02 1.621639999999999873e+02 7.769999999999999574e+00
1.896053000000000111e+03 1.673870000000000005e+02 9.923999999999999488e+00
5.444790000000000418e+02 1.687379999999999995e+02 9.394000000000000128e+00
1.274251999999999953e+03 1.707949999999999875e+02 1.190799999999999947e+01
9.179980000000000473e+02 1.675780000000000030e+02 1.612300000000000111e+01
1.236865000000000009e+03 1.794300000000000068e+02 1.037599999999999945e+01
1.622377999999999929e+03 1.879360000000000070e+02 1.298700000000000010e+01
1.175134000000000015e+03 1.899300000000000068e+02 1.310599999999999987e+01
1.810453999999999951e+03 1.908839999999999861e+02 1.347700000000000031e+01
1.924156999999999925e+03 1.912570000000000050e+02 9.425000000000000711e+00
4.472300000000000182e+02 1.929279999999999973e+02 1.034399999999999942e+01
1.861577999999999975e+03 1.922700000000000102e+02 1.267900000000000027e+01
1.064605000000000018e+03 1.943079999999999927e+02 7.985000000000000320e+00
1.370213999999999942e+03 2.009290000000000020e+02 7.012999999999999901e+00
8.290149999999999864e+02 2.017270000000000039e+02 1.130799999999999983e+01
1.713253999999999905e+03 2.039579999999999984e+02 1.152800000000000047e+01
9.082169999999999845e+02 2.055560000000000116e+02 1.291300000000000026e+01
4.378340000000000032e+02 2.096680000000000064e+02 1.122499999999999964e+01
3.436840000000000259e+02 2.083839999999999861e+02 1.325799999999999912e+01
1.162320999999999913e+03 2.115850000000000080e+02 1.035299999999999976e+01
1.817257000000000062e+03 2.126690000000000111e+02 9.007999999999999119e+00
1.487305000000000064e+03 2.254480000000000075e+02 6.794999999999999929e+00
1.767548999999999978e+03 2.252090000000000032e+02 8.397999999999999687e+00
1.515413999999999987e+03 2.258820000000000050e+02 9.060999999999999943e+00
1.649661000000000058e+03 2.263259999999999934e+02 1.000500000000000078e+01
5.724759999999999991e+02 2.299379999999999882e+02 1.214400000000000013e+01
3.370790000000000077e+02 2.393799999999999955e+02 1.513299999999999912e+01
3.572379999999999995e+02 2.332040000000000077e+02 8.490999999999999659e+00
1.785653000000000020e+03 2.360269999999999868e+02 1.462400000000000055e+01
1.885901000000000067e+03 2.362849999999999966e+02 1.013100000000000023e+01
1.357119999999999891e+03 2.395130000000000052e+02 1.221400000000000041e+01
2.039430000000000121e+02 2.424060000000000059e+02 1.097400000000000020e+01
1.376916999999999916e+03 2.439070000000000107e+02 1.250200000000000067e+01
6.483970000000000482e+02 2.469900000000000091e+02 8.724999999999999645e+00
1.085294000000000096e+03 2.523909999999999911e+02 8.856999999999999318e+00
8.378780000000000427e+02 2.523329999999999984e+02 1.294100000000000072e+01
5.371800000000000352e+01 2.535540000000000020e+02 1.084600000000000009e+01
2.006903999999999996e+03 2.550329999999999870e+02 1.044899999999999984e+01
1.791284000000000106e+03 2.562900000000000205e+02 1.184299999999999997e+01
2.016799999999999926e+01 2.575160000000000196e+02 1.273300000000000054e+01
4.078550000000000182e+02 2.593589999999999804e+02 1.282300000000000040e+01
1.391067999999999984e+03 2.605609999999999786e+02 1.179100000000000037e+01
6.311040000000000418e+02 2.625380000000000109e+02 7.541999999999999815e+00
1.307101000000000113e+03 2.642110000000000127e+02 1.046199999999999974e+01
1.383176999999999907e+03 2.693009999999999877e+02 1.083300000000000018e+01
1.570655999999999949e+03 2.677500000000000000e+02 1.281700000000000017e+01
9.778150000000000546e+02 2.723729999999999905e+02 1.196100000000000030e+01
3.652160000000000082e+02 2.746190000000000282e+02 1.122600000000000087e+01
5.990960000000000036e+02 2.751290000000000191e+02 9.101000000000000867e+00
1.977538000000000011e+03 2.828539999999999850e+02 1.268500000000000050e+01
1.043080000000000069e+02 2.851510000000000105e+02 1.026999999999999957e+01
1.481310999999999922e+03 2.853530000000000086e+02 1.103700000000000081e+01
3.044359999999999786e+02 2.875179999999999723e+02 1.231000000000000050e+01
1.876410000000000082e+03 2.881129999999999995e+02 1.023700000000000010e+01
8.541680000000000064e+02 2.891320000000000050e+02 1.052800000000000047e+01
1.656771999999999935e+03 2.907110000000000127e+02 8.128999999999999559e+00
3.543670000000000186e+02 2.916949999999999932e+02 1.057699999999999996e+01
1.259549999999999955e+03 2.923899999999999864e+02 1.113499999999999979e+01
1.333345000000000027e+03 2.917529999999999859e+02 1.248799999999999955e+01
1.843470000000000084e+02 2.974920000000000186e+02 8.676999999999999602e+00
1.549150000000000091e+03 2.975849999999999795e+02 1.334999999999999964e+01
7.267319999999999709e+02 3.002749999999999773e+02 1.184999999999999964e+01
6.273799999999999955e+02 3.008460000000000036e+02 1.273199999999999932e+01
1.875869999999999891e+03 3.008159999999999741e+02 1.209699999999999953e+01
1.417260999999999967e+03 3.055210000000000150e+02 7.557999999999999829e+00
1.440769999999999982e+03 3.079859999999999900e+02 8.425000000000000711e+00
1.057618999999999915e+03 3.077989999999999782e+02 1.155100000000000016e+01
6.694389999999999645e+02 3.089569999999999936e+02 1.289000000000000057e+01
1.020254000000000019e+03 3.104340000000000259e+02 1.270599999999999952e+01
4.245260000000000105e+02 3.143809999999999718e+02 8.394000000000000128e+00
2.019846999999999980e+03 3.169809999999999945e+02 8.308999999999999275e+00
1.185335000000000036e+03 3.179759999999999991e+02 1.246100000000000030e+01
1.084385999999999967e+03 3.218700000000000045e+02 7.955000000000000071e+00
1.367384000000000015e+03 3.186429999999999723e+02 1.272300000000000075e+01
1.004303999999999974e+03 3.228809999999999718e+02 1.302200000000000024e+01
1.758192000000000007e+03 3.275729999999999791e+02 1.091000000000000014e+01
1.428489000000000033e+03 3.391129999999999995e+02 9.984999999999999432e+00
9.505389999999999873e+02 3.414309999999999832e+02 1.255000000000000071e+01
2.725649999999999977e+02 3.465640000000000214e+02 1.171000000000000085e+01
5.699619999999999891e+02 3.514169999999999732e+02 1.226699999999999946e+01
1.052634000000000015e+03 3.524080000000000155e+02 1.177899999999999991e+01
2.365910000000000082e+02 3.542269999999999754e+02 8.625999999999999446e+00
1.518925999999999931e+03 3.553469999999999800e+02 1.110599999999999987e+01
1.367260999999999967e+03 3.558430000000000177e+02 9.294000000000000483e+00
6.049370000000000118e+02 3.583879999999999768e+02 1.098600000000000065e+01
4.182970000000000255e+02 3.589730000000000132e+02 1.090000000000000036e+01
6.992179999999999609e+02 3.598389999999999986e+02 9.342999999999999972e+00
1.503076000000000022e+03 3.623940000000000055e+02 1.080400000000000027e+01
1.934100000000000108e+01 3.669340000000000259e+02 9.458999999999999631e+00
9.654790000000000418e+02 3.671120000000000232e+02 1.286299999999999955e+01
1.590273999999999887e+03 3.711750000000000114e+02 7.658000000000000362e+00
1.882748000000000047e+03 3.706240000000000236e+02 1.173000000000000043e+01
1.071250000000000000e+02 3.717060000000000173e+02 1.014100000000000001e+01
6.165570000000000164e+02 3.758620000000000232e+02 1.252599999999999980e+01
1.188201999999999998e+03 3.772259999999999991e+02 9.989000000000000767e+00
1.108291999999999916e+03 3.791949999999999932e+02 1.183000000000000007e+01
6.733289999999999509e+02 3.799379999999999882e+02 1.150000000000000000e+01
1.413614000000000033e+03 3.813809999999999718e+02 1.172100000000000009e+01
1.594148999999999887e+03 3.813299999999999841e+02 8.096999999999999531e+00
4.506750000000000114e+02 3.859979999999999905e+02 1.147700000000000031e+01
1.472263999999999896e+03 3.917459999999999809e+02 1.333900000000000041e+01
5.776670000000000300e+02 3.943410000000000082e+02 1.221700000000000053e+01
8.010539999999999736e+02 3.978759999999999764e+02 1.276999999999999957e+01
2.030596999999999980e+03 3.980849999999999795e+02 1.202500000000000036e+01
1.692309999999999945e+03 4.007620000000000005e+02 7.639000000000000234e+00
6.824120000000000346e+02 4.017350000000000136e+02 8.146000000000000796e+00
1.938355999999999995e+03 4.013159999999999741e+02 9.529999999999999361e+00
7.050650000000000546e+02 4.016050000000000182e+02 1.133999999999999986e+01
1.273005000000000109e+03 4.020389999999999873e+02 1.117300000000000004e+01
9.924009999999999536e+02 4.046100000000000136e+02 9.292999999999999261e+00
1.046882000000000062e+03 4.087640000000000100e+02 1.335699999999999932e+01
1.000178999999999974e+03 4.154830000000000041e+02 1.302399999999999913e+01
1.183794000000000096e+03 4.174200000000000159e+02 9.936999999999999389e+00
1.300277000000000044e+03 4.175989999999999895e+02 1.271799999999999997e+01
2.016069999999999993e+02 4.190500000000000114e+02 1.154199999999999982e+01
9.674249999999999545e+02 4.188489999999999895e+02 1.191099999999999959e+01
1.923298000000000002e+03 4.192139999999999986e+02 9.028999999999999915e+00
6.415000000000000036e+00 4.208650000000000091e+02 1.334099999999999930e+01
6.462670000000000528e+02 4.198090000000000259e+02 1.122799999999999976e+01
1.694752999999999929e+03 4.193299999999999841e+02 1.232699999999999996e+01
1.862384999999999991e+03 4.262320000000000277e+02 7.248000000000000220e+00
8.637900000000000489e+01 4.274409999999999741e+02 1.324099999999999966e+01
5.042590000000000146e+02 4.302029999999999745e+02 1.230199999999999960e+01
1.974987000000000080e+03 4.298419999999999845e+02 1.193099999999999916e+01
2.220589999999999975e+02 4.313100000000000023e+02 1.031499999999999950e+01
1.560134999999999991e+03 4.318279999999999745e+02 1.217900000000000027e+01
1.032980000000000018e+03 4.351329999999999814e+02 9.269999999999999574e+00
1.281140000000000043e+02 4.362149999999999750e+02 9.990999999999999659e+00
1.641769000000000005e+03 4.376820000000000164e+02 1.210999999999999943e+01
7.594940000000000282e+02 4.421610000000000014e+02 1.158300000000000018e+01
7.962549999999999955e+02 4.439049999999999727e+02 1.035299999999999976e+01
1.576077999999999975e+03 4.476320000000000050e+02 1.261899999999999977e+01
1.536818999999999960e+03 4.489739999999999895e+02 9.329000000000000625e+00
1.269117999999999938e+03 4.504979999999999905e+02 1.297600000000000087e+01
1.612132000000000062e+03 4.511879999999999882e+02 1.120500000000000007e+01
7.097229999999999563e+02 4.523149999999999977e+02 1.109399999999999942e+01
1.667060999999999922e+03 4.524449999999999932e+02 1.018900000000000006e+01
1.476604000000000042e+03 4.544889999999999759e+02 1.200300000000000011e+01
9.597450000000000045e+02 4.574039999999999964e+02 1.227500000000000036e+01
1.052098999999999933e+03 4.555020000000000095e+02 1.292200000000000060e+01
2.719950000000000045e+02 4.586639999999999873e+02 1.173000000000000043e+01
1.076064000000000078e+03 4.587839999999999918e+02 9.721999999999999531e+00
1.338855000000000018e+03 4.618539999999999850e+02 1.319100000000000072e+01
1.844407999999999902e+03 4.634769999999999754e+02 1.256300000000000061e+01
4.932099999999999795e+01 4.635790000000000077e+02 1.115199999999999925e+01
1.976069999999999993e+02 4.645090000000000146e+02 1.165300000000000047e+01
5.341219999999999573e+02 4.656410000000000196e+02 1.190799999999999947e+01
5.808940000000000055e+02 4.655670000000000073e+02 1.188100000000000023e+01
1.320824000000000069e+03 4.680040000000000191e+02 1.135200000000000031e+01
2.142330000000000041e+02 4.766379999999999768e+02 1.003100000000000058e+01
3.747339999999999804e+02 4.774370000000000118e+02 1.058200000000000074e+01
1.509902000000000044e+03 4.786089999999999804e+02 1.264799999999999969e+01
1.349338999999999942e+03 4.786240000000000236e+02 1.035500000000000043e+01
1.486555000000000064e+03 4.821299999999999955e+02 1.053999999999999915e+01
1.013609000000000037e+03 4.843809999999999718e+02 1.248499999999999943e+01
2.775710000000000264e+02 4.928829999999999814e+02 1.003500000000000014e+01
5.360890000000000555e+02 4.923399999999999750e+02 1.356799999999999962e+01
1.028355000000000018e+03 4.926820000000000164e+02 1.115499999999999936e+01
6.756420000000000528e+02 4.954660000000000082e+02 1.192999999999999972e+01
1.211509000000000015e+03 4.958849999999999909e+02 1.156700000000000017e+01
1.456385999999999967e+03 4.986650000000000205e+02 1.040300000000000047e+01
1.489431000000000040e+03 4.987649999999999864e+02 1.243200000000000038e+01
1.502108999999999924e+03 4.997339999999999804e+02 1.309500000000000064e+01
1.078125000000000000e+03 5.009270000000000209e+02 1.160200000000000031e+01
1.391878999999999905e+03 5.054950000000000045e+02 8.425000000000000711e+00
3.325799999999999841e+02 5.063910000000000196e+02 1.256799999999999962e+01
1.111990999999999985e+03 5.069719999999999800e+02 1.141699999999999982e+01
8.062939999999999827e+02 5.099289999999999736e+02 9.631000000000000227e+00
1.430683999999999969e+03 5.107420000000000186e+02 1.269999999999999929e+01
5.748790000000000191e+02 5.143160000000000309e+02 9.048999999999999488e+00
1.409404999999999973e+03 5.192670000000000528e+02 1.215700000000000003e+01
1.863699000000000069e+03 5.199510000000000218e+02 1.003200000000000003e+01
9.066409999999999627e+02 5.273260000000000218e+02 1.300699999999999967e+01
1.079121000000000095e+03 5.285299999999999727e+02 9.579000000000000625e+00
4.414540000000000077e+02 5.294080000000000155e+02 1.361400000000000077e+01
6.440960000000000036e+02 5.361849999999999454e+02 9.387000000000000455e+00
1.479750000000000000e+03 5.356330000000000382e+02 1.258900000000000041e+01
1.585277000000000044e+03 5.395149999999999864e+02 1.039000000000000057e+01
1.287851000000000113e+03 5.415030000000000427e+02 1.128800000000000026e+01
2.566720000000000255e+02 5.413590000000000373e+02 1.329700000000000060e+01
2.460999999999999943e+01 5.427309999999999945e+02 1.272799999999999976e+01
7.548740000000000236e+02 5.436509999999999536e+02 9.438000000000000611e+00
1.078726000000000113e+03 5.471710000000000491e+02 1.190600000000000058e+01
9.007039999999999509e+02 5.476730000000000018e+02 1.133300000000000018e+01
1.504015000000000100e+03 5.506620000000000346e+02 1.141499999999999915e+01
4.458709999999999809e+02 5.525349999999999682e+02 1.321100000000000030e+01
4.147699999999999818e+02 5.543150000000000546e+02 9.939999999999999503e+00
5.769239999999999782e+02 5.540810000000000173e+02 1.191900000000000048e+01
6.802500000000000000e+02 5.552549999999999955e+02 1.306000000000000050e+01
1.004003000000000043e+03 5.559579999999999700e+02 1.240799999999999947e+01
1.895041999999999916e+03 5.572549999999999955e+02 1.120800000000000018e+01
1.632791999999999916e+03 5.598990000000000009e+02 1.278800000000000026e+01
1.251472999999999956e+03 5.631449999999999818e+02 1.118200000000000038e+01
1.188145999999999958e+03 5.637390000000000327e+02 1.065300000000000047e+01
1.595405999999999949e+03 5.653970000000000482e+02 1.262400000000000055e+01
1.892876999999999953e+03 5.664529999999999745e+02 1.098499999999999943e+01
1.918694999999999936e+03 5.685389999999999873e+02 1.133900000000000041e+01
1.046317999999999984e+03 5.688440000000000509e+02 8.284000000000000696e+00
6.838609999999999900e+02 5.697509999999999764e+02 1.165600000000000058e+01
3.010339999999999918e+02 5.735710000000000264e+02 1.134399999999999942e+01
1.745266000000000076e+03 5.741559999999999491e+02 1.192300000000000004e+01
1.690991999999999962e+03 5.769420000000000073e+02 1.096400000000000041e+01
1.205019999999999982e+03 5.801219999999999573e+02 1.027399999999999913e+01
1.448104000000000042e+03 5.801689999999999827e+02 9.346000000000000085e+00
1.768192999999999984e+03 5.862930000000000064e+02 9.550000000000000711e+00
1.564159999999999968e+02 5.868730000000000473e+02 1.232199999999999918e+01
4.262219999999999800e+02 5.928569999999999709e+02 1.526200000000000045e+01
1.843718000000000075e+03 5.879260000000000446e+02 1.276299999999999990e+01
1.417230999999999995e+03 5.933659999999999854e+02 1.117500000000000071e+01
5.557329999999999472e+02 5.949800000000000182e+02 1.221199999999999974e+01
9.792880000000000109e+02 5.968170000000000073e+02 1.219400000000000084e+01
1.840759999999999934e+02 5.995720000000000027e+02 1.118299999999999983e+01
2.374019999999999868e+02 6.021219999999999573e+02 1.214300000000000068e+01
9.275599999999999454e+02 6.023859999999999673e+02 8.628000000000000114e+00
9.059690000000000509e+02 6.048559999999999945e+02 1.166300000000000026e+01
1.092193999999999960e+03 6.061240000000000236e+02 1.030300000000000082e+01
7.374210000000000491e+02 6.065140000000000100e+02 1.083300000000000018e+01
1.451063000000000102e+03 6.083460000000000036e+02 1.047600000000000087e+01
1.765534000000000106e+03 6.108980000000000246e+02 7.908999999999999808e+00
1.780953999999999951e+03 6.107190000000000509e+02 8.448999999999999844e+00
4.666809999999999832e+02 6.148569999999999709e+02 1.229499999999999993e+01
1.641923000000000002e+03 6.153139999999999645e+02 1.126900000000000013e+01
5.477939999999999827e+02 6.156979999999999791e+02 9.882999999999999119e+00
1.952383000000000038e+03 6.173089999999999691e+02 1.099799999999999933e+01
1.873828999999999951e+03 6.192989999999999782e+02 1.329100000000000037e+01
9.863949999999999818e+02 6.263339999999999463e+02 1.480199999999999960e+01
1.689335000000000036e+03 6.240620000000000118e+02 1.237400000000000055e+01
7.333840000000000146e+02 6.257730000000000246e+02 1.193500000000000050e+01
1.210673999999999978e+03 6.262019999999999982e+02 1.086100000000000065e+01
2.795559999999999832e+02 6.278099999999999454e+02 9.923000000000000043e+00
1.594111000000000104e+03 6.286409999999999627e+02 1.180700000000000038e+01
1.288809999999999945e+03 6.338970000000000482e+02 1.063499999999999979e+01
1.555648999999999887e+03 6.377609999999999673e+02 1.146100000000000030e+01
5.451580000000000155e+02 6.413440000000000509e+02 1.016499999999999915e+01
1.245589999999999975e+02 6.420140000000000100e+02 1.169400000000000084e+01
1.311709000000000060e+03 6.422559999999999718e+02 1.058500000000000085e+01
2.005415999999999940e+03 6.425240000000000009e+02 1.102899999999999991e+01
8.318020000000000209e+02 6.435760000000000218e+02 1.300699999999999967e+01
3.614619999999999891e+02 6.472580000000000382e+02 9.468999999999999417e+00
1.154490999999999985e+03 6.478419999999999845e+02 1.282300000000000040e+01
1.086067999999999984e+03 6.500620000000000118e+02 1.011200000000000010e+01
1.860086000000000013e+03 6.505789999999999509e+02 9.900999999999999801e+00
4.324300000000000068e+02 6.509039999999999964e+02 1.011800000000000033e+01
1.482537000000000035e+03 6.588429999999999609e+02 1.174000000000000021e+01
1.083520000000000039e+02 6.605800000000000409e+02 1.025799999999999912e+01
1.122087999999999965e+03 6.610270000000000437e+02 1.052500000000000036e+01
3.397400000000000091e+02 6.616079999999999472e+02 1.065499999999999936e+01
1.670798000000000002e+03 6.637150000000000318e+02 7.674999999999999822e+00
1.799426999999999907e+03 6.649049999999999727e+02 1.175900000000000034e+01
2.011159000000000106e+03 6.650729999999999791e+02 1.198900000000000077e+01
4.931139999999999759e+02 6.667060000000000173e+02 1.256900000000000084e+01
2.493299999999999983e+01 6.686820000000000164e+02 1.031600000000000072e+01
9.884339999999999691e+02 6.751509999999999536e+02 1.243599999999999994e+01
1.205676999999999907e+03 6.743339999999999463e+02 1.318099999999999916e+01
1.390307000000000016e+03 6.779199999999999591e+02 1.534999999999999964e+01
8.048590000000000373e+02 6.761019999999999754e+02 1.365099999999999980e+01
1.036413999999999987e+03 6.797000000000000455e+02 1.474499999999999922e+01
7.482699999999999818e+02 6.775299999999999727e+02 1.026800000000000068e+01
8.722299999999999898e+01 6.772789999999999964e+02 1.153599999999999959e+01
1.752810000000000059e+02 6.794569999999999936e+02 1.313199999999999967e+01
1.676961999999999989e+03 6.802530000000000427e+02 1.194200000000000017e+01
1.176606999999999971e+03 6.807160000000000082e+02 1.112299999999999933e+01
2.125550000000000068e+02 6.821649999999999636e+02 1.182799999999999940e+01
3.483679999999999950e+02 6.822740000000000009e+02 8.696999999999999176e+00
1.433048000000000002e+03 6.900560000000000400e+02 1.319899999999999984e+01
7.042870000000000346e+02 6.912110000000000127e+02 1.280000000000000071e+01
1.738709000000000060e+03 6.944130000000000109e+02 7.852999999999999758e+00
1.567259999999999991e+02 7.012899999999999636e+02 8.310999999999999943e+00
1.181809999999999945e+03 7.021159999999999854e+02 1.009800000000000075e+01
1.175169999999999959e+02 7.052930000000000064e+02 1.290799999999999947e+01
1.003128000000000043e+03 7.055969999999999800e+02 1.263499999999999979e+01
1.232267000000000053e+03 7.069550000000000409e+02 8.550000000000000711e+00
9.834900000000000091e+02 7.112789999999999964e+02 1.325799999999999912e+01
1.714509999999999991e+03 7.127380000000000564e+02 1.309600000000000009e+01
1.095990000000000009e+03 7.140650000000000546e+02 1.115900000000000070e+01
2.233700000000000045e+02 7.163029999999999973e+02 8.492000000000000881e+00
1.143654999999999973e+03 7.189479999999999791e+02 8.833000000000000185e+00
1.660520999999999958e+03 7.197500000000000000e+02 1.107900000000000063e+01
8.829470000000000027e+02 7.203450000000000273e+02 1.202800000000000047e+01
1.819029999999999973e+03 7.250370000000000346e+02 1.344500000000000028e+01
3.743919999999999959e+02 7.300190000000000055e+02 1.065199999999999925e+01
1.618958000000000084e+03 7.299740000000000464e+02 8.852999999999999758e+00
8.532469999999999573e+02 7.310330000000000155e+02 8.946999999999999176e+00
5.015360000000000014e+02 7.339869999999999663e+02 8.398999999999999133e+00
1.311025000000000091e+03 7.363959999999999582e+02 9.183999999999999275e+00
1.185005000000000109e+03 7.411069999999999709e+02 1.069400000000000084e+01
1.115776000000000067e+03 7.421340000000000146e+02 1.260100000000000087e+01
1.545407999999999902e+03 7.420979999999999563e+02 9.435999999999999943e+00
1.490626999999999953e+03 7.440019999999999527e+02 1.137899999999999956e+01
1.873660000000000139e+02 7.448859999999999673e+02 1.148600000000000065e+01
6.359980000000000473e+02 7.451309999999999718e+02 7.716999999999999638e+00
6.862229999999999563e+02 7.449270000000000209e+02 1.151399999999999935e+01
9.057300000000000182e+02 7.455990000000000464e+02 1.161899999999999977e+01
1.432425999999999931e+03 7.449579999999999700e+02 8.965999999999999304e+00
3.766089999999999804e+02 7.496250000000000000e+02 1.018200000000000038e+01
5.122740000000000009e+02 7.505750000000000455e+02 9.490999999999999659e+00
1.003533999999999992e+03 7.506230000000000473e+02 1.095199999999999996e+01
1.517488000000000056e+03 7.503440000000000509e+02 1.223600000000000065e+01
7.565069999999999482e+02 7.537060000000000173e+02 1.199300000000000033e+01
1.073769999999999953e+02 7.551580000000000155e+02 1.080499999999999972e+01
1.219432000000000016e+03 7.551319999999999482e+02 1.284600000000000009e+01
1.749370000000000118e+02 7.566599999999999682e+02 1.146599999999999930e+01
7.734829999999999472e+02 7.589160000000000537e+02 1.308200000000000074e+01
1.162830999999999904e+03 7.583369999999999891e+02 1.174799999999999933e+01
1.314095000000000027e+03 7.580789999999999509e+02 9.601000000000000867e+00
1.693102000000000089e+03 7.598640000000000327e+02 1.095899999999999963e+01
3.522300000000000182e+02 7.608769999999999527e+02 9.372999999999999332e+00
1.124016000000000076e+03 7.613959999999999582e+02 1.059699999999999953e+01
9.700990000000000464e+02 7.616459999999999582e+02 8.237999999999999545e+00
6.791480000000000246e+02 7.639279999999999973e+02 8.640000000000000568e+00
1.469074000000000069e+03 7.668949999999999818e+02 1.551800000000000068e+01
1.879667999999999893e+03 7.646240000000000236e+02 1.044899999999999984e+01
4.974730000000000132e+02 7.645900000000000318e+02 1.135800000000000054e+01
1.116499999999999915e+01 7.660510000000000446e+02 9.451000000000000512e+00
7.490969999999999800e+02 7.663780000000000427e+02 1.017099999999999937e+01
3.214379999999999882e+02 7.697509999999999764e+02 1.208399999999999963e+01
1.114759999999999991e+02 7.714519999999999982e+02 1.365399999999999991e+01
1.311483999999999924e+03 7.721580000000000155e+02 1.295800000000000018e+01
6.308559999999999945e+02 7.753959999999999582e+02 9.522000000000000242e+00
1.286489000000000033e+03 7.770660000000000309e+02 9.888999999999999346e+00
1.094335000000000036e+03 7.798540000000000418e+02 9.640000000000000568e+00
2.963029999999999973e+02 7.828339999999999463e+02 1.117600000000000016e+01
7.660040000000000191e+02 7.837140000000000555e+02 1.072600000000000087e+01
1.534244999999999891e+03 7.900140000000000100e+02 1.280799999999999983e+01
4.899199999999999733e+01 7.906140000000000327e+02 8.513999999999999346e+00
1.341932999999999993e+03 7.919919999999999618e+02 1.268599999999999994e+01
9.667500000000000000e+02 7.928930000000000291e+02 8.532000000000000028e+00
1.142048000000000002e+03 7.933799999999999955e+02 9.710000000000000853e+00
1.179837999999999965e+03 7.994059999999999491e+02 1.172400000000000020e+01
4.225679999999999836e+02 8.027730000000000246e+02 9.457000000000000739e+00
2.167340000000000089e+02 8.035779999999999745e+02 1.073600000000000065e+01
8.856490000000000009e+02 8.043700000000000045e+02 1.164700000000000024e+01
1.022783000000000015e+03 8.064840000000000373e+02 7.956000000000000405e+00
7.570099999999999909e+02 8.077720000000000482e+02 1.276299999999999990e+01
1.254259999999999991e+03 8.072759999999999536e+02 1.008300000000000018e+01
1.455010000000000048e+02 8.106319999999999482e+02 1.588899999999999935e+01
9.162530000000000427e+02 8.095209999999999582e+02 9.163000000000000256e+00
1.570826999999999998e+03 8.141059999999999945e+02 1.219299999999999962e+01
1.284163000000000011e+03 8.157580000000000382e+02 1.302999999999999936e+01
6.465199999999999818e+02 8.175729999999999791e+02 1.273399999999999999e+01
9.597799999999999727e+02 8.178759999999999764e+02 1.221100000000000030e+01
1.052099999999999909e+03 8.197140000000000555e+02 8.173000000000000043e+00
2.036865000000000009e+03 8.187720000000000482e+02 9.727999999999999758e+00
1.593913999999999987e+03 8.218669999999999618e+02 1.097400000000000020e+01
1.700115000000000009e+03 8.233849999999999909e+02 9.178000000000000824e+00
1.520321999999999889e+03 8.249930000000000518e+02 8.195999999999999730e+00
9.433390000000000555e+02 8.250829999999999700e+02 1.214100000000000001e+01
9.305019999999999527e+02 8.254700000000000273e+02 1.241300000000000026e+01
1.365384000000000015e+03 8.298619999999999663e+02 7.828999999999999737e+00
2.781490000000000009e+02 8.303400000000000318e+02 1.011200000000000010e+01
5.967509999999999764e+02 8.449660000000000082e+02 1.334900000000000020e+01
1.643734999999999900e+03 8.323200000000000500e+02 1.262400000000000055e+01
1.208236000000000104e+03 8.334589999999999463e+02 9.342999999999999972e+00
2.519999999999999929e+01 8.335199999999999818e+02 1.223000000000000043e+01
1.108746000000000095e+03 8.358220000000000027e+02 6.958000000000000185e+00
9.448880000000000337e+02 8.364450000000000500e+02 1.268299999999999983e+01
1.329902000000000044e+03 8.384510000000000218e+02 1.180700000000000038e+01
7.959099999999999397e+01 8.385739999999999554e+02 9.986000000000000654e+00
3.255810000000000173e+02 8.414149999999999636e+02 8.185999999999999943e+00
1.464759999999999991e+02 8.421309999999999718e+02 1.289300000000000068e+01
1.367323000000000093e+03 8.433329999999999700e+02 1.078100000000000058e+01
3.973059999999999832e+02 8.455059999999999718e+02 8.714000000000000412e+00
1.443007000000000062e+03 8.458029999999999973e+02 1.290900000000000070e+01
1.852458000000000084e+03 8.461290000000000191e+02 7.980000000000000426e+00
1.063842000000000098e+03 8.475289999999999964e+02 8.259000000000000341e+00
1.165287000000000035e+03 8.483020000000000209e+02 8.134999999999999787e+00
1.956570000000000107e+02 8.481399999999999864e+02 1.056000000000000050e+01
2.834560000000000173e+02 8.492599999999999909e+02 1.129899999999999949e+01
6.669059999999999491e+02 8.513690000000000282e+02 1.199200000000000088e+01
4.098709999999999809e+02 8.524139999999999873e+02 1.137899999999999956e+01
5.705829999999999700e+02 8.550019999999999527e+02 8.906000000000000583e+00
3.688729999999999905e+02 8.597409999999999854e+02 1.243999999999999950e+01
9.336829999999999927e+02 8.606749999999999545e+02 9.912000000000000810e+00
1.213503999999999905e+03 8.609829999999999472e+02 8.121999999999999886e+00
1.035520000000000067e+02 8.623360000000000127e+02 1.000699999999999967e+01
1.504209999999999923e+02 8.625380000000000109e+02 1.120800000000000018e+01
4.986000000000000227e+02 8.640180000000000291e+02 1.077200000000000024e+01
4.033109999999999786e+02 8.645349999999999682e+02 1.052699999999999925e+01
2.033369999999999891e+02 8.683070000000000164e+02 1.027200000000000024e+01
1.551430000000000064e+03 8.720900000000000318e+02 1.193999999999999950e+01
3.149950000000000045e+02 8.728229999999999791e+02 8.544000000000000483e+00
1.454279999999999973e+03 8.734640000000000555e+02 1.233799999999999919e+01
1.911115000000000009e+03 8.735009999999999764e+02 1.207199999999999918e+01
2.010750999999999976e+03 8.762169999999999845e+02 1.020700000000000074e+01
4.536850000000000023e+02 8.767309999999999945e+02 1.187400000000000055e+01
9.875149999999999864e+02 8.774329999999999927e+02 1.031700000000000017e+01
5.497870000000000346e+02 8.774199999999999591e+02 1.279400000000000048e+01
8.110380000000000109e+02 8.780539999999999736e+02 1.141399999999999970e+01
1.031999000000000024e+03 8.814260000000000446e+02 8.282000000000000028e+00
1.576680000000000064e+03 8.822419999999999618e+02 1.284800000000000075e+01
1.422481999999999971e+03 8.834099999999999682e+02 9.348000000000000753e+00
1.787999000000000024e+03 8.858410000000000082e+02 1.152800000000000047e+01
3.732399999999999807e+01 8.872530000000000427e+02 9.198000000000000398e+00
5.549619999999999891e+02 8.880620000000000118e+02 1.205199999999999960e+01
2.001604000000000042e+03 8.878400000000000318e+02 1.175600000000000023e+01
5.805299999999999727e+01 8.887659999999999627e+02 8.298999999999999488e+00
2.449970000000000141e+02 8.885710000000000264e+02 1.076200000000000045e+01
1.066048000000000002e+03 8.887219999999999800e+02 1.221299999999999919e+01
1.269500000000000028e+01 8.898160000000000309e+02 1.090000000000000036e+01
3.863770000000000095e+02 8.916530000000000200e+02 9.901999999999999247e+00
4.437860000000000014e+02 8.953849999999999909e+02 1.522499999999999964e+01
1.661488000000000056e+03 8.968569999999999709e+02 1.186999999999999922e+01
1.559941000000000031e+03 8.973790000000000191e+02 1.018599999999999994e+01
2.193019999999999925e+02 8.995000000000000000e+02 1.029499999999999993e+01
9.106630000000000109e+02 9.005099999999999909e+02 1.140000000000000036e+01
7.131989999999999554e+02 9.017569999999999482e+02 1.147899999999999920e+01
1.064154999999999973e+03 9.015430000000000064e+02 1.336299999999999955e+01
3.526240000000000236e+02 9.035299999999999727e+02 1.134699999999999953e+01
6.815309999999999491e+02 9.041760000000000446e+02 1.055599999999999916e+01
2.742350000000000136e+02 9.063680000000000518e+02 1.332399999999999984e+01
5.043380000000000223e+02 9.043160000000000309e+02 1.334399999999999942e+01
1.076858999999999924e+03 9.054850000000000136e+02 1.134299999999999997e+01
5.742400000000000091e+02 9.059210000000000491e+02 1.108099999999999952e+01
9.564279999999999973e+02 9.063819999999999482e+02 1.245299999999999940e+01
7.472770000000000437e+02 9.064740000000000464e+02 1.218500000000000050e+01
6.501900000000000546e+02 9.096860000000000355e+02 1.269299999999999962e+01
1.193050999999999931e+03 9.088700000000000045e+02 1.269200000000000017e+01
1.571980000000000018e+03 9.089859999999999900e+02 1.297499999999999964e+01
1.927710000000000036e+03 9.145480000000000018e+02 1.551399999999999935e+01
1.828750000000000000e+03 9.163659999999999854e+02 9.965999999999999304e+00
1.852280999999999949e+03 9.180040000000000191e+02 1.097700000000000031e+01
1.125772999999999911e+03 9.193010000000000446e+02 1.036700000000000088e+01
9.148490000000000464e+02 9.210529999999999973e+02 8.760999999999999233e+00
1.226477000000000089e+03 9.250769999999999982e+02 9.631999999999999673e+00
7.641219999999999573e+02 9.255750000000000455e+02 1.187199999999999989e+01
1.009741999999999962e+03 9.261760000000000446e+02 8.342999999999999972e+00
9.614900000000000091e+02 9.280059999999999718e+02 8.461000000000000298e+00
1.186789999999999964e+03 9.285960000000000036e+02 8.275999999999999801e+00
4.390640000000000214e+02 9.313799999999999955e+02 1.131700000000000017e+01
7.737800000000000011e+01 9.323759999999999764e+02 1.227299999999999969e+01
6.056680000000000064e+02 9.355259999999999536e+02 1.076399999999999935e+01
1.000326999999999998e+03 9.354320000000000164e+02 1.024600000000000044e+01
1.049321999999999889e+03 9.362440000000000282e+02 1.362400000000000055e+01
1.331010999999999967e+03 9.359109999999999445e+02 1.258300000000000018e+01
1.047710000000000008e+02 9.370839999999999463e+02 1.209900000000000020e+01
7.600019999999999527e+02 9.382340000000000373e+02 1.231600000000000072e+01
1.438903999999999996e+03 9.419039999999999964e+02 1.242399999999999949e+01
1.538843000000000075e+03 9.414909999999999854e+02 1.297100000000000009e+01
5.133460000000000036e+02 9.426829999999999927e+02 1.005000000000000071e+01
1.098556000000000040e+03 9.462709999999999582e+02 1.041699999999999982e+01
1.107384000000000015e+03 9.466299999999999955e+02 9.994999999999999218e+00
4.911229999999999905e+02 9.480019999999999527e+02 1.148399999999999999e+01
5.933060000000000400e+02 9.484270000000000209e+02 1.038400000000000034e+01
2.749390000000000214e+02 9.511349999999999909e+02 1.253800000000000026e+01
8.422319999999999709e+02 9.506589999999999918e+02 7.985000000000000320e+00
6.761470000000000482e+02 9.515470000000000255e+02 6.123999999999999666e+00
9.826280000000000427e+02 9.536839999999999691e+02 6.116999999999999993e+00
1.153343000000000075e+03 9.533269999999999982e+02 1.181300000000000061e+01
1.955885999999999967e+03 9.553859999999999673e+02 8.817000000000000171e+00
1.319487000000000080e+03 9.592899999999999636e+02 1.412599999999999945e+01
9.007730000000000246e+02 9.638999999999999773e+02 9.159000000000000696e+00
1.026433999999999969e+03 9.640090000000000146e+02 8.980000000000000426e+00
5.692590000000000146e+02 9.660199999999999818e+02 8.471999999999999531e+00
1.117321999999999889e+03 9.662720000000000482e+02 9.369999999999999218e+00
1.285516000000000076e+03 9.657830000000000155e+02 9.044000000000000483e+00
1.518373000000000047e+03 9.659400000000000546e+02 1.016399999999999970e+01
4.935289999999999964e+02 9.669610000000000127e+02 1.014100000000000001e+01
1.907878999999999905e+03 9.671979999999999791e+02 1.005700000000000038e+01
1.150410000000000082e+03 9.688460000000000036e+02 1.319100000000000072e+01
4.171519999999999868e+02 9.697980000000000018e+02 1.251900000000000013e+01
1.444955999999999904e+03 9.700599999999999454e+02 1.110299999999999976e+01
6.417350000000000136e+02 9.708809999999999718e+02 1.011700000000000088e+01
1.507627999999999929e+03 9.706900000000000546e+02 1.152999999999999936e+01
5.549690000000000509e+02 9.773460000000000036e+02 9.869999999999999218e+00
8.525499999999999545e+01 9.809489999999999554e+02 1.515499999999999936e+01
8.492580000000000382e+02 9.783329999999999700e+02 1.190700000000000003e+01
3.847520000000000095e+02 9.788070000000000164e+02 9.430999999999999162e+00
7.351309999999999718e+02 9.794220000000000255e+02 8.945999999999999730e+00
8.899679999999999609e+02 9.791499999999999773e+02 7.645999999999999908e+00
2.014532999999999902e+03 9.790839999999999463e+02 1.093599999999999994e+01
2.202860000000000014e+02 9.816019999999999754e+02 1.198099999999999987e+01
5.062200000000000273e+02 9.806689999999999827e+02 1.185800000000000054e+01
6.616970000000000027e+02 9.823460000000000036e+02 8.212999999999999190e+00
6.478379999999999654e+02 9.821069999999999709e+02 8.617000000000000881e+00
4.462679999999999723e+02 9.841559999999999491e+02 1.176099999999999923e+01
1.241143000000000029e+03 9.834779999999999518e+02 1.206300000000000061e+01
1.188175999999999931e+03 9.862019999999999982e+02 1.004800000000000004e+01
1.800550000000000068e+02 9.866630000000000109e+02 1.195599999999999952e+01
1.321362000000000080e+03 9.874719999999999800e+02 1.293200000000000038e+01
1.465748000000000047e+03 9.884370000000000118e+02 1.310100000000000087e+01
1.769701000000000022e+03 9.883790000000000191e+02 1.070400000000000063e+01
1.451066000000000031e+03 9.891539999999999964e+02 1.024000000000000021e+01
3.190869999999999891e+02 9.897259999999999991e+02 1.160200000000000031e+01
1.331413999999999987e+03 9.909539999999999509e+02 1.291399999999999970e+01
9.082640000000000100e+02 9.920270000000000437e+02 9.250999999999999446e+00
7.588210000000000264e+02 9.951209999999999809e+02 8.792999999999999261e+00
8.966409999999999627e+02 9.953419999999999845e+02 1.036200000000000010e+01
8.138250000000000455e+02 9.984479999999999791e+02 1.167999999999999972e+01
8.318179999999999836e+02 9.998039999999999736e+02 9.249000000000000554e+00
1.067460000000000036e+03 1.003773000000000025e+03 1.318500000000000050e+01
1.307997000000000071e+03 1.001562000000000012e+03 1.159999999999999964e+01
5.792380000000000564e+02 1.002941000000000031e+03 1.277500000000000036e+01
8.578809999999999718e+02 1.002956999999999994e+03 1.062500000000000000e+01
1.086279999999999973e+03 1.002763000000000034e+03 1.151500000000000057e+01
1.428592000000000098e+03 1.004255999999999972e+03 1.161299999999999955e+01
4.488000000000000433e+00 1.004519000000000005e+03 1.237700000000000067e+01
1.702214999999999918e+03 1.007537000000000035e+03 1.097300000000000075e+01
4.963179999999999836e+02 1.009816000000000031e+03 1.101299999999999990e+01
1.546536000000000058e+03 1.010653000000000020e+03 1.227999999999999936e+01
1.289955999999999904e+03 1.012551000000000045e+03 1.252500000000000036e+01
1.603040000000000020e+02 1.013077999999999975e+03 1.220199999999999996e+01
3.322180000000000177e+02 1.012780999999999949e+03 8.641000000000000014e+00
6.161580000000000155e+02 1.013241999999999962e+03 9.637000000000000455e+00
1.328645999999999958e+03 1.013741999999999962e+03 1.272799999999999976e+01
1.857875999999999976e+03 1.015813999999999965e+03 1.168200000000000038e+01
9.416539999999999964e+02 1.016131999999999948e+03 1.207000000000000028e+01
1.011255999999999972e+03 1.016312000000000012e+03 8.021000000000000796e+00
1.445905999999999949e+03 1.015947999999999979e+03 8.855000000000000426e+00
3.157389999999999759e+02 1.020754999999999995e+03 1.118200000000000038e+01
4.387679999999999723e+02 1.020931000000000040e+03 1.272899999999999920e+01
1.759548999999999978e+03 1.021873000000000047e+03 1.122400000000000020e+01
7.481530000000000200e+02 1.023898000000000025e+03 1.207099999999999973e+01
9.821209999999999809e+02 1.026009000000000015e+03 8.926999999999999602e+00
1.036613000000000056e+03 1.027221999999999980e+03 9.973000000000000753e+00
8.717160000000000082e+02 1.028614000000000033e+03 1.205599999999999916e+01
1.262500999999999976e+03 1.029170000000000073e+03 8.252000000000000668e+00
2.668570000000000277e+02 1.031854000000000042e+03 1.156000000000000050e+01
1.208897999999999911e+03 1.032161000000000058e+03 1.301800000000000068e+01
1.336876999999999953e+03 1.033314000000000078e+03 1.190099999999999980e+01
1.093127999999999929e+03 1.035162000000000035e+03 9.650999999999999801e+00
7.250620000000000118e+02 1.036123000000000047e+03 9.096999999999999531e+00
1.693747000000000071e+03 1.039518000000000029e+03 7.107000000000000206e+00
4.342749999999999773e+02 1.039608999999999924e+03 1.130199999999999960e+01
5.874650000000000318e+02 1.040508000000000038e+03 1.107300000000000040e+01
8.393799999999999955e+02 1.040423999999999978e+03 1.035299999999999976e+01
1.808596999999999980e+03 1.040865999999999985e+03 1.088599999999999923e+01
1.466901000000000067e+03 1.042278000000000020e+03 9.867000000000000881e+00
3.219979999999999905e+02 1.043419000000000096e+03 1.054599999999999937e+01
1.043444999999999936e+03 1.043041999999999916e+03 9.320000000000000284e+00
1.635160000000000082e+03 1.042269999999999982e+03 1.302599999999999980e+01
1.658881000000000085e+03 1.044398999999999887e+03 1.211500000000000021e+01
3.594200000000000159e+02 1.045153000000000020e+03 9.881000000000000227e+00
1.097471999999999980e+03 1.045114000000000033e+03 9.901999999999999247e+00
6.252010000000000218e+02 1.047346999999999980e+03 1.306199999999999939e+01
4.187060000000000173e+02 1.049172000000000025e+03 1.294999999999999929e+01
6.456630000000000109e+02 1.049067999999999984e+03 1.013299999999999912e+01
1.138320999999999913e+03 1.049414999999999964e+03 1.046499999999999986e+01
1.602718000000000075e+03 1.048692999999999984e+03 1.055100000000000016e+01
1.768077999999999975e+03 1.049777000000000044e+03 1.251200000000000045e+01
9.790399999999999636e+01 1.050265000000000100e+03 6.453999999999999737e+00
9.249550000000000409e+02 1.051794000000000096e+03 7.750000000000000000e+00
2.045599999999999952e+01 1.051344000000000051e+03 8.855000000000000426e+00
8.087100000000000364e+02 1.052175999999999931e+03 1.064400000000000013e+01
6.580670000000000073e+02 1.053175999999999931e+03 1.024300000000000033e+01
6.013369999999999891e+02 1.053752999999999929e+03 9.890000000000000568e+00
1.179294000000000096e+03 1.055050999999999931e+03 1.022799999999999976e+01
1.416958000000000084e+03 1.056410000000000082e+03 8.497999999999999332e+00
7.620439999999999827e+02 1.058661000000000058e+03 8.461000000000000298e+00
7.976390000000000100e+02 1.057525000000000091e+03 1.202899999999999991e+01
5.157980000000000018e+02 1.059261999999999944e+03 1.196100000000000030e+01
7.240109999999999673e+02 1.059772999999999911e+03 1.300900000000000034e+01
2.868620000000000232e+02 1.061045000000000073e+03 8.804000000000000270e+00
3.871770000000000209e+02 1.060686999999999898e+03 1.131400000000000006e+01
1.553215999999999894e+03 1.061481999999999971e+03 1.210100000000000087e+01
1.819022999999999911e+03 1.062748000000000047e+03 1.321599999999999930e+01
8.840629999999999882e+02 1.063993999999999915e+03 1.234699999999999953e+01
3.641109999999999900e+02 1.064905999999999949e+03 1.221499999999999986e+01
4.897579999999999814e+02 1.065996000000000095e+03 9.974000000000000199e+00
4.708059999999999832e+02 1.067885999999999967e+03 1.162899999999999956e+01
1.166618999999999915e+03 1.071468000000000075e+03 8.333999999999999631e+00
7.046119999999999663e+02 1.074469000000000051e+03 1.193800000000000061e+01
1.069705999999999904e+03 1.074978000000000065e+03 9.433999999999999275e+00
7.865570000000000164e+02 1.077390000000000100e+03 9.016000000000000014e+00
1.482598999999999933e+03 1.077328999999999951e+03 1.243599999999999994e+01
1.313027000000000044e+03 1.078336999999999989e+03 1.140300000000000047e+01
1.330663000000000011e+03 1.079481999999999971e+03 1.034500000000000064e+01
4.198650000000000091e+02 1.080261999999999944e+03 1.270299999999999940e+01
1.669521999999999935e+03 1.079856999999999971e+03 1.261100000000000065e+01
1.759973999999999933e+03 1.079729000000000042e+03 1.176399999999999935e+01
1.997078999999999951e+03 1.080294000000000096e+03 1.259900000000000020e+01
2.003180000000000121e+02 1.082276000000000067e+03 9.423999999999999488e+00
1.383815000000000055e+03 1.082565000000000055e+03 1.258099999999999952e+01
1.103055000000000064e+03 1.086042999999999893e+03 6.836999999999999744e+00
1.245487000000000080e+03 1.085077999999999975e+03 8.180999999999999162e+00
1.853355000000000018e+03 1.086678000000000111e+03 1.181900000000000084e+01
8.860779999999999745e+02 1.087674999999999955e+03 8.243999999999999773e+00
5.375119999999999436e+02 1.089324000000000069e+03 1.280100000000000016e+01
7.905040000000000191e+02 1.092631000000000085e+03 9.215999999999999304e+00
1.362518000000000029e+03 1.092377999999999929e+03 1.209600000000000009e+01
1.691265000000000100e+03 1.092617999999999938e+03 1.264000000000000057e+01
1.437707000000000107e+03 1.094969000000000051e+03 1.140600000000000058e+01
1.340877999999999929e+03 1.096634000000000015e+03 8.502000000000000668e+00
1.022001999999999953e+03 1.097170000000000073e+03 8.891000000000000014e+00
1.973900000000000077e+01 1.099809999999999945e+03 1.305100000000000016e+01
1.137319999999999993e+02 1.100348999999999933e+03 1.192900000000000027e+01
3.859390000000000214e+02 1.099440000000000055e+03 1.046400000000000041e+01
1.882076000000000022e+03 1.100636999999999944e+03 9.564999999999999503e+00
1.615089999999999918e+03 1.101615000000000009e+03 1.164300000000000068e+01
1.418184999999999945e+03 1.103178000000000111e+03 8.730999999999999872e+00
1.716513999999999896e+03 1.103453999999999951e+03 9.355000000000000426e+00
5.784980000000000473e+02 1.104530999999999949e+03 9.680999999999999162e+00
6.346369999999999436e+02 1.105012999999999920e+03 1.022300000000000075e+01
8.595289999999999964e+02 1.104686999999999898e+03 1.131400000000000006e+01
2.009672000000000025e+03 1.104578999999999951e+03 1.277200000000000024e+01
5.649500000000000455e+02 1.107976000000000113e+03 8.631000000000000227e+00
4.789300000000000068e+02 1.110949000000000069e+03 8.297000000000000597e+00
4.942760000000000105e+02 1.114280999999999949e+03 8.973000000000000753e+00
5.296440000000000055e+02 1.115240999999999985e+03 9.282999999999999474e+00
1.606682999999999993e+03 1.114780999999999949e+03 1.158999999999999986e+01
8.610349999999999682e+02 1.115673000000000002e+03 1.115099999999999980e+01
1.864603000000000065e+03 1.118001999999999953e+03 9.602000000000000313e+00
1.170651000000000067e+03 1.120365999999999985e+03 9.750999999999999446e+00
1.518461999999999989e+03 1.120824000000000069e+03 1.194100000000000072e+01
6.782699999999999818e+02 1.124633000000000038e+03 9.779999999999999361e+00
8.281169999999999618e+02 1.124401000000000067e+03 9.026999999999999247e+00
4.961659999999999968e+02 1.123963999999999942e+03 9.807999999999999829e+00
1.404850000000000136e+02 1.127001999999999953e+03 9.800000000000000711e+00
1.998849999999999909e+02 1.126423000000000002e+03 1.048700000000000010e+01
3.221000000000000085e+01 1.135411000000000058e+03 1.200699999999999967e+01
4.985120000000000005e+02 1.136476000000000113e+03 1.022799999999999976e+01
6.790460000000000491e+02 1.137265000000000100e+03 9.398999999999999133e+00
1.101477000000000089e+03 1.136715999999999894e+03 1.196700000000000053e+01
3.526000000000000227e+02 1.138115000000000009e+03 8.256000000000000227e+00
1.203540999999999940e+03 1.139605000000000018e+03 1.208099999999999952e+01
1.023049999999999955e+03 1.140901000000000067e+03 7.983999999999999986e+00
2.513460000000000036e+02 1.141211999999999989e+03 9.464999999999999858e+00
1.254778000000000020e+03 1.141720000000000027e+03 1.230799999999999983e+01
1.708051999999999907e+03 1.142178000000000111e+03 9.973000000000000753e+00
7.987160000000000082e+02 1.142929000000000087e+03 1.327599999999999980e+01
7.588099999999999454e+02 1.146182999999999993e+03 7.931000000000000050e+00
1.246943999999999960e+03 1.149017000000000053e+03 1.332900000000000063e+01
1.560228000000000065e+03 1.148805000000000064e+03 1.309900000000000020e+01
1.591767000000000053e+03 1.152476000000000113e+03 1.099799999999999933e+01
9.580230000000000246e+02 1.151999000000000024e+03 1.322799999999999976e+01
9.155489999999999782e+02 1.154213999999999942e+03 9.714999999999999858e+00
8.734669999999999845e+02 1.155384000000000015e+03 1.304400000000000048e+01
7.463899999999999579e+01 1.156307999999999993e+03 8.013999999999999346e+00
7.242269999999999754e+02 1.158094000000000051e+03 8.153000000000000469e+00
1.571332000000000107e+03 1.157605999999999995e+03 1.228800000000000026e+01
6.651209999999999809e+02 1.158211999999999989e+03 1.253100000000000058e+01
1.729141000000000076e+03 1.158346000000000004e+03 1.090499999999999936e+01
3.864669999999999845e+02 1.159384000000000015e+03 9.680999999999999162e+00
8.340729999999999791e+02 1.159942000000000007e+03 8.580999999999999517e+00
2.286299999999999955e+02 1.163602000000000089e+03 8.182999999999999829e+00
3.421259999999999764e+02 1.165545000000000073e+03 1.155799999999999983e+01
1.832563000000000102e+03 1.166035000000000082e+03 1.172799999999999976e+01
1.206147999999999911e+03 1.167327999999999975e+03 1.025300000000000011e+01
7.269130000000000109e+02 1.167887999999999920e+03 9.414999999999999147e+00
1.096335000000000036e+03 1.176419000000000096e+03 1.598399999999999999e+01
1.343712999999999965e+03 1.172773999999999887e+03 1.140399999999999991e+01
8.552369999999999663e+02 1.174135999999999967e+03 9.997999999999999332e+00
2.018826000000000022e+03 1.174486000000000104e+03 1.211599999999999966e+01
1.012980000000000018e+02 1.175953999999999951e+03 1.225799999999999912e+01
1.653628999999999905e+03 1.177019000000000005e+03 7.411999999999999922e+00
1.278669000000000096e+03 1.177172000000000025e+03 8.820999999999999730e+00
5.266150000000000091e+02 1.179309999999999945e+03 1.215799999999999947e+01
1.596743999999999915e+03 1.181861000000000104e+03 7.884999999999999787e+00
4.991449999999999818e+02 1.183125000000000000e+03 9.426999999999999602e+00
6.885620000000000118e+02 1.185440000000000055e+03 9.125000000000000000e+00
7.725510000000000446e+02 1.186096999999999980e+03 1.218800000000000061e+01
4.259230000000000018e+02 1.190160000000000082e+03 7.967999999999999972e+00
9.906689999999999827e+02 1.190141000000000076e+03 1.143900000000000006e+01
1.038441000000000031e+03 1.189395999999999958e+03 1.233399999999999963e+01
1.255194999999999936e+03 1.191499000000000024e+03 7.966999999999999638e+00
9.613999999999999773e+02 1.193951000000000022e+03 9.201999999999999957e+00
9.319700000000000273e+01 1.196448000000000093e+03 9.750999999999999446e+00
5.563099999999999454e+02 1.198000999999999976e+03 8.282999999999999474e+00
1.640356999999999971e+03 1.197458000000000084e+03 1.229400000000000048e+01
2.972479999999999905e+02 1.198509000000000015e+03 1.052999999999999936e+01
1.173909000000000106e+03 1.200265000000000100e+03 7.815999999999999837e+00
3.899680000000000177e+02 1.199898999999999887e+03 1.108399999999999963e+01
1.336526000000000067e+03 1.200499000000000024e+03 1.090199999999999925e+01
1.143109999999999900e+03 1.200971000000000004e+03 1.316600000000000037e+01
7.656670000000000300e+02 1.205416999999999916e+03 1.038499999999999979e+01
5.361739999999999782e+02 1.207256000000000085e+03 1.125600000000000023e+01
1.837048999999999978e+03 1.208147999999999911e+03 1.058099999999999952e+01
1.752277000000000044e+03 1.209233999999999924e+03 1.279499999999999993e+01
1.192941000000000031e+03 1.212265000000000100e+03 1.030000000000000071e+01
4.072399999999999665e+01 1.212730999999999995e+03 9.009999999999999787e+00
1.390053000000000111e+03 1.214317000000000007e+03 9.417999999999999261e+00
1.344808999999999969e+03 1.215417999999999893e+03 8.673000000000000043e+00
5.794909999999999854e+02 1.216686999999999898e+03 8.153999999999999915e+00
8.749389999999999645e+02 1.215925999999999931e+03 1.134099999999999930e+01
4.549039999999999964e+02 1.217660000000000082e+03 9.223000000000000753e+00
1.420211999999999989e+03 1.223820999999999913e+03 1.296199999999999974e+01
7.686349999999999909e+02 1.223012999999999920e+03 8.981999999999999318e+00
7.978010000000000446e+02 1.225238000000000056e+03 8.154999999999999361e+00
9.483500000000000227e+02 1.225972999999999956e+03 1.230300000000000082e+01
8.697039999999999509e+02 1.229086000000000013e+03 8.484999999999999432e+00
3.118050000000000068e+02 1.229210000000000036e+03 1.332799999999999940e+01
1.761048999999999978e+03 1.230651000000000067e+03 1.336899999999999977e+01
1.112474999999999909e+03 1.231550999999999931e+03 1.019400000000000084e+01
1.339410000000000025e+02 1.232979000000000042e+03 9.180999999999999162e+00
5.890810000000000173e+02 1.233873000000000047e+03 1.263400000000000034e+01
5.124039999999999964e+02 1.236048000000000002e+03 1.389700000000000024e+01
6.800679999999999836e+02 1.236469000000000051e+03 7.956999999999999851e+00
7.126050000000000182e+02 1.236542999999999893e+03 1.176600000000000001e+01
1.640317000000000007e+03 1.236781999999999925e+03 1.123199999999999932e+01
1.938459000000000060e+03 1.237498000000000047e+03 1.198499999999999943e+01
4.832559999999999718e+02 1.239403000000000020e+03 1.007499999999999929e+01
7.371459999999999582e+02 1.239066000000000031e+03 1.043800000000000061e+01
8.654500000000000455e+02 1.240400000000000091e+03 8.163999999999999702e+00
1.901409000000000106e+03 1.243998000000000047e+03 1.218500000000000050e+01
1.227734999999999900e+03 1.244246000000000095e+03 1.182900000000000063e+01
8.415800000000000125e+01 1.247655999999999949e+03 1.350000000000000000e+01
9.530280000000000200e+02 1.247835000000000036e+03 7.352999999999999758e+00
1.403488000000000056e+03 1.247410000000000082e+03 6.073000000000000398e+00
7.019429999999999836e+02 1.250989000000000033e+03 7.084999999999999964e+00
1.182907999999999902e+03 1.249598999999999933e+03 9.166000000000000369e+00
7.817110000000000127e+02 1.253770999999999958e+03 1.548199999999999932e+01
1.375849999999999909e+03 1.251730000000000018e+03 7.988000000000000433e+00
1.003040000000000020e+02 1.252375999999999976e+03 1.161999999999999922e+01
4.014429999999999836e+02 1.253461999999999989e+03 1.344100000000000072e+01
7.377870000000000346e+02 1.253445999999999913e+03 1.150300000000000011e+01
1.687606999999999971e+03 1.253789999999999964e+03 8.111000000000000654e+00
3.813410000000000082e+02 1.255669000000000096e+03 8.759000000000000341e+00
6.249539999999999509e+02 1.257855999999999995e+03 9.467999999999999972e+00
5.981689999999999827e+02 1.258803000000000111e+03 9.323999999999999844e+00
1.798047000000000025e+03 1.258874000000000024e+03 1.000500000000000078e+01
8.141299999999999955e+02 1.262493999999999915e+03 1.311200000000000010e+01
8.497720000000000482e+02 1.263708000000000084e+03 8.321999999999999176e+00
4.899510000000000218e+02 1.266347999999999956e+03 1.016699999999999982e+01
1.117885999999999967e+03 1.268292999999999893e+03 7.562000000000000277e+00
4.206789999999999736e+02 1.268482999999999947e+03 8.884000000000000341e+00
1.088096999999999980e+03 1.271948000000000093e+03 9.041999999999999815e+00
2.034169000000000096e+03 1.271463999999999942e+03 1.109399999999999942e+01
6.183999999999999773e+02 1.274394999999999982e+03 9.532000000000000028e+00
7.535789999999999509e+02 1.277435999999999922e+03 1.069400000000000084e+01
1.769544000000000096e+03 1.277962999999999965e+03 1.207300000000000040e+01
1.042616999999999962e+03 1.279568999999999960e+03 1.263499999999999979e+01
1.272759999999999991e+03 1.279169000000000096e+03 1.083999999999999986e+01
6.613189999999999600e+02 1.280896999999999935e+03 7.812999999999999723e+00
1.064325000000000045e+03 1.280294000000000096e+03 9.766999999999999460e+00
1.302827999999999975e+03 1.283144000000000005e+03 1.057000000000000028e+01
1.373506000000000085e+03 1.282765000000000100e+03 1.089499999999999957e+01
1.753101000000000113e+03 1.282548000000000002e+03 1.247100000000000009e+01
1.415448000000000093e+03 1.284007000000000062e+03 1.155199999999999960e+01
1.801520999999999958e+03 1.285534000000000106e+03 1.149799999999999933e+01
2.155629999999999882e+02 1.287871000000000095e+03 8.945000000000000284e+00
1.067527000000000044e+03 1.289165999999999940e+03 9.201999999999999957e+00
2.021540999999999940e+03 1.290534000000000106e+03 1.309200000000000053e+01
9.284450000000000500e+02 1.291242999999999938e+03 9.335000000000000853e+00
2.509830000000000041e+02 1.292336999999999989e+03 9.381000000000000227e+00
4.813090000000000259e+02 1.292758000000000038e+03 8.757999999999999119e+00
6.183819999999999482e+02 1.293852000000000089e+03 1.232600000000000051e+01
1.694329999999999927e+03 1.296402000000000044e+03 1.551299999999999990e+01
6.731670000000000300e+02 1.295857999999999947e+03 1.148300000000000054e+01
5.492459999999999809e+02 1.298384000000000015e+03 1.028999999999999915e+01
1.852035000000000082e+03 1.298852000000000089e+03 9.192999999999999616e+00
1.357553000000000111e+03 1.305420000000000073e+03 1.131099999999999994e+01
1.305373000000000047e+03 1.311737000000000080e+03 1.314499999999999957e+01
1.367366999999999962e+03 1.313799999999999955e+03 9.659000000000000696e+00
1.429712999999999965e+03 1.314796000000000049e+03 1.262500000000000000e+01
1.752813000000000102e+03 1.316105999999999995e+03 1.120599999999999952e+01
1.621932000000000016e+03 1.319291999999999916e+03 1.222100000000000009e+01
1.473522999999999911e+03 1.330078999999999951e+03 8.773999999999999133e+00
1.352125999999999976e+03 1.338137999999999920e+03 8.451999999999999957e+00
1.447820999999999913e+03 1.349009000000000015e+03 9.978999999999999204e+00
1.387336000000000013e+03 1.351933999999999969e+03 1.163299999999999912e+01
1.314049999999999955e+03 1.352999000000000024e+03 8.990999999999999659e+00
1.807523999999999887e+03 1.362019999999999982e+03 9.656000000000000583e+00
1.780241999999999962e+03 1.367530999999999949e+03 1.232099999999999973e+01
1.363990000000000009e+03 1.373090999999999894e+03 1.224600000000000044e+01
1.725332000000000107e+03 1.383513999999999896e+03 8.419000000000000483e+00
1.690790999999999940e+03 1.393779999999999973e+03 9.756000000000000227e+00
1.443404999999999973e+03 1.395297000000000025e+03 1.111299999999999955e+01
2.018817999999999984e+03 1.402250000000000000e+03 1.268699999999999939e+01
1.382519999999999982e+03 1.416621000000000095e+03 9.451999999999999957e+00
1.811420000000000073e+03 1.420832000000000107e+03 1.348000000000000043e+01
1.901557999999999993e+03 1.432505000000000109e+03 1.318299999999999983e+01
1.314089999999999918e+03 1.432204999999999927e+03 1.229499999999999993e+01
1.348358999999999924e+03 1.431942999999999984e+03 1.175600000000000023e+01
1.403442000000000007e+03 1.432412000000000035e+03 1.287800000000000011e+01
1.809124000000000024e+03 1.433866999999999962e+03 1.353800000000000026e+01
1.730077999999999975e+03 1.436297000000000025e+03 9.532000000000000028e+00
1.429755000000000109e+03 1.448368999999999915e+03 1.184500000000000064e+01
1.516978000000000065e+03 1.449632000000000062e+03 1.336200000000000010e+01
1.663107999999999947e+03 1.453305000000000064e+03 1.095199999999999996e+01
1.596763999999999896e+03 1.456604000000000042e+03 6.902000000000000135e+00
1.444160000000000082e+03 1.461691000000000031e+03 7.246000000000000441e+00
1.488613000000000056e+03 1.462012999999999920e+03 8.622999999999999332e+00
1.718281999999999925e+03 1.468684999999999945e+03 1.586100000000000065e+01
1.657843000000000075e+03 1.466823000000000093e+03 1.118800000000000061e+01
1.354636999999999944e+03 1.488249000000000024e+03 1.195899999999999963e+01
1.379816000000000031e+03 1.493647999999999911e+03 1.171400000000000041e+01
1.740384000000000015e+03 1.498530999999999949e+03 9.493000000000000327e+00
1.863746000000000095e+03 1.523694999999999936e+03 9.771000000000000796e+00
1.686521999999999935e+03 1.538826000000000022e+03 1.122799999999999976e+01
1.506449000000000069e+03 1.541354000000000042e+03 1.245700000000000074e+01
1.924722999999999956e+03 1.542849999999999909e+03 9.819000000000000838e+00
1.916476000000000113e+03 1.544785000000000082e+03 9.375999999999999446e+00
1.658411000000000058e+03 1.547127999999999929e+03 1.203200000000000003e+01
1.347426999999999907e+03 1.550355999999999995e+03 1.104899999999999949e+01
1.494256000000000085e+03 1.550275000000000091e+03 1.138700000000000045e+01
1.364201000000000022e+03 1.567126999999999953e+03 1.017200000000000060e+01
1.433538000000000011e+03 1.568567999999999984e+03 1.284800000000000075e+01
1.548844000000000051e+03 1.573355999999999995e+03 9.938000000000000611e+00
1.739196999999999889e+03 1.575346999999999980e+03 9.487000000000000099e+00
1.598940000000000055e+03 1.581186999999999898e+03 1.125600000000000023e+01
1.501773999999999887e+03 1.583952999999999975e+03 1.003299999999999947e+01
1.303019999999999982e+03 1.585243999999999915e+03 1.296000000000000085e+01
1.389419000000000096e+03 1.591849999999999909e+03 8.166999999999999815e+00
1.609367999999999938e+03 1.602516000000000076e+03 1.388599999999999923e+01
1.444049999999999955e+03 1.602740000000000009e+03 1.088199999999999967e+01
1.405813000000000102e+03 1.605693999999999960e+03 1.199000000000000021e+01
1.469904999999999973e+03 1.614409000000000106e+03 1.158500000000000085e+01
1.533722999999999956e+03 1.622479000000000042e+03 1.312100000000000044e+01
1.423747000000000071e+03 1.626761999999999944e+03 8.176000000000000156e+00
1.325228000000000065e+03 1.628335000000000036e+03 1.165300000000000047e+01
1.356785000000000082e+03 1.634534000000000106e+03 1.251500000000000057e+01
1.321188000000000102e+03 1.647142000000000053e+03 1.321000000000000085e+01
1.535473999999999933e+03 1.670449000000000069e+03 1.221599999999999930e+01
1.732474999999999909e+03 1.671160000000000082e+03 1.142699999999999960e+01
1.465159000000000106e+03 1.671717000000000098e+03 1.152500000000000036e+01
1.862444999999999936e+03 1.674141000000000076e+03 1.001200000000000045e+01
1.827976000000000113e+03 1.683054000000000087e+03 1.037400000000000055e+01
1.903189000000000078e+03 1.685500000000000000e+03 1.004299999999999926e+01
1.405778999999999996e+03 1.690817000000000007e+03 1.333799999999999919e+01
1.332154999999999973e+03 1.694769999999999982e+03 1.046599999999999930e+01
1.641548999999999978e+03 1.695151000000000067e+03 1.061899999999999977e+01
1.527839999999999918e+03 1.706866999999999962e+03 1.258600000000000030e+01
1.692143000000000029e+03 1.714551999999999907e+03 8.817000000000000171e+00
1.466372000000000071e+03 1.729592000000000098e+03 1.206700000000000017e+01
1.329017000000000053e+03 1.731478000000000065e+03 1.196199999999999974e+01
1.929170000000000073e+03 1.743432000000000016e+03 1.539700000000000024e+01
1.524752999999999929e+03 1.741548999999999978e+03 1.201500000000000057e+01
1.629477000000000089e+03 1.741044000000000096e+03 1.186999999999999922e+01
1.732589999999999918e+03 1.740756000000000085e+03 1.190499999999999936e+01
1.974782999999999902e+03 1.739125999999999976e+03 1.303299999999999947e+01
1.368250000000000000e+03 1.743817999999999984e+03 1.211400000000000077e+01
1.315978000000000065e+03 1.761959000000000060e+03 1.054299999999999926e+01
1.397057999999999993e+03 1.772459000000000060e+03 9.329000000000000625e+00
1.883635999999999967e+03 1.772859999999999900e+03 1.128999999999999915e+01
1.684955999999999904e+03 1.773795000000000073e+03 1.181600000000000072e+01
1.338111000000000104e+03 1.776218000000000075e+03 1.245400000000000063e+01
1.692595000000000027e+03 1.783318999999999960e+03 1.201699999999999946e+01
1.386567999999999984e+03 1.784862000000000080e+03 1.124499999999999922e+01
1.859643000000000029e+03 1.785892000000000053e+03 1.029100000000000037e+01
1.371626999999999953e+03 1.786733999999999924e+03 1.137100000000000044e+01
1.554905999999999949e+03 1.790367999999999938e+03 1.290099999999999980e+01
1.731439000000000078e+03 1.804192000000000007e+03 1.234299999999999997e+01
1.851896999999999935e+03 1.804147999999999911e+03 1.337599999999999945e+01
1.688153999999999996e+03 1.815182000000000016e+03 1.566799999999999926e+01
1.335405999999999949e+03 1.817818999999999960e+03 1.167699999999999960e+01
1.458074000000000069e+03 1.830766000000000076e+03 1.163599999999999923e+01
1.885287000000000035e+03 1.851617999999999938e+03 1.214400000000000013e+01
1.691851000000000113e+03 1.856121000000000095e+03 1.047600000000000087e+01
2.023085000000000036e+03 1.858369999999999891e+03 1.137599999999999945e+01
1.505298000000000002e+03 1.859512999999999920e+03 1.191699999999999982e+01
1.571595000000000027e+03 1.858840999999999894e+03 1.291399999999999970e+01
1.958874000000000024e+03 1.864442999999999984e+03 1.285200000000000031e+01
1.857328999999999951e+03 1.869432000000000016e+03 1.295800000000000018e+01
1.824473999999999933e+03 1.875076000000000022e+03 1.196299999999999919e+01
1.427977000000000089e+03 1.879123000000000047e+03 1.055499999999999972e+01
1.775000999999999976e+03 1.884881000000000085e+03 1.117200000000000060e+01
2.016977000000000089e+03 1.885424999999999955e+03 9.260999999999999233e+00
1.338284000000000106e+03 1.891580999999999904e+03 8.474999999999999645e+00
1.758961000000000013e+03 1.893642000000000053e+03 9.664999999999999147e+00
1.730755000000000109e+03 1.895881000000000085e+03 1.315600000000000058e+01
1.702924999999999955e+03 1.901223999999999933e+03 1.103999999999999915e+01
1.688193999999999960e+03 1.910967000000000098e+03 1.408300000000000018e+01
1.394699000000000069e+03 1.922797000000000025e+03 1.486200000000000010e+01
1.938433999999999969e+03 1.922509000000000015e+03 6.985000000000000320e+00
1.378398999999999887e+03 1.931541999999999916e+03 9.336999999999999744e+00
1.469346000000000004e+03 1.944227000000000089e+03 1.514400000000000013e+01
1.574866999999999962e+03 1.940791999999999916e+03 8.077999999999999403e+00
1.395116999999999962e+03 1.943698000000000093e+03 1.250799999999999912e+01
1.770513999999999896e+03 1.942686999999999898e+03 1.058699999999999974e+01
1.843521999999999935e+03 1.948134999999999991e+03 9.398999999999999133e+00
1.790797000000000025e+03 1.961759999999999991e+03 1.051099999999999923e+01
1.776334000000000060e+03 1.978119999999999891e+03 6.291999999999999815e+00
1.652056000000000040e+03 1.976968000000000075e+03 1.508000000000000007e+01
1.420809999999999945e+03 1.990451999999999998e+03 9.941000000000000725e+00
1.351352000000000089e+03 1.993837999999999965e+03 8.836999999999999744e+00
1.959492999999999938e+03 1.993794000000000096e+03 1.195100000000000051e+01
2.018136999999999944e+03 1.996355999999999995e+03 1.230799999999999983e+01
1.373479000000000042e+03 2.006277000000000044e+03 8.339999999999999858e+00
1.321271999999999935e+03 2.015493999999999915e+03 1.413599999999999923e+01
1.489348999999999933e+03 2.017826000000000022e+03 1.269299999999999962e+01
1.511449000000000069e+03 2.020682000000000016e+03 9.455999999999999517e+00
1.444755000000000109e+03 2.034358999999999924e+03 1.334200000000000053e+01
