# File generated by CMD 3.1 (http://stev.oapd.inaf.it/cmd) on Wed Dec 12 18:00:16 CET 2018
# isochrones PARSEC release v1.2S + COLIBRI release PR16, as in Marigo et al. 2017
# Basic reference: Marigo et al. (2017), ApJ, 835, 77
# Photometric system: <i>UBVRIJHK</i> (cf. Maiz-Apellaniz 2006 + Bessell 1990)
# O-rich circumstellar dust ignored
# C-rich circumstellar dust ignored
# Kind of output: isochrone tables
# Zini  Age      Mini            Mass   logL    logTe  logg  label   McoreTP C_O  period0 period1 pmode  Mloss  tau1m   X   Y   Xc  Xn  Xo  Cexcess  Z 	 mbolmag  Umag    Bmag    Vmag    Rmag    Imag    Jmag    Hmag    Kmag
0.00970 1.00e+06 0.0900000036    0.090 -1.242  3.4590  3.422    0  0.000  0.545     0.00     0.00 -1 -4.72e-14      0.00 7.238e-01 2.665e-01 1.749e-03 4.719e-04 4.280e-03 -1.000 9.727e-03 7.875 12.470 12.282 11.381 9.789 7.842 5.870 5.266 5.021
0.00970 1.00e+06 0.1000000015    0.100 -1.162  3.4648  3.411    0  0.000  0.545     0.00     0.00 -1 -5.45e-14      0.00 7.238e-01 2.665e-01 1.749e-03 4.719e-04 4.280e-03 -1.000 9.727e-03 7.674 12.200 11.979 11.068 9.518 7.607 5.680 5.066 4.833
0.00970 1.00e+06 0.1200000048    0.120 -0.998  3.4764  3.372    0  0.000  0.545     0.00     0.00 -1 -7.59e-14      0.00 7.238e-01 2.665e-01 1.749e-03 4.719e-04 4.280e-03 -1.000 9.727e-03 7.264 11.659 11.375 10.454 8.981 7.135 5.291 4.651 4.442
0.00970 1.00e+06 0.1263710707    0.126 -0.953  3.4798  3.363    0  0.000  0.545     0.00     0.00 -1 -8.29e-14      0.00 7.238e-01 2.665e-01 1.749e-03 4.719e-04 4.280e-03 -1.000 9.727e-03 7.152 11.513 11.209 10.285 8.834 7.006 5.186 4.537 4.334
0.00970 1.00e+06 0.1400000006    0.140 -0.859  3.4866  3.341    0  0.000  0.545     0.00     0.00 -1    -1e-13      0.00 7.238e-01 2.665e-01 1.749e-03 4.719e-04 4.280e-03 -1.000 9.727e-03 6.917 11.211 10.867 9.939 8.530 6.740 4.967 4.298 4.108
0.00970 1.00e+06 0.1523713171    0.152 -0.786  3.4924  3.329    0  0.000  0.545     0.00     0.00 -1 -1.15e-13      0.00 7.238e-01 2.665e-01 1.749e-03 4.719e-04 4.280e-03 -1.000 9.727e-03 6.736 10.983 10.601 9.664 8.291 6.535 4.801 4.114 3.931
0.00970 1.00e+06 0.1607976705    0.161 -0.742  3.4959  3.322    0  0.000  0.545     0.00     0.00 -1 -1.25e-13      0.00 7.238e-01 2.665e-01 1.749e-03 4.719e-04 4.280e-03 -1.000 9.727e-03 6.625 10.843 10.437 9.495 8.144 6.409 4.699 4.001 3.823
0.00970 1.00e+06 0.1654071957    0.165 -0.736  3.4970  3.332    0  0.000  0.545     0.00     0.00 -1 -1.24e-13      0.00 7.238e-01 2.665e-01 1.749e-03 4.719e-04 4.280e-03 -1.000 9.728e-03 6.610 10.817 10.401 9.453 8.112 6.386 4.688 3.988 3.811
0.00970 1.00e+06 0.1693210006    0.169 -0.724  3.4983  3.336    0  0.000  0.545     0.00     0.00 -1 -1.25e-13      0.00 7.238e-01 2.665e-01 1.749e-03 4.719e-04 4.280e-03 -1.000 9.728e-03 6.579 10.774 10.349 9.396 8.065 6.349 4.661 3.958 3.782
0.00970 1.00e+06 0.1742882878    0.174 -0.701  3.5004  3.334    0  0.000  0.545     0.00     0.00 -1  -1.3e-13      0.00 7.238e-01 2.665e-01 1.749e-03 4.719e-04 4.280e-03 -1.000 9.730e-03 6.523 10.702 10.261 9.305 7.986 6.284 4.611 3.902 3.728
0.00970 1.00e+06 0.1823046505    0.182 -0.656  3.5041  3.324    0  0.000  0.545     0.00     0.00 -1 -1.43e-13      0.00 7.238e-01 2.665e-01 1.749e-03 4.719e-04 4.280e-03 -1.000 9.729e-03 6.411 10.565 10.098 9.133 7.836 6.159 4.510 3.789 3.618
0.00970 1.00e+06 0.1933874339    0.193 -0.594  3.5090  3.306    0  0.000  0.545     0.00     0.00 -1 -1.64e-13      0.00 7.238e-01 2.665e-01 1.749e-03 4.719e-04 4.280e-03 -1.000 9.727e-03 6.254 10.378 9.874 8.898 7.630 5.986 4.369 3.629 3.464
0.00970 1.00e+06 0.2015884221    0.202 -0.559  3.5119  3.301    0  0.000  0.545     0.00     0.00 -1 -1.75e-13      0.00 7.238e-01 2.665e-01 1.749e-03 4.719e-04 4.280e-03 -1.000 9.727e-03 6.167 10.272 9.745 8.760 7.511 5.889 4.292 3.542 3.379
0.00970 1.00e+06 0.2097871602    0.210 -0.568  3.5127  3.330    0  0.000  0.545     0.00     0.00 -1 -1.62e-13      0.00 7.238e-01 2.665e-01 1.749e-03 4.719e-04 4.280e-03 -1.000 9.727e-03 6.189 10.281 9.744 8.752 7.512 5.901 4.317 3.571 3.406
0.00970 1.00e+06 0.2178267390    0.218 -0.566  3.5142  3.351    0  0.000  0.545     0.00     0.00 -1 -1.56e-13      0.00 7.238e-01 2.665e-01 1.749e-03 4.719e-04 4.280e-03 -1.000 9.727e-03 6.184 10.260 9.709 8.708 7.481 5.885 4.317 3.570 3.406
0.00970 1.00e+06 0.2256684005    0.226 -0.551  3.5165  3.361    0  0.000  0.545     0.00     0.00 -1 -1.57e-13      0.00 7.238e-01 2.665e-01 1.749e-03 4.719e-04 4.280e-03 -1.000 9.727e-03 6.148 10.207 9.636 8.624 7.412 5.839 4.290 3.539 3.374
0.00970 1.00e+06 0.2332906723    0.233 -0.524  3.5194  3.359    0  0.000  0.545     0.00     0.00 -1 -1.65e-13      0.00 7.238e-01 2.665e-01 1.749e-03 4.719e-04 4.280e-03 -1.000 9.728e-03 6.079 10.119 9.523 8.499 7.305 5.759 4.231 3.471 3.309
0.00970 1.00e+06 0.2394123673    0.239 -0.493  3.5221  3.351    0  0.000  0.545     0.00     0.00 -1 -1.76e-13      0.00 7.238e-01 2.665e-01 1.749e-03 4.719e-04 4.280e-03 -1.000 9.730e-03 6.004 10.028 9.409 8.375 7.198 5.674 4.165 3.397 3.236
0.00970 1.00e+06 0.2463228554    0.246 -0.452  3.5256  3.336    0  0.000  0.545     0.00     0.00 -1 -1.94e-13      0.00 7.238e-01 2.665e-01 1.749e-03 4.719e-04 4.280e-03 -1.000 9.732e-03 5.900 9.907 9.258 8.212 7.055 5.560 4.074 3.293 3.135
0.00970 1.00e+06 0.2602029443    0.260 -0.429  3.5288  3.349    0  0.000  0.545     0.00     0.00 -1 -1.97e-13      0.00 7.238e-01 2.665e-01 1.749e-03 4.719e-04 4.280e-03 -1.000 9.730e-03 5.842 9.824 9.147 8.086 6.950 5.487 4.028 3.241 3.083
0.00970 1.00e+06 0.2730950713    0.273 -0.433  3.5305  3.382    0  0.000  0.545     0.00     0.00 -1 -1.83e-13      0.00 7.238e-01 2.665e-01 1.749e-03 4.719e-04 4.280e-03 -1.000 9.727e-03 5.853 9.815 9.122 8.051 6.927 5.487 4.046 3.261 3.103
0.00970 1.00e+06 0.2857054472    0.286 -0.432  3.5328  3.409    0  0.000  0.545     0.00     0.00 -1 -1.74e-13      0.00 7.238e-01 2.665e-01 1.749e-03 4.719e-04 4.280e-03 -1.000 9.727e-03 5.850 9.788 9.074 7.991 6.883 5.471 4.051 3.266 3.107
0.00970 1.00e+06 0.2979738116    0.298 -0.416  3.5361  3.425    0  0.000  0.545     0.00     0.00 -1 -1.73e-13      0.00 7.238e-01 2.665e-01 1.749e-03 4.719e-04 4.280e-03 -1.000 9.727e-03 5.810 9.723 8.979 7.881 6.794 5.417 4.025 3.233 3.076
0.00970 1.00e+06 0.3150421083    0.315 -0.390  3.5405  3.440    0  0.000  0.545     0.00     0.00 -1 -1.76e-13      0.00 7.238e-01 2.665e-01 1.749e-03 4.719e-04 4.280e-03 -1.000 9.727e-03 5.745 9.625 8.844 7.727 6.667 5.335 3.977 3.177 3.021
0.00970 1.00e+06 0.3350998461    0.335 -0.372  3.5447  3.466    0  0.000  0.545     0.00     0.00 -1 -1.73e-13      0.00 7.238e-01 2.665e-01 1.749e-03 4.719e-04 4.280e-03 -1.000 9.728e-03 5.699 9.541 8.726 7.594 6.557 5.271 3.946 3.141 2.987
0.00970 1.00e+06 0.3649349511    0.365 -0.344  3.5512  3.502    0  0.000  0.545     0.00     0.00 -1 -1.69e-13      0.00 7.238e-01 2.665e-01 1.749e-03 4.719e-04 4.280e-03 -1.000 9.727e-03 5.631 9.415 8.549 7.395 6.395 5.180 3.904 3.089 2.939
0.00970 1.00e+06 0.3967782557    0.397 -0.307  3.5586  3.530    0  0.000  0.545     0.00     0.00 -1 -1.71e-13      0.00 7.238e-01 2.665e-01 1.749e-03 4.719e-04 4.280e-03 -1.000 9.727e-03 5.538 9.291 8.345 7.154 6.189 5.057 3.839 3.026 2.876
0.00970 1.00e+06 0.4000000358    0.400 -0.304  3.5593  3.533    0  0.000  0.545     0.00     0.00 -1 -1.71e-13      0.00 7.238e-01 2.665e-01 1.749e-03 4.719e-04 4.280e-03 -1.000 9.727e-03 5.530 9.279 8.327 7.132 6.170 5.046 3.834 3.021 2.871
0.00970 1.00e+06 0.4418309927    0.442 -0.246  3.5699  3.561    0  0.000  0.545     0.00     0.00 -1  -1.8e-13      0.00 7.238e-01 2.665e-01 1.749e-03 4.719e-04 4.280e-03 -1.000 9.727e-03 5.386 9.055 8.026 6.801 5.883 4.869 3.728 2.920 2.771
0.00970 1.00e+06 0.4500000179    0.450 -0.236  3.5718  3.566    0  0.000  0.545     0.00     0.00 -1 -1.81e-13      0.00 7.238e-01 2.665e-01 1.749e-03 4.719e-04 4.280e-03 -1.000 9.727e-03 5.360 9.011 7.976 6.748 5.836 4.838 3.707 2.903 2.754
0.00970 1.00e+06 0.4789183140    0.479 -0.195  3.5791  3.582    0  0.000  0.545     0.00     0.00 -1  -1.9e-13      0.00 7.238e-01 2.665e-01 1.749e-03 4.719e-04 4.280e-03 -1.000 9.727e-03 5.258 8.833 7.782 6.550 5.660 4.719 3.622 2.828 2.682
0.00970 1.00e+06 0.5000000000    0.500 -0.168  3.5841  3.593    0  0.000  0.545     0.00     0.00 -1 -1.95e-13      0.00 7.238e-01 2.665e-01 1.749e-03 4.719e-04 4.280e-03 -1.000 9.727e-03 5.190 8.713 7.655 6.422 5.546 4.640 3.565 2.777 2.633
0.00970 1.00e+06 0.5087450743    0.509 -0.156  3.5859  3.597    0  0.000  0.545     0.00     0.00 -1 -1.98e-13      0.00 7.238e-01 2.665e-01 1.749e-03 4.719e-04 4.280e-03 -1.000 9.727e-03 5.161 8.654 7.598 6.366 5.498 4.609 3.543 2.755 2.613
0.00970 1.00e+06 0.5233314037    0.523 -0.137  3.5892  3.602    0  0.000  0.545     0.00     0.00 -1 -2.03e-13      0.00 7.238e-01 2.665e-01 1.749e-03 4.719e-04 4.280e-03 -1.000 9.727e-03 5.112 8.547 7.494 6.267 5.412 4.555 3.505 2.717 2.579
0.00970 1.00e+06 0.5387512445    0.539 -0.116  3.5930  3.609    0  0.000  0.545     0.00     0.00 -1 -2.08e-13      0.00 7.238e-01 2.665e-01 1.749e-03 4.719e-04 4.280e-03 -1.000 9.727e-03 5.060 8.429 7.381 6.158 5.319 4.499 3.468 2.678 2.545
0.00970 1.00e+06 0.5500000119    0.550 -0.101  3.5958  3.615    0  0.000  0.545     0.00     0.00 -1 -2.11e-13      0.00 7.238e-01 2.665e-01 1.749e-03 4.719e-04 4.280e-03 -1.000 9.727e-03 5.024 8.341 7.296 6.078 5.251 4.460 3.443 2.650 2.521
0.00970 1.00e+06 0.5618028641    0.562 -0.087  3.5982  3.619    0  0.000  0.545     0.00     0.00 -1 -2.15e-13      0.00 7.238e-01 2.665e-01 1.749e-03 4.719e-04 4.280e-03 -1.000 9.727e-03 4.987 8.260 7.219 6.005 5.188 4.421 3.415 2.620 2.496
0.00970 1.00e+06 0.5810546875    0.581 -0.063  3.6023  3.626    0  0.000  0.545     0.00     0.00 -1 -2.22e-13      0.00 7.238e-01 2.665e-01 1.749e-03 4.719e-04 4.280e-03 -1.000 9.727e-03 4.926 8.138 7.108 5.899 5.095 4.353 3.366 2.579 2.457
0.00970 1.00e+06 0.6000000238    0.600 -0.039  3.6066  3.633    0  0.000  0.545     0.00     0.00 -1 -2.29e-13      0.00 7.238e-01 2.665e-01 1.749e-03 4.719e-04 4.280e-03 -1.000 9.727e-03 4.868 8.017 6.996 5.793 5.002 4.287 3.319 2.540 2.421
0.00970 1.00e+06 0.6021472216    0.602 -0.037  3.6070  3.634    0  0.000  0.545     0.00     0.00 -1 -2.29e-13      0.00 7.238e-01 2.665e-01 1.749e-03 4.719e-04 4.280e-03 -1.000 9.727e-03 4.862 8.005 6.985 5.783 4.993 4.281 3.314 2.536 2.417
0.00970 1.00e+06 0.6262449026    0.626 -0.008  3.6118  3.641    0  0.000  0.545     0.00     0.00 -1 -2.39e-13      0.00 7.238e-01 2.665e-01 1.749e-03 4.719e-04 4.280e-03 -1.000 9.727e-03 4.789 7.862 6.854 5.658 4.883 4.200 3.254 2.485 2.369
0.00970 1.00e+06 0.6499999762    0.650  0.021  3.6167  3.649    0  0.000  0.545     0.00     0.00 -1 -2.48e-13      0.00 7.238e-01 2.665e-01 1.749e-03 4.719e-04 4.280e-03 -1.000 9.727e-03 4.719 7.712 6.725 5.541 4.781 4.122 3.196 2.438 2.326
0.00970 1.00e+06 0.6513735652    0.652  0.022  3.6169  3.650    0  0.000  0.545     0.00     0.00 -1 -2.48e-13      0.00 7.238e-01 2.665e-01 1.749e-03 4.719e-04 4.280e-03 -1.000 9.727e-03 4.715 7.705 6.718 5.535 4.776 4.118 3.193 2.435 2.323
0.00970 1.00e+06 0.6730595827    0.673  0.047  3.6207  3.654    0  0.000  0.545     0.00     0.00 -1 -2.57e-13      0.00 7.238e-01 2.665e-01 1.749e-03 4.719e-04 4.280e-03 -1.000 9.727e-03 4.652 7.580 6.610 5.436 4.689 4.049 3.139 2.390 2.281
0.00970 1.00e+06 0.6957963109    0.696  0.073  3.6251  3.660    0  0.000  0.545     0.00     0.00 -1 -2.67e-13      0.00 7.238e-01 2.665e-01 1.749e-03 4.719e-04 4.280e-03 -1.000 9.727e-03 4.587 7.443 6.492 5.329 4.596 3.977 3.085 2.345 2.240
0.00970 1.00e+06 0.7000000477    0.700  0.078  3.6260  3.661    0  0.000  0.545     0.00     0.00 -1 -2.69e-13      0.00 7.238e-01 2.665e-01 1.749e-03 4.719e-04 4.280e-03 -1.000 9.727e-03 4.575 7.417 6.470 5.308 4.578 3.964 3.074 2.337 2.232
0.00970 1.00e+06 0.7500000000    0.750  0.152  3.6440  3.689    0  0.000  0.537     0.00     0.00 -1 -2.99e-13      0.00 7.238e-01 2.665e-01 1.726e-03 4.713e-04 4.281e-03 -1.000 9.727e-03 4.389 6.925 6.080 4.975 4.303 3.745 2.928 2.245 2.154
0.00970 1.00e+06 0.7590005398    0.759  0.159  3.6450  3.691    0  0.000  0.537     0.00     0.00 -1 -3.01e-13      0.00 7.238e-01 2.665e-01 1.726e-03 4.713e-04 4.281e-03 -1.000 9.727e-03 4.372 6.890 6.051 4.949 4.281 3.725 2.912 2.233 2.143
0.00970 1.00e+06 0.7895495892    0.790  0.186  3.6485  3.695    0  0.000  0.537     0.00     0.00 -1 -3.13e-13      0.00 7.238e-01 2.665e-01 1.726e-03 4.713e-04 4.281e-03 -1.000 9.727e-03 4.304 6.763 5.945 4.855 4.197 3.652 2.852 2.184 2.096
0.00970 1.00e+06 0.7996897697    0.800  0.196  3.6496  3.695    0  0.000  0.537     0.00     0.00 -1 -3.18e-13      0.00 7.238e-01 2.665e-01 1.726e-03 4.713e-04 4.281e-03 -1.000 9.727e-03 4.280 6.719 5.907 4.821 4.168 3.625 2.830 2.166 2.079
0.00970 1.00e+06 0.8333112001    0.833  0.224  3.6531  3.699    0  0.000  0.537     0.00     0.00 -1 -3.31e-13      0.00 7.238e-01 2.665e-01 1.726e-03 4.713e-04 4.281e-03 -1.000 9.727e-03 4.209 6.588 5.798 4.724 4.082 3.549 2.768 2.115 2.031
0.00970 1.00e+06 0.8493795395    0.849  0.237  3.6548  3.702    0  0.000  0.537     0.00     0.00 -1 -3.36e-13      0.00 7.238e-01 2.665e-01 1.726e-03 4.713e-04 4.281e-03 -1.000 9.727e-03 4.178 6.528 5.749 4.680 4.043 3.515 2.740 2.093 2.010
0.00970 1.00e+06 0.8520723581    0.852  0.239  3.6551  3.702    0  0.000  0.537     0.00     0.00 -1 -3.37e-13      0.00 7.238e-01 2.665e-01 1.726e-03 4.713e-04 4.281e-03 -1.000 9.727e-03 4.173 6.519 5.741 4.673 4.038 3.510 2.736 2.089 2.007
0.00970 1.00e+06 0.8990693092    0.899  0.278  3.6597  3.704    0  0.000  0.537     0.00     0.00 -1 -3.58e-13      0.00 7.238e-01 2.665e-01 1.726e-03 4.713e-04 4.281e-03 -1.000 9.727e-03 4.075 6.348 5.598 4.545 3.924 3.406 2.649 2.018 1.938
0.00970 1.00e+06 0.9122045040    0.912  0.287  3.6608  3.706    0  0.000  0.537     0.00     0.00 -1 -3.62e-13      0.00 7.238e-01 2.665e-01 1.726e-03 4.713e-04 4.281e-03 -1.000 9.727e-03 4.053 6.308 5.564 4.515 3.897 3.383 2.630 2.002 1.924
0.00970 1.00e+06 0.9487590790    0.949  0.314  3.6641  3.709    0  0.000  0.537     0.00     0.00 -1 -3.77e-13      0.00 7.238e-01 2.665e-01 1.726e-03 4.713e-04 4.281e-03 -1.000 9.727e-03 3.985 6.187 5.464 4.425 3.818 3.310 2.570 1.953 1.877
0.00970 1.00e+06 0.9686711431    0.969  0.327  3.6658  3.712    0  0.000  0.537     0.00     0.00 -1 -3.83e-13      0.00 7.238e-01 2.665e-01 1.726e-03 4.713e-04 4.281e-03 -1.000 9.727e-03 3.952 6.128 5.414 4.381 3.779 3.275 2.541 1.930 1.855
0.00970 1.00e+06 0.9984488487    0.999  0.349  3.6683  3.713    0  0.000  0.537     0.00     0.00 -1 -3.97e-13      0.00 7.238e-01 2.665e-01 1.726e-03 4.713e-04 4.281e-03 -1.000 9.727e-03 3.897 6.032 5.334 4.310 3.715 3.217 2.493 1.890 1.816
0.00970 1.00e+06 1.0303051472    1.030  0.370  3.6708  3.716    0  0.000  0.537     0.00     0.00 -1  -3.9e-13      0.00 7.238e-01 2.665e-01 1.726e-03 4.713e-04 4.281e-03 -1.000 9.727e-03 3.845 5.941 5.259 4.243 3.656 3.163 2.448 1.853 1.781
0.00970 1.00e+06 1.0481386185    1.048  0.382  3.6722  3.717    0  0.000  0.537     0.00     0.00 -1 -3.87e-13      0.00 7.238e-01 2.665e-01 1.726e-03 4.713e-04 4.281e-03 -1.000 9.727e-03 3.814 5.888 5.215 4.204 3.622 3.132 2.421 1.831 1.759
0.00970 1.00e+06 1.0955646038    1.095  0.412  3.6756  3.719    0  0.000  0.537     0.00     0.00 -1 -3.75e-13      0.00 7.238e-01 2.665e-01 1.726e-03 4.713e-04 4.281e-03 -1.000 9.727e-03 3.739 5.758 5.108 4.109 3.536 3.053 2.355 1.776 1.707
0.00970 1.00e+06 1.0978283882    1.097  0.414  3.6757  3.719    0  0.000  0.537     0.00     0.00 -1 -3.75e-13      0.00 7.238e-01 2.665e-01 1.726e-03 4.713e-04 4.281e-03 -1.000 9.727e-03 3.735 5.752 5.102 4.104 3.532 3.049 2.352 1.773 1.704
0.00970 1.00e+06 1.1475181580    1.147  0.445  3.6791  3.721    0  0.000  0.537     0.00     0.00 -1  -3.6e-13      0.00 7.238e-01 2.665e-01 1.726e-03 4.713e-04 4.281e-03 -1.000 9.727e-03 3.658 5.621 4.994 4.007 3.445 2.970 2.285 1.717 1.650
0.00970 1.00e+06 1.1794259548    1.179  0.463  3.6811  3.723    0  0.000  0.537     0.00     0.00 -1 -3.48e-13      0.00 7.238e-01 2.665e-01 1.726e-03 4.713e-04 4.281e-03 -1.000 9.727e-03 3.612 5.542 4.928 3.949 3.392 2.922 2.244 1.683 1.617
0.00970 1.00e+06 1.1972079277    1.197  0.473  3.6823  3.724    0  0.000  0.537     0.00     0.00 -1 -3.42e-13      0.00 7.238e-01 2.665e-01 1.726e-03 4.713e-04 4.281e-03 -1.000 9.727e-03 3.587 5.498 4.892 3.917 3.364 2.896 2.222 1.665 1.599
0.00970 1.00e+06 1.2468976974    1.247  0.502  3.6852  3.724    0  0.000  0.537     0.00     0.00 -1 -3.22e-13      0.00 7.238e-01 2.665e-01 1.726e-03 4.713e-04 4.281e-03 -1.000 9.727e-03 3.514 5.379 4.794 3.830 3.285 2.822 2.159 1.611 1.547
0.00970 1.00e+06 1.2917529345    1.292  0.527  3.6877  3.725    0  0.000  0.537     0.00     0.00 -1 -3.01e-13      0.00 7.238e-01 2.665e-01 1.726e-03 4.713e-04 4.281e-03 -1.000 9.727e-03 3.453 5.276 4.710 3.756 3.218 2.760 2.105 1.565 1.502
0.00970 1.00e+06 1.2965873480    1.297  0.530  3.6880  3.725    0  0.000  0.537     0.00     0.00 -1 -2.99e-13      0.00 7.238e-01 2.665e-01 1.726e-03 4.713e-04 4.281e-03 -1.000 9.727e-03 3.446 5.265 4.701 3.747 3.210 2.753 2.099 1.560 1.497
0.00970 1.00e+06 1.3462773561    1.347  0.555  3.6907  3.727    0  0.000  0.537     0.00     0.00 -1 -2.73e-13      0.00 7.238e-01 2.665e-01 1.726e-03 4.713e-04 4.281e-03 -1.000 9.727e-03 3.382 5.158 4.613 3.670 3.140 2.688 2.043 1.512 1.451
0.00970 1.00e+06 1.3959670067    1.396  0.579  3.6932  3.729    0  0.000  0.537     0.00     0.00 -1 -2.42e-13      0.00 7.238e-01 2.665e-01 1.726e-03 4.713e-04 4.281e-03 -1.000 9.727e-03 3.323 5.058 4.532 3.599 3.076 2.629 1.993 1.470 1.410
0.00970 1.00e+06 1.4054609537    1.406  0.583  3.6937  3.730    0  0.000  0.537     0.00     0.00 -1 -2.35e-13      0.00 7.238e-01 2.665e-01 1.726e-03 4.713e-04 4.281e-03 -1.000 9.727e-03 3.312 5.040 4.517 3.586 3.064 2.618 1.984 1.462 1.402
0.00970 1.00e+06 1.4456568956    1.446  0.603  3.6956  3.729    0  0.000  0.537     0.00     0.00 -1  -2.1e-13      0.00 7.238e-01 2.665e-01 1.726e-03 4.713e-04 4.281e-03 -1.000 9.727e-03 3.262 4.958 4.450 3.526 3.009 2.566 1.939 1.424 1.365
0.00970 1.00e+06 1.4953466654    1.496  0.628  3.6979  3.728    0  0.000  0.537     0.00     0.00 -1 -1.77e-13      0.00 7.238e-01 2.665e-01 1.726e-03 4.713e-04 4.281e-03 -1.000 9.727e-03 3.199 4.859 4.368 3.453 2.942 2.504 1.884 1.376 1.317
0.00970 1.00e+06 1.5450363159    1.545  0.650  3.7001  3.729    0  0.000  0.537     0.00     0.00 -1 -1.38e-13      0.00 7.238e-01 2.665e-01 1.726e-03 4.713e-04 4.281e-03 -1.000 9.727e-03 3.144 4.769 4.295 3.390 2.884 2.449 1.838 1.335 1.278
0.00970 1.00e+06 1.5692713261    1.569  0.661  3.7012  3.730    0  0.000  0.537     0.00     0.00 -1 -1.16e-13      0.00 7.238e-01 2.665e-01 1.726e-03 4.713e-04 4.281e-03 -1.000 9.727e-03 3.118 4.727 4.260 3.360 2.856 2.424 1.816 1.317 1.260
0.00970 1.00e+06 1.5947260857    1.595  0.674  3.7023  3.728    0  0.000  0.537     0.00     0.00 -1  -9.7e-14      0.00 7.238e-01 2.665e-01 1.726e-03 4.713e-04 4.281e-03 -1.000 9.727e-03 3.085 4.676 4.218 3.322 2.821 2.391 1.786 1.290 1.234
0.00970 1.00e+06 1.6444157362    1.644  0.696  3.7043  3.728    0  0.000  0.537     0.00     0.00 -1  -5.2e-14      0.00 7.238e-01 2.665e-01 1.726e-03 4.713e-04 4.281e-03 -1.000 9.727e-03 3.031 4.590 4.147 3.260 2.764 2.337 1.739 1.249 1.194
0.00970 1.00e+06 1.6941056252    1.694  0.717  3.7063  3.727    0  0.000  0.537     0.00     0.00 -1 -9.31e-29      0.00 7.238e-01 2.665e-01 1.726e-03 4.713e-04 4.281e-03 -1.000 9.727e-03 2.977 4.504 4.077 3.198 2.707 2.284 1.693 1.208 1.154
0.00970 1.00e+06 1.7437953949    1.743  0.738  3.7082  3.726    0  0.000  0.537     0.00     0.00 -1    -1e-30      0.00 7.238e-01 2.665e-01 1.726e-03 4.713e-04 4.281e-03 -1.000 9.727e-03 2.924 4.421 4.008 3.137 2.651 2.231 1.646 1.168 1.114
0.00970 1.00e+06 1.7934851646    1.793  0.760  3.7101  3.724    0  0.000  0.537     0.00     0.00 -1    -1e-30      0.00 7.238e-01 2.665e-01 1.726e-03 4.713e-04 4.281e-03 -1.000 9.727e-03 2.871 4.338 3.940 3.077 2.595 2.179 1.600 1.127 1.074
0.00970 1.00e+06 1.8431749344    1.842  0.780  3.7119  3.723    0  0.000  0.537     0.00     0.00 -1    -1e-30      0.00 7.238e-01 2.665e-01 1.726e-03 4.713e-04 4.281e-03 -1.000 9.727e-03 2.819 4.259 3.873 3.018 2.541 2.127 1.555 1.087 1.034
0.00970 1.00e+06 1.8948794603    1.894  0.802  3.7138  3.720    0  0.000  0.537     0.00     0.00 -1    -1e-30      0.00 7.238e-01 2.665e-01 1.726e-03 4.713e-04 4.281e-03 -1.000 9.727e-03 2.764 4.176 3.804 2.957 2.484 2.074 1.507 1.044 0.992
0.00970 1.00e+06 1.9270395041    1.927  0.814  3.7149  3.720    0  0.000  0.537     0.00     0.00 -1    -1e-30      0.00 7.238e-01 2.665e-01 1.726e-03 4.713e-04 4.281e-03 -1.000 9.727e-03 2.735 4.130 3.766 2.924 2.454 2.045 1.482 1.022 0.971
0.00970 1.00e+06 1.9465835094    1.946  0.823  3.7156  3.719    0  0.000  0.537     0.00     0.00 -1    -1e-30      0.00 7.238e-01 2.665e-01 1.726e-03 4.713e-04 4.281e-03 -1.000 9.727e-03 2.713 4.098 3.739 2.900 2.431 2.024 1.463 1.005 0.954
0.00970 1.00e+06 1.9982879162    1.999  0.844  3.7174  3.716    0  0.000  0.537     0.00     0.00 -1    -1e-30      0.00 7.238e-01 2.665e-01 1.726e-03 4.713e-04 4.281e-03 -1.000 9.727e-03 2.660 4.017 3.671 2.840 2.375 1.971 1.416 0.963 0.913
0.00970 1.00e+06 1.9990268946    1.999  0.844  3.7174  3.716    0  0.000  0.537     0.00     0.00 -1    -1e-30      0.00 7.238e-01 2.665e-01 1.726e-03 4.713e-04 4.281e-03 -1.000 9.727e-03 2.659 4.016 3.670 2.840 2.375 1.971 1.415 0.963 0.912
0.00970 1.00e+06 2.0499920845    2.050  0.865  3.7191  3.713    0  0.000  0.537     0.00     0.00 -1    -1e-30      0.00 7.238e-01 2.665e-01 1.726e-03 4.713e-04 4.281e-03 -1.000 9.727e-03 2.607 3.937 3.604 2.781 2.320 1.919 1.369 0.922 0.872
0.00970 1.00e+06 2.1016964912    2.101  0.887  3.7209  3.709    0  0.000  0.537     0.00     0.00 -1    -1e-30      0.00 7.238e-01 2.665e-01 1.726e-03 4.713e-04 4.281e-03 -1.000 9.727e-03 2.552 3.857 3.536 2.721 2.264 1.866 1.322 0.879 0.830
0.00970 1.00e+06 2.1093220711    2.109  0.890  3.7211  3.709    0  0.000  0.537     0.00     0.00 -1    -1e-30      0.00 7.238e-01 2.665e-01 1.726e-03 4.713e-04 4.281e-03 -1.000 9.727e-03 2.546 3.847 3.528 2.714 2.257 1.859 1.316 0.874 0.825
0.00970 1.00e+06 2.1534006596    2.152  0.908  3.7226  3.705    0  0.000  0.537     0.00     0.00 -1    -1e-30      0.00 7.238e-01 2.665e-01 1.726e-03 4.713e-04 4.281e-03 -1.000 9.727e-03 2.499 3.778 3.470 2.662 2.209 1.814 1.275 0.837 0.789
0.00970 1.00e+06 2.2051050663    2.204  0.932  3.7243  3.698    0  0.000  0.537     0.00     0.00 -1    -1e-30      0.00 7.238e-01 2.665e-01 1.726e-03 4.713e-04 4.281e-03 -1.000 9.727e-03 2.439 3.692 3.396 2.596 2.147 1.755 1.222 0.788 0.740
0.00970 1.00e+06 2.2568092346    2.256  0.952  3.7260  3.696    0  0.000  0.537     0.00     0.00 -1    -1e-30      0.00 7.238e-01 2.665e-01 1.726e-03 4.713e-04 4.281e-03 -1.000 9.727e-03 2.391 3.620 3.335 2.543 2.097 1.708 1.180 0.751 0.704
0.00970 1.00e+06 2.3002738953    2.299  0.968  3.7274  3.693    0  0.000  0.537     0.00     0.00 -1    -1e-30      0.00 7.238e-01 2.665e-01 1.726e-03 4.713e-04 4.281e-03 -1.000 9.727e-03 2.349 3.559 3.284 2.498 2.055 1.668 1.144 0.719 0.672
0.00970 1.00e+06 2.3085136414    2.307  0.972  3.7277  3.692    0  0.000  0.537     0.00     0.00 -1    -1e-30      0.00 7.238e-01 2.665e-01 1.726e-03 4.713e-04 4.281e-03 -1.000 9.727e-03 2.339 3.546 3.272 2.487 2.045 1.658 1.136 0.711 0.664
0.00970 1.00e+06 2.3602178097    2.359  0.998  3.7294  3.682    0  0.000  0.537     0.00     0.00 -1    -1e-30      0.00 7.238e-01 2.665e-01 1.726e-03 4.713e-04 4.281e-03 -1.000 9.727e-03 2.274 3.456 3.194 2.417 1.979 1.595 1.078 0.658 0.611
0.00970 1.00e+06 2.4119219780    2.411  1.022  3.7312  3.675    0  0.000  0.538     0.00     0.00 -1    -1e-30      0.00 7.238e-01 2.665e-01 1.726e-03 4.713e-04 4.281e-03 -1.000 9.727e-03 2.214 3.370 3.120 2.352 1.917 1.536 1.024 0.609 0.563
0.00970 1.00e+06 2.4636263847    2.462  1.043  3.7331  3.671    0  0.000  0.538     0.00     0.00 -1    -1e-30      0.00 7.238e-01 2.665e-01 1.726e-03 4.713e-04 4.281e-03 -1.000 9.727e-03 2.164 3.295 3.056 2.296 1.866 1.488 0.982 0.571 0.526
0.00970 1.00e+06 2.5213410854    2.520  1.065  3.7352  3.667    0  0.000  0.538     0.00     0.00 -1    -1e-30      0.00 7.238e-01 2.665e-01 1.726e-03 4.713e-04 4.281e-03 -1.000 9.727e-03 2.107 3.208 2.984 2.234 1.808 1.434 0.934 0.529 0.484
0.00970 1.00e+06 2.6136245728    2.613  1.109  3.7389  3.653    0  0.000  0.538     0.00     0.00 -1    -1e-30      0.00 7.238e-01 2.665e-01 1.726e-03 4.713e-04 4.281e-03 -1.000 9.727e-03 1.997 3.049 2.847 2.115 1.696 1.328 0.839 0.443 0.400
0.00970 1.00e+06 2.6704435349    2.669  1.142  3.7414  3.640    0  0.000  0.538     0.00     0.00 -1    -1e-30      0.00 7.238e-01 2.665e-01 1.727e-03 4.713e-04 4.281e-03 -1.000 9.727e-03 1.914 2.935 2.746 2.026 1.613 1.249 0.767 0.377 0.335
0.00970 1.00e+06 2.7068324089    2.706  1.164  3.7429  3.630    0  0.000  0.538     0.00     0.00 -1    -1e-30      0.00 7.238e-01 2.665e-01 1.727e-03 4.713e-04 4.281e-03 -1.000 9.727e-03 1.860 2.862 2.682 1.968 1.558 1.197 0.719 0.334 0.292
0.00970 1.00e+06 2.8685388565    2.868  1.281  3.7508  3.570    0  0.000  0.538     0.00     0.00 -1    -1e-30      0.00 7.238e-01 2.665e-01 1.727e-03 4.713e-04 4.281e-03 -1.000 9.727e-03 1.568 2.476 2.335 1.659 1.265 0.917 0.462 0.095 0.056
0.00970 1.00e+06 2.8772606850    2.877  1.289  3.7514  3.566    0  0.000  0.538     0.00     0.00 -1    -1e-30      0.00 7.238e-01 2.665e-01 1.727e-03 4.713e-04 4.281e-03 -1.000 9.727e-03 1.548 2.449 2.310 1.637 1.245 0.898 0.444 0.079 0.040
0.00970 1.00e+06 2.9611384869    2.960  1.373  3.7568  3.516    0  0.000  0.538     0.00     0.00 -1    -1e-30      0.00 7.238e-01 2.665e-01 1.727e-03 4.713e-04 4.281e-03 -1.000 9.727e-03 1.339 2.181 2.065 1.417 1.036 0.698 0.259 -0.093 -0.130
0.00970 1.00e+06 3.0263402462    3.026  1.450  3.7621  3.469    0  0.000  0.538     0.00     0.00 -1    -1e-30      0.00 7.238e-01 2.665e-01 1.727e-03 4.713e-04 4.281e-03 -1.000 9.727e-03 1.145 1.934 1.836 1.212 0.842 0.513 0.088 -0.250 -0.286
0.00970 1.00e+06 3.0814495087    3.081  1.519  3.7671  3.428    0  0.000  0.538     0.00     0.00 -1    -1e-30      0.00 7.238e-01 2.665e-01 1.727e-03 4.713e-04 4.281e-03 -1.000 9.727e-03 0.972 1.711 1.630 1.029 0.670 0.349 -0.062 -0.388 -0.423
0.00970 1.00e+06 3.0840775967    3.083  1.522  3.7674  3.426    0  0.000  0.538     0.00     0.00 -1    -1e-30      0.00 7.238e-01 2.665e-01 1.727e-03 4.713e-04 4.281e-03 -1.000 9.727e-03 0.964 1.701 1.620 1.021 0.662 0.341 -0.069 -0.395 -0.429
0.00970 1.00e+06 3.1163525581    3.115  1.563  3.7706  3.403    0  0.000  0.538     0.00     0.00 -1    -1e-30      0.00 7.238e-01 2.665e-01 1.727e-03 4.713e-04 4.281e-03 -1.000 9.727e-03 0.862 1.571 1.498 0.913 0.561 0.246 -0.156 -0.474 -0.508
0.00970 1.00e+06 3.1742618084    3.173  1.633  3.7769  3.366    0  0.000  0.538     0.00     0.00 -1    -1e-30      0.00 7.238e-01 2.665e-01 1.727e-03 4.713e-04 4.281e-03 -1.000 9.727e-03 0.688 1.342 1.284 0.728 0.389 0.084 -0.301 -0.604 -0.637
0.00970 1.00e+06 3.2321443558    3.231  1.701  3.7842  3.335    0  0.000  0.538     0.00     0.00 -1    -1e-30      0.00 7.238e-01 2.665e-01 1.727e-03 4.713e-04 4.281e-03 -1.000 9.727e-03 0.518 1.115 1.069 0.546 0.221 -0.070 -0.436 -0.723 -0.753
0.00970 1.00e+06 3.2883341312    3.287  1.767  3.7933  3.312    0  0.000  0.538     0.00     0.00 -1    -1e-30      0.00 7.238e-01 2.665e-01 1.727e-03 4.713e-04 4.281e-03 -1.000 9.727e-03 0.351 0.886 0.851 0.366 0.060 -0.216 -0.559 -0.825 -0.853
0.00970 1.00e+06 3.2908947468    3.289  1.771  3.7938  3.312    0  0.000  0.538     0.00     0.00 -1    -1e-30      0.00 7.238e-01 2.665e-01 1.727e-03 4.713e-04 4.281e-03 -1.000 9.727e-03 0.344 0.875 0.841 0.358 0.052 -0.222 -0.564 -0.829 -0.857
0.00970 1.00e+06 3.3173317909    3.315  1.803  3.7992  3.305    0  0.000  0.538     0.00     0.00 -1    -1e-30      0.00 7.238e-01 2.665e-01 1.727e-03 4.713e-04 4.281e-03 -1.000 9.727e-03 0.263 0.764 0.732 0.270 -0.024 -0.289 -0.618 -0.870 -0.897
0.00970 1.00e+06 3.3542730808    3.352  1.849  3.8095  3.305    0  0.000  0.538     0.00     0.00 -1    -1e-30      0.00 7.238e-01 2.665e-01 1.727e-03 4.713e-04 4.281e-03 -1.000 9.727e-03 0.148 0.593 0.565 0.142 -0.131 -0.378 -0.681 -0.911 -0.936
0.00970 1.00e+06 3.3835265636    3.381  1.886  3.8200  3.313    0  0.000  0.538     0.00     0.00 -1    -1e-30      0.00 7.238e-01 2.665e-01 1.727e-03 4.713e-04 4.281e-03 -1.000 9.727e-03 0.055 0.453 0.423 0.037 -0.215 -0.443 -0.721 -0.929 -0.952
0.00970 1.00e+06 3.4087281227    3.406  1.919  3.8303  3.325    0  0.000  0.538     0.00     0.00 -1    -1e-30      0.00 7.238e-01 2.665e-01 1.727e-03 4.713e-04 4.281e-03 -1.000 9.727e-03 -0.027 0.332 0.296 -0.055 -0.286 -0.495 -0.749 -0.935 -0.957
0.00970 1.00e+06 3.4318056107    3.429  1.949  3.8405  3.338    0  0.000  0.538     0.00     0.00 -1    -1e-30      0.00 7.238e-01 2.665e-01 1.727e-03 4.713e-04 4.281e-03 -1.000 9.727e-03 -0.103 0.222 0.178 -0.141 -0.350 -0.540 -0.771 -0.937 -0.957
0.00970 1.00e+06 3.4539651871    3.451  1.979  3.8508  3.352    0  0.000  0.538     0.00     0.00 -1    -1e-30      0.00 7.238e-01 2.665e-01 1.727e-03 4.713e-04 4.281e-03 -1.000 9.727e-03 -0.177 0.119 0.064 -0.223 -0.412 -0.582 -0.790 -0.935 -0.954
0.00970 1.00e+06 3.4754428864    3.473  2.008  3.8610  3.367    0  0.000  0.538     0.00     0.00 -1    -1e-30      0.00 7.238e-01 2.665e-01 1.727e-03 4.713e-04 4.281e-03 -1.000 9.727e-03 -0.250 0.021 -0.046 -0.303 -0.469 -0.620 -0.807 -0.932 -0.949
0.00970 1.00e+06 3.4963285923    3.494  2.037  3.8713  3.382    0  0.000  0.538     0.00     0.00 -1    -1e-30      0.00 7.238e-01 2.665e-01 1.727e-03 4.713e-04 4.281e-03 -1.000 9.727e-03 -0.322 -0.074 -0.153 -0.378 -0.523 -0.655 -0.820 -0.927 -0.943
0.00970 1.00e+06 3.4977121353    3.495  2.039  3.8720  3.383    0  0.000  0.538     0.00     0.00 -1    -1e-30      0.00 7.238e-01 2.665e-01 1.727e-03 4.713e-04 4.281e-03 -1.000 9.727e-03 -0.327 -0.080 -0.160 -0.383 -0.527 -0.657 -0.821 -0.927 -0.942
0.00970 1.00e+06 3.5089211464    3.506  2.054  3.8777  3.391    0  0.000  0.538     0.00     0.00 -1    -1e-30      0.00 7.238e-01 2.665e-01 1.727e-03 4.713e-04 4.281e-03 -1.000 9.727e-03 -0.366 -0.132 -0.218 -0.424 -0.556 -0.675 -0.827 -0.924 -0.938
0.00970 1.00e+06 3.5281939507    3.526  2.082  3.8877  3.406    0  0.000  0.538     0.00     0.00 -1    -1e-30      0.00 7.238e-01 2.665e-01 1.727e-03 4.713e-04 4.281e-03 -1.000 9.727e-03 -0.434 -0.220 -0.317 -0.491 -0.602 -0.703 -0.836 -0.916 -0.930
0.00970 1.00e+06 3.5470440388    3.544  2.108  3.8977  3.422    0  0.000  0.538     0.00     0.00 -1    -1e-30      0.00 7.238e-01 2.665e-01 1.727e-03 4.713e-04 4.281e-03 -1.000 9.727e-03 -0.501 -0.307 -0.410 -0.553 -0.644 -0.728 -0.842 -0.907 -0.920
0.00970 1.00e+06 3.5655076504    3.563  2.135  3.9078  3.438    0  0.000  0.538     0.00     0.00 -1    -1e-30      0.00 7.238e-01 2.665e-01 1.727e-03 4.713e-04 4.281e-03 -1.000 9.727e-03 -0.567 -0.392 -0.498 -0.609 -0.682 -0.750 -0.846 -0.898 -0.910
0.00970 1.00e+06 3.5836124420    3.581  2.161  3.9179  3.455    0  0.000  0.538     0.00     0.00 -1    -1e-30      0.00 7.238e-01 2.665e-01 1.727e-03 4.713e-04 4.281e-03 -1.000 9.727e-03 -0.632 -0.476 -0.576 -0.660 -0.716 -0.770 -0.848 -0.888 -0.899
0.00970 1.00e+06 3.6013851166    3.599  2.186  3.9279  3.472    0  0.000  0.538     0.00     0.00 -1    -1e-30      0.00 7.238e-01 2.665e-01 1.727e-03 4.713e-04 4.281e-03 -1.000 9.727e-03 -0.696 -0.558 -0.643 -0.704 -0.746 -0.787 -0.848 -0.878 -0.886
0.00970 1.00e+06 3.6188490391    3.616  2.211  3.9380  3.489    0  0.000  0.538     0.00     0.00 -1    -1e-30      0.00 7.238e-01 2.665e-01 1.727e-03 4.713e-04 4.281e-03 -1.000 9.727e-03 -0.758 -0.636 -0.702 -0.742 -0.771 -0.800 -0.845 -0.866 -0.873
0.00970 1.00e+06 3.6417024136    3.639  2.244  3.9515  3.513    0  0.000  0.538     0.00     0.00 -1    -1e-30      0.00 7.238e-01 2.665e-01 1.727e-03 4.713e-04 4.281e-03 -1.000 9.727e-03 -0.839 -0.733 -0.766 -0.782 -0.798 -0.813 -0.838 -0.850 -0.853
0.00970 1.00e+06 3.6641182899    3.661  2.275  3.9649  3.538    0  0.000  0.538     0.00     0.00 -1    -1e-30      0.00 7.238e-01 2.665e-01 1.727e-03 4.713e-04 4.281e-03 -1.000 9.727e-03 -0.918 -0.822 -0.817 -0.812 -0.817 -0.821 -0.827 -0.831 -0.830
0.00970 1.00e+06 3.6861405373    3.683  2.306  3.9784  3.564    0  0.000  0.538     0.00     0.00 -1    -1e-30      0.00 7.238e-01 2.665e-01 1.727e-03 4.713e-04 4.281e-03 -1.000 9.727e-03 -0.995 -0.903 -0.858 -0.833 -0.830 -0.824 -0.813 -0.810 -0.806
0.00970 1.00e+06 3.7045288086    3.702  2.331  3.9898  3.586    0  0.000  0.538     0.00     0.00 -1    -1e-30      0.00 7.238e-01 2.665e-01 1.727e-03 4.713e-04 4.281e-03 -1.000 9.727e-03 -1.059 -0.966 -0.885 -0.847 -0.838 -0.825 -0.799 -0.792 -0.783
0.00970 1.00e+06 3.7213625908    3.719  2.355  4.0006  3.608    0  0.000  0.538     0.00     0.00 -1    -1e-30      0.00 7.238e-01 2.665e-01 1.727e-03 4.713e-04 4.281e-03 -1.000 9.727e-03 -1.116 -1.018 -0.903 -0.855 -0.841 -0.823 -0.784 -0.772 -0.761
0.00970 1.00e+06 3.7416179180    3.739  2.382  4.0137  3.636    0  0.000  0.538     0.00     0.00 -1    -1e-30      0.00 7.238e-01 2.665e-01 1.727e-03 4.713e-04 4.281e-03 -1.000 9.727e-03 -1.185 -1.078 -0.920 -0.861 -0.842 -0.817 -0.763 -0.747 -0.732
0.00970 1.00e+06 3.7616770267    3.760  2.408  4.0267  3.664    0  0.000  0.538     0.00     0.00 -1    -1e-30      0.00 7.238e-01 2.665e-01 1.727e-03 4.713e-04 4.281e-03 -1.000 9.727e-03 -1.250 -1.132 -0.932 -0.863 -0.840 -0.810 -0.741 -0.720 -0.701
0.00970 1.00e+06 3.7815947533    3.780  2.434  4.0398  3.693    0  0.000  0.538     0.00     0.00 -1    -1e-30      0.00 7.238e-01 2.665e-01 1.727e-03 4.713e-04 4.281e-03 -1.000 9.727e-03 -1.314 -1.180 -0.938 -0.861 -0.834 -0.798 -0.715 -0.690 -0.668
0.00970 1.00e+06 3.8014225960    3.800  2.458  4.0529  3.723    0  0.000  0.538     0.00     0.00 -1    -1e-30      0.00 7.238e-01 2.665e-01 1.727e-03 4.713e-04 4.281e-03 -1.000 9.727e-03 -1.376 -1.222 -0.940 -0.855 -0.825 -0.784 -0.687 -0.658 -0.634
0.00970 1.00e+06 3.8212172985    3.820  2.482  4.0660  3.754    0  0.000  0.538     0.00     0.00 -1    -1e-30      0.00 7.238e-01 2.665e-01 1.727e-03 4.713e-04 4.281e-03 -1.000 9.727e-03 -1.435 -1.259 -0.937 -0.846 -0.813 -0.766 -0.657 -0.624 -0.597
0.00970 1.00e+06 3.8410389423    3.839  2.505  4.0791  3.786    0  0.000  0.538     0.00     0.00 -1    -1e-30      0.00 7.238e-01 2.665e-01 1.727e-03 4.713e-04 4.281e-03 -1.000 9.727e-03 -1.492 -1.290 -0.931 -0.833 -0.796 -0.745 -0.623 -0.587 -0.557
0.00970 1.00e+06 3.8609580994    3.860  2.527  4.0923  3.819    0  0.000  0.538     0.00     0.00 -1    -1e-30      0.00 7.238e-01 2.665e-01 1.727e-03 4.713e-04 4.281e-03 -1.000 9.727e-03 -1.546 -1.316 -0.920 -0.816 -0.777 -0.721 -0.587 -0.548 -0.515
0.00970 1.00e+06 3.8810606003    3.880  2.547  4.1054  3.853    0  0.000  0.538     0.00     0.00 -1    -1e-30      0.00 7.238e-01 2.665e-01 1.727e-03 4.713e-04 4.281e-03 -1.000 9.727e-03 -1.598 -1.335 -0.906 -0.795 -0.753 -0.692 -0.548 -0.505 -0.470
0.00970 1.00e+06 3.9014914036    3.900  2.567  4.1185  3.888    0  0.000  0.538     0.00     0.00 -1    -1e-30      0.00 7.238e-01 2.665e-01 1.727e-03 4.713e-04 4.281e-03 -1.000 9.727e-03 -1.647 -1.349 -0.887 -0.770 -0.725 -0.660 -0.504 -0.459 -0.421
0.00970 1.00e+06 3.9113461971    3.910  2.576  4.1247  3.905    0  0.000  0.538     0.00     0.00 -1    -1e-30      0.00 7.238e-01 2.665e-01 1.727e-03 4.713e-04 4.281e-03 -1.000 9.727e-03 -1.670 -1.353 -0.876 -0.757 -0.710 -0.643 -0.483 -0.435 -0.397
0.00970 1.00e+06 3.9287078381    3.928  2.591  4.1356  3.936    0  0.000  0.538     0.00     0.00 -1    -1e-30      0.00 7.238e-01 2.665e-01 1.727e-03 4.713e-04 4.281e-03 -1.000 9.727e-03 -1.707 -1.357 -0.856 -0.732 -0.682 -0.611 -0.442 -0.392 -0.352
0.00970 1.00e+06 3.9507405758    3.950  2.606  4.1486  3.975    0  0.000  0.538     0.00     0.00 -1    -1e-30      0.00 7.238e-01 2.665e-01 1.727e-03 4.713e-04 4.281e-03 -1.000 9.727e-03 -1.746 -1.356 -0.826 -0.695 -0.643 -0.567 -0.389 -0.336 -0.293
0.00970 1.00e+06 3.9686517715    3.968  2.616  4.1585  4.006    0  0.000  0.538     0.00     0.00 -1    -1e-30      0.00 7.238e-01 2.665e-01 1.727e-03 4.713e-04 4.281e-03 -1.000 9.727e-03 -1.771 -1.348 -0.797 -0.663 -0.607 -0.528 -0.343 -0.288 -0.243
0.00970 1.00e+06 3.9751327038    3.974  2.618  4.1615  4.017    0  0.000  0.538     0.00     0.00 -1    -1e-30      0.00 7.238e-01 2.665e-01 1.727e-03 4.713e-04 4.281e-03 -1.000 9.727e-03 -1.775 -1.342 -0.784 -0.649 -0.593 -0.513 -0.326 -0.270 -0.225
0.00970 1.00e+06 4.0072116852    4.006  2.616  4.1733  4.070    0  0.000  0.538     0.00     0.00 -1    -1e-30      0.00 7.238e-01 2.665e-01 1.727e-03 4.713e-04 4.281e-03 -1.000 9.727e-03 -1.771 -1.297 -0.715 -0.575 -0.516 -0.433 -0.236 -0.178 -0.131
0.00970 1.00e+06 4.0469288826    4.046  2.589  4.1798  4.127    0  0.000  0.538     0.00     0.00 -1    -1e-30      0.00 7.238e-01 2.665e-01 1.727e-03 4.713e-04 4.281e-03 -1.000 9.727e-03 -1.704 -1.204 -0.611 -0.469 -0.408 -0.322 -0.122 -0.062 -0.014
0.00970 1.00e+06 4.0747375488    4.074  2.563  4.1808  4.160    0  0.000  0.538     0.00     0.00 -1    -1e-30      0.00 7.238e-01 2.665e-01 1.727e-03 4.713e-04 4.281e-03 -1.000 9.727e-03 -1.637 -1.131 -0.538 -0.396 -0.335 -0.249 -0.048 0.013 0.061
0.00970 1.00e+06 4.1181631088    4.117  2.533  4.1822  4.200    0  0.000  0.538     0.00     0.00 -1    -1e-30      0.00 7.238e-01 2.665e-01 1.727e-03 4.713e-04 4.281e-03 -1.000 9.727e-03 -1.563 -1.051 -0.456 -0.314 -0.252 -0.166 0.036 0.097 0.145
0.00970 1.00e+06 4.1188960075    4.118  2.533  4.1822  4.201    0  0.000  0.538     0.00     0.00 -1    -1e-30      0.00 7.238e-01 2.665e-01 1.727e-03 4.713e-04 4.281e-03 -1.000 9.727e-03 -1.562 -1.049 -0.454 -0.313 -0.251 -0.164 0.038 0.098 0.146
0.00970 1.00e+06 4.1948032379    4.193  2.546  4.1952  4.248    0  0.000  0.538     0.00     0.00 -1    -1e-30      0.00 7.238e-01 2.665e-01 1.727e-03 4.713e-04 4.281e-03 -1.000 9.727e-03 -1.594 -1.034 -0.414 -0.267 -0.202 -0.111 0.100 0.163 0.214
0.00970 1.00e+06 4.2287092209    4.227  2.576  4.2065  4.266    0  0.000  0.538     0.00     0.00 -1    -1e-30      0.00 7.238e-01 2.665e-01 1.727e-03 4.713e-04 4.281e-03 -1.000 9.727e-03 -1.669 -1.068 -0.426 -0.274 -0.207 -0.113 0.106 0.172 0.225
0.00970 1.00e+06 4.2547078133    4.252  2.603  4.2165  4.282    0  0.000  0.538     0.00     0.00 -1    -1e-30      0.00 7.238e-01 2.665e-01 1.727e-03 4.713e-04 4.281e-03 -1.000 9.727e-03 -1.737 -1.100 -0.439 -0.282 -0.212 -0.115 0.111 0.178 0.232
0.00970 1.00e+06 4.2911047935    4.289  2.633  4.2290  4.305    0  0.000  0.538     0.00     0.00 -1    -1e-30      0.00 7.238e-01 2.665e-01 1.727e-03 4.713e-04 4.281e-03 -1.000 9.727e-03 -1.813 -1.129 -0.446 -0.284 -0.211 -0.110 0.124 0.194 0.251
0.00970 1.00e+06 4.3249802589    4.323  2.646  4.2367  4.327    0  0.000  0.538     0.00     0.00 -1    -1e-30      0.00 7.238e-01 2.665e-01 1.727e-03 4.713e-04 4.281e-03 -1.000 9.727e-03 -1.844 -1.130 -0.434 -0.268 -0.193 -0.089 0.149 0.221 0.279
0.00970 1.00e+06 4.3396711349    4.337  2.651  4.2400  4.336    0  0.000  0.538     0.00     0.00 -1    -1e-30      0.00 7.238e-01 2.665e-01 1.727e-03 4.713e-04 4.281e-03 -1.000 9.727e-03 -1.857 -1.130 -0.428 -0.261 -0.185 -0.080 0.160 0.233 0.291
0.00970 1.00e+06 4.4222993851    4.420  2.638  4.2452  4.378    0  0.000  0.538     0.00     0.00 -1    -1e-30      0.00 7.238e-01 2.665e-01 1.727e-03 4.713e-04 4.281e-03 -1.000 9.727e-03 -1.825 -1.076 -0.366 -0.197 -0.120 -0.014 0.230 0.304 0.363
0.00970 1.00e+06 4.4888458252    4.486  2.624  4.2448  4.397    0  0.000  0.538     0.00     0.00 -1    -1e-30      0.00 7.238e-01 2.665e-01 1.727e-03 4.713e-04 4.281e-03 -1.000 9.727e-03 -1.791 -1.042 -0.333 -0.165 -0.088 0.018 0.262 0.336 0.394
0.00970 1.00e+06 4.5317978859    4.529  2.627  4.2454  4.400    0  0.000  0.538     0.00     0.00 -1    -1e-30      0.00 7.238e-01 2.665e-01 1.727e-03 4.713e-04 4.281e-03 -1.000 9.727e-03 -1.799 -1.048 -0.338 -0.170 -0.092 0.014 0.258 0.332 0.390
0.00970 1.00e+06 4.5388760567    4.536  2.628  4.2455  4.401    0  0.000  0.538     0.00     0.00 -1    -1e-30      0.00 7.238e-01 2.665e-01 1.727e-03 4.713e-04 4.281e-03 -1.000 9.727e-03 -1.800 -1.049 -0.339 -0.171 -0.093 0.013 0.257 0.331 0.390
0.00970 1.00e+06 4.6148467064    4.613  2.644  4.2479  4.401    0  0.000  0.538     0.00     0.00 -1    -1e-30      0.00 7.238e-01 2.665e-01 1.727e-03 4.713e-04 4.281e-03 -1.000 9.727e-03 -1.840 -1.080 -0.365 -0.196 -0.118 -0.011 0.235 0.309 0.368
0.00970 1.00e+06 4.7386150360    4.737  2.685  4.2547  4.399    0  0.000  0.538     0.00     0.00 -1    -1e-30      0.00 7.238e-01 2.665e-01 1.727e-03 4.713e-04 4.281e-03 -1.000 9.727e-03 -1.942 -1.156 -0.430 -0.257 -0.177 -0.068 0.182 0.257 0.317
0.00970 1.00e+06 4.9454317093    4.945  2.750  4.2653  4.396    0  0.000  0.538     0.00     0.00 -1    -1e-30      0.00 7.238e-01 2.665e-01 1.727e-03 4.713e-04 4.281e-03 -1.000 9.727e-03 -2.104 -1.279 -0.534 -0.356 -0.274 -0.161 0.095 0.173 0.235
0.00970 1.00e+06 5.1522483826    5.152  2.812  4.2755  4.392    0  0.000  0.538     0.00     0.00 -1    -1e-30      0.00 7.238e-01 2.665e-01 1.727e-03 4.713e-04 4.281e-03 -1.000 9.727e-03 -2.260 -1.397 -0.634 -0.452 -0.367 -0.251 0.012 0.091 0.156
0.00970 1.00e+06 5.3590660095    5.360  2.872  4.2854  4.389    0  0.000  0.538     0.00     0.00 -1    -1e-30      0.00 7.238e-01 2.665e-01 1.727e-03 4.713e-04 4.281e-03 -1.000 9.727e-03 -2.410 -1.510 -0.730 -0.543 -0.455 -0.337 -0.068 0.013 0.080
0.00970 1.00e+06 5.5658826828    5.567  2.928  4.2942  4.385    0  0.000  0.538     0.00     0.00 -1    -1e-30      0.00 7.238e-01 2.665e-01 1.727e-03 4.713e-04 4.281e-03 -1.000 9.727e-03 -2.550 -1.617 -0.821 -0.630 -0.541 -0.419 -0.145 -0.062 0.006
0.00970 1.00e+06 5.7727003098    5.774  2.983  4.3033  4.382    0  0.000  0.538     0.00     0.00 -1    -1e-30      0.00 7.238e-01 2.665e-01 1.727e-03 4.713e-04 4.281e-03 -1.000 9.727e-03 -2.688 -1.721 -0.910 -0.715 -0.623 -0.499 -0.219 -0.134 -0.065
0.00970 1.00e+06 5.9089860916    5.911  3.017  4.3088  4.380    0  0.000  0.538     0.00     0.00 -1    -1e-30      0.00 7.238e-01 2.665e-01 1.727e-03 4.713e-04 4.281e-03 -1.000 9.727e-03 -2.774 -1.787 -0.966 -0.768 -0.675 -0.550 -0.267 -0.180 -0.110
0.00970 1.00e+06 5.9703021049    5.972  3.033  4.3113  4.379    0  0.000  0.538     0.00     0.00 -1    -1e-30      0.00 7.238e-01 2.665e-01 1.727e-03 4.713e-04 4.281e-03 -1.000 9.727e-03 -2.812 -1.816 -0.991 -0.792 -0.699 -0.572 -0.288 -0.201 -0.130
0.00970 1.00e+06 6.1679029465    6.169  3.081  4.3185  4.374    0  0.000  0.538     0.00     0.00 -1    -1e-30      0.00 7.238e-01 2.665e-01 1.727e-03 4.713e-04 4.281e-03 -1.000 9.727e-03 -2.932 -1.909 -1.072 -0.870 -0.775 -0.647 -0.357 -0.269 -0.197
0.00970 1.00e+06 6.3655042648    6.366  3.128  4.3262  4.371    0  0.000  0.538     0.00     0.00 -1    -1e-30      0.00 7.238e-01 2.665e-01 1.727e-03 4.713e-04 4.281e-03 -1.000 9.727e-03 -3.050 -1.999 -1.150 -0.944 -0.847 -0.716 -0.422 -0.332 -0.259
0.00970 1.00e+06 6.5631055832    6.557  3.171  4.3330  4.367    0  0.000  0.538     0.00     0.00 -1    -1e-30      0.00 7.238e-01 2.665e-01 1.727e-03 4.713e-04 4.281e-03 -1.000 9.727e-03 -3.158 -2.083 -1.222 -1.013 -0.915 -0.782 -0.483 -0.392 -0.317
0.00970 1.00e+06 7.1559100151    7.145  3.296  4.3523  4.357    1  0.000  0.538     0.00     0.00 -1    -1e-30      0.00 7.238e-01 2.665e-01 1.727e-03 4.713e-04 4.281e-03 -1.000 9.727e-03 -3.469 -2.323 -1.431 -1.214 -1.111 -0.973 -0.663 -0.567 -0.488
0.00970 1.00e+06 8.1439170837    8.138  3.482  4.3816  4.345    0  0.000  0.538     0.00     0.00 -1    -1e-30      0.00 7.238e-01 2.665e-01 1.727e-03 4.713e-04 4.281e-03 -1.000 9.727e-03 -3.935 -2.682 -1.744 -1.515 -1.406 -1.259 -0.933 -0.830 -0.745
0.00970 1.00e+06 9.1319236755    9.123  3.642  4.4048  4.327    1  0.000  0.538     0.00     0.00 -1    -1e-30      0.00 7.238e-01 2.665e-01 1.727e-03 4.713e-04 4.281e-03 -1.000 9.727e-03 -4.335 -2.999 -2.027 -1.789 -1.675 -1.522 -1.182 -1.074 -0.985
0.00970 1.00e+06 10.1199302673   10.111  3.784  4.4265  4.317    1  0.000  0.538     0.00     0.00 -1    -1e-30      0.00 7.238e-01 2.665e-01 1.727e-03 4.713e-04 4.281e-03 -1.000 9.727e-03 -4.689 -3.276 -2.273 -2.026 -1.908 -1.749 -1.397 -1.285 -1.191
0.00970 1.00e+06 10.9031572342   10.874  3.881  4.4406  4.308    1  0.000  0.538     0.00     0.00 -1    -1e-30      0.00 7.238e-01 2.665e-01 1.727e-03 4.713e-04 4.281e-03 -1.000 9.727e-03 -4.933 -3.472 -2.450 -2.196 -2.075 -1.912 -1.552 -1.437 -1.341
0.00970 1.00e+06 11.1079368591   11.073  3.906  4.4442  4.306    1  0.000  0.538     0.00     0.00 -1    -1e-30      0.00 7.238e-01 2.665e-01 1.727e-03 4.713e-04 4.281e-03 -1.000 9.727e-03 -4.994 -3.521 -2.494 -2.239 -2.116 -1.953 -1.591 -1.475 -1.378
0.00970 1.00e+06 12.0959444046   12.092  4.025  4.4617  4.295    1  0.000  0.538     0.00     0.00 -1 -1.06e-29      0.00 7.238e-01 2.665e-01 1.728e-03 4.713e-04 4.281e-03 -1.000 9.727e-03 -5.291 -3.761 -2.711 -2.448 -2.322 -2.153 -1.782 -1.662 -1.562
0.00970 1.00e+06 14.0719575882   14.060  4.223  4.4904  4.277    1  0.000  0.545     0.00     0.00 -1 -2.41e-09      0.00 7.238e-01 2.665e-01 1.749e-03 4.719e-04 4.280e-03 -1.000 9.727e-03 -5.787 -4.169 -3.083 -2.808 -2.676 -2.500 -2.114 -1.989 -1.884
0.00970 1.00e+06 16.0479717255   16.045  4.390  4.5143  4.263    1  0.000  0.545     0.00     0.00 -1 -5.57e-09      0.00 7.238e-01 2.665e-01 1.749e-03 4.719e-04 4.280e-03 -1.000 9.727e-03 -6.204 -4.507 -3.395 -3.111 -2.976 -2.797 -2.402 -2.274 -2.167
0.00970 1.00e+06 18.0239849091   18.006  4.533  4.5341  4.249    1  0.000  0.545     0.00     0.00 -1 -1.12e-08      0.00 7.238e-01 2.665e-01 1.749e-03 4.719e-04 4.280e-03 -1.000 9.727e-03 -6.563 -4.784 -3.654 -3.365 -3.229 -3.050 -2.650 -2.522 -2.413
0.00970 1.00e+06 20.0000000000   19.982  4.658  4.5510  4.237    0  0.000  0.545     0.00     0.00 -1 -2.02e-08      0.00 7.238e-01 2.665e-01 1.749e-03 4.719e-04 4.280e-03 -1.000 9.727e-03 -6.874 -5.012 -3.871 -3.578 -3.441 -3.264 -2.863 -2.734 -2.624
0.00970 1.00e+06 20.3620071411   20.343  4.678  4.5537  4.235    0  0.000  0.545     0.00     0.00 -1 -2.21e-08      0.00 7.238e-01 2.665e-01 1.749e-03 4.719e-04 4.280e-03 -1.000 9.727e-03 -6.926 -5.049 -3.906 -3.612 -3.476 -3.298 -2.898 -2.769 -2.659
0.00970 1.00e+06 24.0000000000   23.960  4.868  4.5788  4.217    0  0.000  0.545     0.00     0.00 -1 -5.08e-08      0.00 7.238e-01 2.665e-01 1.749e-03 4.719e-04 4.280e-03 -1.000 9.727e-03 -7.400 -5.376 -4.220 -3.921 -3.785 -3.608 -3.207 -3.079 -2.969
0.00970 1.00e+06 28.0000000000   27.896  5.037  4.6001  4.199    0  0.000  0.545     0.00     0.00 -1 -1.04e-07      0.00 7.238e-01 2.665e-01 1.749e-03 4.719e-04 4.280e-03 -1.000 9.727e-03 -7.823 -5.662 -4.501 -4.196 -4.057 -3.878 -3.475 -3.345 -3.233
0.00970 1.00e+06 30.0000000000   29.863  5.110  4.6089  4.190    0  0.000  0.545     0.00     0.00 -1 -1.39e-07      0.00 7.238e-01 2.665e-01 1.749e-03 4.719e-04 4.280e-03 -1.000 9.727e-03 -8.006 -5.788 -4.625 -4.317 -4.176 -3.995 -3.591 -3.460 -3.347
0.00970 1.00e+06 35.0000000000   34.754  5.268  4.6272  4.172    0  0.000  0.545     0.00     0.00 -1 -2.58e-07      0.00 7.238e-01 2.665e-01 1.749e-03 4.719e-04 4.280e-03 -1.000 9.727e-03 -8.400 -6.059 -4.890 -4.579 -4.436 -4.254 -3.848 -3.716 -3.603
0.00970 1.00e+06 36.2917900085   36.015  5.303  4.6310  4.167    0  0.000  0.545     0.00     0.00 -1 -2.95e-07      0.00 7.238e-01 2.665e-01 1.749e-03 4.719e-04 4.280e-03 -1.000 9.727e-03 -8.488 -6.121 -4.952 -4.639 -4.496 -4.314 -3.908 -3.776 -3.663
0.00970 1.00e+06 40.0000000000   39.623  5.398  4.6411  4.155    0  0.000  0.545     0.00     0.00 -1 -4.22e-07      0.00 7.238e-01 2.665e-01 1.749e-03 4.719e-04 4.280e-03 -1.000 9.727e-03 -8.724 -6.289 -5.116 -4.803 -4.659 -4.476 -4.069 -3.936 -3.822
0.00970 1.00e+06 45.0000000000   44.456  5.508  4.6519  4.138    0  0.000  0.545     0.00     0.00 -1 -6.36e-07      0.00 7.238e-01 2.665e-01 1.749e-03 4.719e-04 4.280e-03 -1.000 9.727e-03 -8.999 -6.490 -5.314 -4.999 -4.855 -4.671 -4.262 -4.129 -4.014
0.00970 1.00e+06 48.9207954407   48.205  5.582  4.6587  4.126    0  0.000  0.545     0.00     0.00 -1 -8.32e-07      0.00 7.238e-01 2.665e-01 1.749e-03 4.719e-04 4.280e-03 -1.000 9.727e-03 -9.186 -6.631 -5.452 -5.136 -4.992 -4.808 -4.398 -4.265 -4.150
0.00970 1.00e+06 50.0000000000   49.230  5.602  4.6604  4.122    0  0.000  0.545     0.00     0.00 -1 -8.91e-07      0.00 7.238e-01 2.665e-01 1.749e-03 4.719e-04 4.280e-03 -1.000 9.727e-03 -9.235 -6.668 -5.489 -5.173 -5.028 -4.844 -4.434 -4.301 -4.185
0.00970 1.00e+06 55.0000000000   53.955  5.684  4.6671  4.106    0  0.000  0.545     0.00     0.00 -1  -1.2e-06      0.00 7.238e-01 2.665e-01 1.749e-03 4.719e-04 4.280e-03 -1.000 9.727e-03 -9.441 -6.829 -5.647 -5.330 -5.185 -5.001 -4.589 -4.456 -4.340
0.00970 1.00e+06 60.0000000000   58.655  5.757  4.6724  4.091    0  0.000  0.545     0.00     0.00 -1 -1.53e-06      0.00 7.238e-01 2.665e-01 1.749e-03 4.719e-04 4.280e-03 -1.000 9.727e-03 -9.624 -6.975 -5.792 -5.474 -5.329 -5.144 -4.732 -4.599 -4.483
0.00970 1.00e+06 61.7693748474   60.327  5.781  4.6739  4.085    0  0.000  0.545     0.00     0.00 -1 -1.66e-06      0.00 7.238e-01 2.665e-01 1.749e-03 4.719e-04 4.280e-03 -1.000 9.727e-03 -9.683 -7.024 -5.841 -5.523 -5.378 -5.192 -4.780 -4.647 -4.531
0.00970 1.00e+06 65.0000000000   63.366  5.823  4.6766  4.075    0  0.000  0.545     0.00     0.00 -1 -1.93e-06      0.00 7.238e-01 2.665e-01 1.749e-03 4.719e-04 4.280e-03 -1.000 9.727e-03 -9.788 -7.111 -5.927 -5.608 -5.463 -5.278 -4.865 -4.732 -4.615
0.00970 1.00e+06 67.0097732544   65.225  5.847  4.6779  4.069    0  0.000  0.545     0.00     0.00 -1 -2.09e-06      0.00 7.238e-01 2.665e-01 1.749e-03 4.719e-04 4.280e-03 -1.000 9.727e-03 -9.849 -7.162 -5.978 -5.659 -5.514 -5.328 -4.915 -4.782 -4.666
0.00970 1.00e+06 70.0000000000   67.982  5.882  4.6798  4.059    0  0.000  0.545     0.00     0.00 -1 -2.35e-06      0.00 7.238e-01 2.665e-01 1.749e-03 4.719e-04 4.280e-03 -1.000 9.727e-03 -9.936 -7.236 -6.051 -5.732 -5.587 -5.401 -4.988 -4.855 -4.738
0.00970 1.00e+06 72.6406250000   70.417  5.911  4.6812  4.051    0  0.000  0.545     0.00     0.00 -1 -2.59e-06      0.00 7.238e-01 2.665e-01 1.749e-03 4.719e-04 4.280e-03 -1.000 9.727e-03 -10.008 -7.299 -6.113 -5.794 -5.649 -5.463 -5.050 -4.916 -4.800
0.00970 1.00e+06 75.0000000000   72.590  5.936  4.6823  4.044    0  0.000  0.545     0.00     0.00 -1 -2.82e-06      0.00 7.238e-01 2.665e-01 1.749e-03 4.719e-04 4.280e-03 -1.000 9.727e-03 -10.070 -7.354 -6.167 -5.848 -5.703 -5.517 -5.104 -4.970 -4.853
0.00970 1.00e+06 80.0000000000   77.191  5.985  4.6841  4.029    0  0.000  0.545     0.00     0.00 -1 -3.32e-06      0.00 7.238e-01 2.665e-01 1.749e-03 4.719e-04 4.280e-03 -1.000 9.727e-03 -10.193 -7.465 -6.278 -5.959 -5.813 -5.627 -5.214 -5.080 -4.963
0.00970 1.00e+06 90.0000000000   86.317  6.073  4.6860  3.997    0  0.000  0.545     0.00     0.00 -1 -4.45e-06      0.00 7.238e-01 2.665e-01 1.749e-03 4.719e-04 4.280e-03 -1.000 9.727e-03 -10.413 -7.671 -6.484 -6.164 -6.019 -5.833 -5.419 -5.285 -5.168
0.00970 1.00e+06 95.0000000000   90.810  6.112  4.6862  3.981    0  0.000  0.545     0.00     0.00 -1 -5.06e-06      0.00 7.238e-01 2.665e-01 1.749e-03 4.719e-04 4.280e-03 -1.000 9.727e-03 -10.510 -7.767 -6.580 -6.260 -6.115 -5.929 -5.515 -5.381 -5.264
0.00970 1.00e+06 100.0000000000   95.304  6.149  4.6862  3.965    0  0.000  0.545     0.00     0.00 -1 -5.76e-06      0.00 7.238e-01 2.665e-01 1.749e-03 4.719e-04 4.280e-03 -1.000 9.727e-03 -10.602 -7.859 -6.672 -6.352 -6.207 -6.021 -5.607 -5.473 -5.356
0.00970 1.00e+06 120.0000000000  112.877  6.275  4.6820  3.896    0  0.000  0.545     0.00     0.00 -1 -8.72e-06      0.00 7.238e-01 2.665e-01 1.749e-03 4.719e-04 4.280e-03 -1.000 9.727e-03 -10.917 -8.203 -7.017 -6.698 -6.552 -6.367 -5.953 -5.820 -5.703
0.00970 1.00e+06 130.0000000000  121.488  6.327  4.6783  3.860    0  0.000  0.545     0.00     0.00 -1 -1.04e-05      0.00 7.238e-01 2.665e-01 1.749e-03 4.719e-04 4.280e-03 -1.000 9.727e-03 -11.049 -8.360 -7.175 -6.857 -6.711 -6.526 -6.113 -5.979 -5.863
0.00970 1.00e+06 133.8966064453  124.407  6.354  4.6721  3.819    0  0.000  0.432     0.00     0.00 -1 -1.17e-05      0.00 7.104e-01 2.794e-01 1.454e-03 9.398e-04 4.489e-03 -1.000 1.028e-02 -11.116 -8.470 -7.287 -6.969 -6.824 -6.639 -6.227 -6.094 -5.978
0.00970 1.00e+06 143.7266082764  131.438  6.419  4.6544  3.707    0  0.000  0.200     0.00     0.00 -1 -1.54e-05      0.00 6.781e-01 3.103e-01 7.470e-04 2.063e-03 4.992e-03 -1.000 1.160e-02 -11.278 -8.752 -7.575 -7.260 -7.116 -6.932 -6.522 -6.389 -6.274
0.00970 1.00e+06 150.0000152588  135.682  6.458  4.6431  3.637    0  0.000  0.076     0.00     0.00 -1 -1.79e-05      0.00 6.570e-01 3.307e-01 2.694e-04 3.310e-03 4.738e-03 -1.000 1.230e-02 -11.375 -8.926 -7.753 -7.439 -7.295 -7.112 -6.704 -6.572 -6.458
0.00970 1.00e+06 194.6675567627  175.590  6.587  4.6724  3.738    0  0.000  0.124     0.00     0.00 -1  -2.4e-05      0.00 6.786e-01 3.117e-01 8.754e-05 5.485e-03 9.438e-04 -1.000 9.790e-03 -11.697 -9.048 -7.865 -7.547 -7.402 -7.217 -6.805 -6.672 -6.556
0.00970 1.00e+06 200.0000152588  180.350  6.600  4.6752  3.747    0  0.000  0.167     0.00     0.00 -1 -2.47e-05      0.00 6.815e-01 3.090e-01 6.326e-05 5.759e-03 5.058e-04 -1.000 9.524e-03 -11.730 -9.063 -7.879 -7.561 -7.416 -7.231 -6.818 -6.685 -6.569
0.00970 1.00e+06 250.0000000000  220.961  6.733  4.6867  3.748    0  0.000  0.628     0.00     0.00 -1 -3.64e-05      0.00 6.391e-01 3.514e-01 6.807e-05 6.070e-03 1.445e-04 -1.000 9.527e-03 -12.063 -9.317 -8.129 -7.810 -7.664 -7.478 -7.064 -6.930 -6.814
0.00970 1.00e+06 279.2169494629  244.682  6.797  4.6945  3.759    0  0.000  0.872     0.00     0.00 -1 -4.32e-05      0.00 6.166e-01 3.739e-01 6.923e-05 6.104e-03 1.058e-04 -1.000 9.519e-03 -12.223 -9.429 -8.240 -7.919 -7.773 -7.586 -7.171 -7.037 -6.920
0.00970 1.00e+06 300.0000000000  261.375  6.839  4.6998  3.768    0  0.000  1.060     0.00     0.00 -1 -4.83e-05      0.00 6.014e-01 3.891e-01 6.993e-05 6.119e-03 8.797e-05  5.738 9.510e-03 -12.327 999.999 -22.058 -21.066 -19.124 -16.744 -12.389 -9.706 -8.430
0.00970 1.00e+06 350.0000000000  301.211  6.926  4.7120  3.791    0  0.000  1.224     0.00     0.00 -1 -5.94e-05      0.00 5.695e-01 4.209e-01 7.117e-05 6.128e-03 7.750e-05  6.281 9.527e-03 -12.545 999.999 -22.413 -21.390 -19.418 -17.005 -12.590 -9.870 -8.577
0.00970 1.00e+06 350.0003356934  296.117  6.929  4.7083  3.766    0  0.000  1.150     0.00     0.00 -1 -5.07e-05      0.00 5.443e-01 4.462e-01 7.724e-05 6.111e-03 8.954e-05  6.189 9.528e-03 -12.553 999.999 -22.379 -21.365 -19.402 -16.999 -12.602 -9.893 -8.606
0.00970 1.00e+06 350.0007019043  289.691  6.933  4.7045  3.737    0  0.000  1.074     0.00     0.00 -1 -4.26e-05      0.00 5.115e-01 4.790e-01 8.399e-05 6.092e-03 1.042e-04  5.976 9.528e-03 -12.562 999.999 -22.346 -21.342 -19.388 -16.995 -12.617 -9.920 -8.637
0.00970 1.00e+06 350.0010375977  283.387  6.937  4.7013  3.711    0  0.000  1.022     0.00     0.00 -1 -3.74e-05      0.00 4.806e-01 5.098e-01 8.987e-05 6.075e-03 1.172e-04  5.535 9.543e-03 -12.572 999.999 -22.319 -21.323 -19.378 -16.994 -12.631 -9.944 -8.666
0.00970 1.00e+06 350.0013122559  276.930  6.941  4.6994  3.689    0  0.000  0.986     0.00     0.00 -1 -3.28e-05      0.00 4.474e-01 5.431e-01 9.526e-05 6.060e-03 1.288e-04 -1.000 9.530e-03 -12.582 -9.760 -8.570 -8.249 -8.102 -7.915 -7.499 -7.364 -7.248
0.00970 1.00e+06 350.0015563965  271.684  6.944  4.6984  3.673    0  0.000  0.964     0.00     0.00 -1 -3.01e-05      0.00 4.197e-01 5.708e-01 9.935e-05 6.048e-03 1.374e-04 -1.000 9.544e-03 -12.591 -9.775 -8.585 -8.264 -8.117 -7.930 -7.514 -7.379 -7.263
0.00970 1.00e+06 350.0017395020  266.703  6.948  4.6988  3.663    0  0.000  0.949     0.00     0.00 -1 -2.79e-05      0.00 3.923e-01 5.981e-01 1.030e-04 6.039e-03 1.446e-04 -1.000 9.531e-03 -12.599 -9.781 -8.591 -8.270 -8.123 -7.936 -7.521 -7.386 -7.270
0.00970 1.00e+06 350.0019226074  261.559  6.951  4.6998  3.655    0  0.000  0.937     0.00     0.00 -1  -2.6e-05      0.00 3.644e-01 6.261e-01 1.065e-04 6.030e-03 1.516e-04 -1.000 9.531e-03 -12.608 -9.784 -8.594 -8.273 -8.126 -7.939 -7.523 -7.388 -7.272
0.00970 1.00e+06 350.0021057129  254.375  6.955  4.7047  3.659    0  0.000  0.926     0.00     0.00 -1 -3.73e-05      0.00 3.266e-01 6.638e-01 1.107e-04 6.019e-03 1.594e-04 -1.000 9.545e-03 -12.618 -9.768 -8.577 -8.256 -8.108 -7.921 -7.504 -7.369 -7.254
0.00970 1.00e+06 350.0022888184  224.756  6.931  4.7576  3.841    0  0.000  0.953     0.00     0.00 -1 -0.000128      0.00 2.063e-01 7.842e-01 1.171e-04 6.013e-03 1.637e-04 -1.000 9.532e-03 -12.557 -9.535 -8.315 -8.005 -7.872 -7.691 -7.275 -7.149 -7.041
0.00970 1.00e+06 350.0025024414  176.004  6.821  4.7573  3.844    0  0.000  0.938     0.00     0.00 -1 -8.68e-05      0.00 1.715e-01 8.190e-01 1.209e-04 6.002e-03 1.718e-04 -1.000 9.550e-03 -12.283 -9.264 -8.043 -7.734 -7.600 -7.420 -7.004 -6.877 -6.769
0.00970 1.00e+06 350.0025634766  160.164  6.779  4.7590  3.851    0  0.000  0.934     0.00     0.00 -1 -9.68e-05      0.00 1.567e-01 8.336e-01 1.224e-04 5.999e-03 1.748e-04 -1.000 9.611e-03 -12.178 -9.149 -7.928 -7.618 -7.485 -7.304 -6.888 -6.761 -6.653
0.00970 1.00e+06 350.0025939941  155.459  6.767  4.7628  3.866    0  0.000  0.934     0.00     0.00 -1 -9.33e-05      0.00 1.488e-01 8.416e-01 1.230e-04 5.998e-03 1.756e-04 -1.000 9.583e-03 -12.147 -9.094 -7.872 -7.562 -7.428 -7.247 -6.831 -6.704 -6.595
0.00970 1.00e+06 350.0026245117  148.465  6.748  4.7685  3.888    0  0.000  0.934     0.00     0.00 -1 -8.86e-05      0.00 1.359e-01 8.545e-01 1.239e-04 5.996e-03 1.767e-04 -1.000 9.544e-03 -12.099 -9.008 -7.786 -7.475 -7.340 -7.158 -6.741 -6.614 -6.505
0.00970 1.00e+06 350.0026550293  142.445  6.730  4.7731  3.906    0  0.000  0.936     0.00     0.00 -1 -8.48e-05      0.00 1.240e-01 8.664e-01 1.247e-04 5.994e-03 1.777e-04 -1.000 9.518e-03 -12.055 -8.934 -7.711 -7.399 -7.265 -7.082 -6.664 -6.537 -6.428
0.00970 1.00e+06 350.0026855469  137.404  6.714  4.7742  3.911    0  0.000  0.936     0.00     0.00 -1  -8.1e-05      0.00 1.175e-01 8.730e-01 1.254e-04 5.993e-03 1.786e-04 -1.000 9.507e-03 -12.015 -8.887 -7.664 -7.352 -7.217 -7.034 -6.616 -6.489 -6.380
0.00970 1.00e+06 350.0027465820  126.926  6.678  4.7750  3.916    0  0.000  0.934     0.00     0.00 -1 -7.22e-05      0.00 1.079e-01 8.825e-01 1.266e-04 5.990e-03 1.807e-04 -1.000 9.518e-03 -11.925 -8.791 -7.568 -7.256 -7.121 -6.938 -6.519 -6.392 -6.283
0.00970 1.00e+06 350.0028076172  117.274  6.642  4.7759  3.921    0  0.000  0.933     0.00     0.00 -1 -6.33e-05      0.00 9.852e-02 8.919e-01 1.279e-04 5.987e-03 1.828e-04 -1.000 9.556e-03 -11.834 -8.695 -7.471 -7.159 -7.024 -6.841 -6.422 -6.295 -6.186
0.00970 1.00e+06 350.0028381348  108.392  6.606  4.7773  3.928    0  0.000  0.933     0.00     0.00 -1 -5.59e-05      0.00 8.895e-02 9.015e-01 1.293e-04 5.984e-03 1.848e-04 -1.000 9.551e-03 -11.744 -8.596 -7.372 -7.060 -6.924 -6.741 -6.323 -6.195 -6.086
0.00970 1.00e+06 350.0028991699  100.688  6.572  4.7789  3.937    0  0.000  0.935     0.00     0.00 -1    -5e-05      0.00 8.000e-02 9.105e-01 1.308e-04 5.981e-03 1.866e-04 -1.000 9.541e-03 -11.660 -8.501 -7.277 -6.964 -6.829 -6.645 -6.227 -6.099 -5.990
0.00970 1.00e+06 350.0029602051   93.522  6.538  4.7811  3.947    0  0.000  0.937     0.00     0.00 -1 -4.49e-05      0.00 7.096e-02 9.195e-01 1.323e-04 5.978e-03 1.882e-04 -1.000 9.568e-03 -11.575 -8.402 -7.178 -6.864 -6.729 -6.545 -6.126 -5.998 -5.889
0.00970 1.00e+06 350.0030212402   86.855  6.504  4.7842  3.961    0  0.000  0.942     0.00     0.00 -1 -4.01e-05      0.00 6.181e-02 9.286e-01 1.341e-04 5.975e-03 1.898e-04 -1.000 9.570e-03 -11.491 -8.298 -7.073 -6.759 -6.623 -6.439 -6.020 -5.891 -5.782
0.00970 1.00e+06 350.0030517578   81.063  6.473  4.7883  3.979    0  0.000  0.950     0.00     0.00 -1  -3.6e-05      0.00 5.327e-02 9.372e-01 1.361e-04 5.971e-03 1.911e-04 -1.000 9.545e-03 -11.413 -8.193 -6.967 -6.652 -6.515 -6.331 -5.911 -5.782 -5.673
0.00970 1.00e+06 350.0031127930   76.062  6.444  4.7942  4.004    0  0.000  0.960     0.00     0.00 -1 -3.23e-05      0.00 4.546e-02 9.450e-01 1.383e-04 5.967e-03 1.921e-04 -1.000 9.552e-03 -11.340 -8.082 -6.855 -6.538 -6.402 -6.217 -5.796 -5.667 -5.558
0.00970 1.00e+06 350.0031433105   71.756  6.418  4.8047  4.047    0  0.000  0.976     0.00     0.00 -1 -2.98e-05      0.00 3.834e-02 9.521e-01 1.411e-04 5.963e-03 1.928e-04 -1.000 9.582e-03 -11.275 -7.947 -6.718 -6.400 -6.263 -6.077 -5.654 -5.525 -5.415
0.00970 1.00e+06 350.0031738281   66.858  6.423  5.0413  4.957    0  0.000  0.975     0.00     0.00 -1 -2.95e-05      0.00 3.264e-02 9.578e-01 1.416e-04 5.962e-03 1.937e-04 -1.000 9.543e-03 -11.289 -6.343 -5.085 -4.740 -4.586 -4.383 -3.937 -3.797 -3.678
0.00970 1.00e+06 350.0032043457   63.425  6.402  5.1040  5.206    0  0.000  1.026     0.00     0.00 -1 -2.77e-05      0.00 2.401e-02 9.664e-01 1.473e-04 5.956e-03 1.914e-04  7.113 9.543e-03 -11.235 999.999 -25.540 -23.501 -20.559 -17.068 -10.721 -6.810 -4.994
0.00970 1.00e+06 350.0032348633   61.357  6.386  5.1058  5.216    0  0.000 58.474     0.00     0.00 -1 -2.51e-05      0.00 2.345e-02 9.441e-01 2.141e-02 3.510e-03 4.882e-04 10.874 3.246e-02 -11.194 999.999 -25.312 -24.098 -20.940 -16.640 -10.754 -6.911 -4.867
0.00970 1.00e+06 350.0032653809   58.936  6.366  5.1064  5.220    0  0.000 55.915     0.00     0.00 -1 -2.17e-05      0.00 2.363e-02 9.017e-01 6.069e-02 1.541e-05 1.447e-03 11.323 7.465e-02 -11.144 999.999 -25.268 -24.053 -20.894 -16.592 -10.703 -6.859 -4.814
0.00970 1.00e+06 350.0033264160   55.230  6.335  5.1026  5.207    0  0.000 28.806     0.00     0.00 -1  -1.6e-05      0.00 2.400e-02 8.104e-01 1.462e-01 1.565e-05 6.769e-03 11.690 1.656e-01 -11.069 999.999 -25.151 -23.944 -20.794 -16.505 -10.633 -6.800 -4.760
0.00970 1.00e+06 350.0033874512   51.203  6.304  5.0995  5.193    0  0.000 12.990     0.00     0.00 -1 -1.02e-05      0.00 2.458e-02 6.777e-01 2.585e-01 1.602e-05 2.653e-02 11.908 2.977e-01 -10.990 999.999 -25.038 -23.837 -20.696 -16.416 -10.559 -6.736 -4.700
0.00970 1.00e+06 350.0035095215   47.155  6.277  5.0989  5.182    0  0.000  7.039     0.00     0.00 -1 -5.49e-06      0.00 2.548e-02 5.163e-01 3.745e-01 1.661e-05 7.093e-02 12.022 4.583e-01 -10.922 999.999 -24.962 -23.762 -20.623 -16.346 -10.491 -6.670 -4.636
0.00970 1.00e+06 350.0036315918   44.763  6.264  5.1056  5.199    0  0.000  3.730     0.00     0.00 -1 -5.45e-06      0.00 2.620e-02 3.618e-01 4.412e-01 1.708e-05 1.577e-01 12.012 6.120e-01 -10.890 999.999 -25.056 -23.702 -20.533 -16.469 -10.487 -6.578 -4.597
0.00970 1.00e+06 350.0036621094   43.585  6.257  5.1138  5.228    0  0.000  2.551     0.00     0.00 -1 -6.24e-06      0.00 2.650e-02 2.793e-01 4.472e-01 1.727e-05 2.337e-01 11.932 6.942e-01 -10.872 999.999 -25.176 -23.672 -20.471 -16.602 -10.493 -6.496 -4.561
0.00970 1.00e+06 350.0036926270   41.835  6.246  5.1377  5.316    0  0.000  1.469     0.00     0.00 -1 -7.89e-06      0.00 2.683e-02 1.744e-01 4.114e-01 1.749e-05 3.735e-01 11.611 7.988e-01 -10.846 999.999 -25.522 -23.454 -20.400 -16.788 -10.303 -6.280 -4.410
0.00970 1.00e+06 350.0037231445   40.969  6.322  5.2571  5.708    0  0.000  1.225     0.00     0.00 -1 -1.68e-05      0.00 2.695e-02 1.456e-01 3.893e-01 1.757e-05 4.239e-01 11.344 8.275e-01 -11.036 999.999 -27.074 -24.638 -21.317 -17.406 -10.304 -5.928 -3.907
#isochrone terminated
