# File generated by CMD 3.1 (http://stev.oapd.inaf.it/cmd) on Wed Dec 12 18:09:24 CET 2018
# isochrones PARSEC release v1.2S + COLIBRI release PR16, as in Marigo et al. 2017
# Basic reference: Marigo et al. (2017), ApJ, 835, 77
# Photometric system: <i>UBVRIJHK</i> (cf. Maiz-Apellaniz 2006 + Bessell 1990)
# O-rich circumstellar dust ignored
# C-rich circumstellar dust ignored
# Kind of output: isochrone tables
# Zini  Age      Mini            Mass   logL    logTe  logg  label   McoreTP C_O  period0 period1 pmode  Mloss  tau1m   X   Y   Xc  Xn  Xo  Cexcess  Z 	 mbolmag  Umag    Bmag    Vmag    Rmag    Imag    Jmag    Hmag    Kmag
0.00970 1.00e+10 0.0900000036    0.090 -3.385  3.3797  5.248    1  0.000  0.545     0.00     0.00 -1 -4.11e-17      0.00 7.225e-01 2.677e-01 1.749e-03 4.719e-04 4.280e-03 -1.000 9.727e-03 13.232 22.187 19.358 17.287 15.447 13.229 11.151 10.615 10.316
0.00970 1.00e+10 0.1000000015    0.100 -3.189  3.4081  5.212    1  0.000  0.545     0.00     0.00 -1 -6.38e-17      0.00 7.220e-01 2.682e-01 1.749e-03 4.719e-04 4.280e-03 -1.000 9.727e-03 12.743 21.615 18.845 16.786 14.956 12.742 10.663 10.129 9.827
0.00970 1.00e+10 0.1200000048    0.120 -2.923  3.4420  5.160    1  0.000  0.545     0.00     0.00 -1 -1.14e-16      0.00 7.210e-01 2.692e-01 1.749e-03 4.719e-04 4.280e-03 -1.000 9.727e-03 12.076 19.974 17.456 15.468 13.827 11.826 10.070 9.527 9.249
0.00970 1.00e+10 0.1400000006    0.140 -2.741  3.4610  5.121    1  0.000  0.545     0.00     0.00 -1 -1.68e-16      0.00 7.202e-01 2.701e-01 1.749e-03 4.719e-04 4.280e-03 -1.000 9.727e-03 11.622 18.791 16.482 14.562 13.075 11.249 9.672 9.118 8.848
0.00970 1.00e+10 0.1445392966    0.145 -2.707  3.4643  5.114    1  0.000  0.545     0.00     0.00 -1  -1.8e-16      0.00 7.200e-01 2.703e-01 1.749e-03 4.719e-04 4.280e-03 -1.000 9.727e-03 11.537 18.558 16.304 14.401 12.944 11.150 9.597 9.041 8.771
0.00970 1.00e+10 0.1599999964    0.160 -2.598  3.4746  5.091    1  0.000  0.545     0.00     0.00 -1 -2.26e-16      0.00 7.194e-01 2.709e-01 1.749e-03 4.719e-04 4.280e-03 -1.000 9.727e-03 11.265 17.828 15.745 13.898 12.527 10.834 9.354 8.797 8.526
0.00970 1.00e+10 0.1828175932    0.183 -2.466  3.4858  5.061    1  0.000  0.545     0.00     0.00 -1 -2.97e-16      0.00 7.186e-01 2.716e-01 1.749e-03 4.719e-04 4.280e-03 -1.000 9.727e-03 10.934 17.041 15.123 13.337 12.046 10.462 9.054 8.496 8.225
0.00970 1.00e+10 0.2000000030    0.200 -2.377  3.4933  5.041    1  0.000  0.545     0.00     0.00 -1 -3.56e-16      0.00 7.181e-01 2.721e-01 1.749e-03 4.719e-04 4.280e-03 -1.000 9.727e-03 10.711 16.549 14.725 12.976 11.731 10.215 8.851 8.292 8.024
0.00970 1.00e+10 0.2375665158    0.238 -2.215  3.5045  4.999    1  0.000  0.545     0.00     0.00 -1 -4.97e-16      0.00 7.175e-01 2.728e-01 1.749e-03 4.719e-04 4.280e-03 -1.000 9.727e-03 10.308 15.765 14.071 12.379 11.196 9.779 8.476 7.917 7.653
0.00970 1.00e+10 0.2500000000    0.250 -2.167  3.5078  4.987    1  0.000  0.545     0.00     0.00 -1 -5.48e-16      0.00 7.173e-01 2.729e-01 1.749e-03 4.719e-04 4.280e-03 -1.000 9.727e-03 10.189 15.554 13.886 12.207 11.040 9.650 8.365 7.805 7.542
0.00970 1.00e+10 0.3000000119    0.300 -2.001  3.5182  4.941    1  0.000  0.545     0.00     0.00 -1 -7.73e-16      0.00 7.170e-01 2.733e-01 1.749e-03 4.719e-04 4.280e-03 -1.000 9.727e-03 9.773 14.864 13.272 11.634 10.513 9.205 7.973 7.411 7.155
0.00970 1.00e+10 0.3500000238    0.350 -1.855  3.5270  4.897    1  0.000  0.545     0.00     0.00 -1 -1.06e-15      0.00 7.235e-01 2.667e-01 1.749e-03 4.719e-04 4.280e-03 -1.000 9.727e-03 9.408 14.288 12.750 11.146 10.059 8.817 7.628 7.063 6.812
0.00970 1.00e+10 0.3506669998    0.351 -1.853  3.5271  4.897    1  0.000  0.545     0.00     0.00 -1 -1.06e-15      0.00 7.235e-01 2.667e-01 1.749e-03 4.719e-04 4.280e-03 -1.000 9.727e-03 9.402 14.279 12.742 11.138 10.052 8.812 7.623 7.058 6.807
0.00970 1.00e+10 0.4000000358    0.400 -1.706  3.5381  4.851    1  0.000  0.545     0.00     0.00 -1 -1.47e-15      0.00 7.237e-01 2.666e-01 1.749e-03 4.719e-04 4.280e-03 -1.000 9.727e-03 9.036 13.675 12.194 10.630 9.580 8.422 7.283 6.713 6.469
0.00970 1.00e+10 0.4500000179    0.450 -1.548  3.5516  4.797    1  0.000  0.545     0.00     0.00 -1 -2.12e-15      0.00 7.237e-01 2.666e-01 1.749e-03 4.719e-04 4.280e-03 -1.000 9.727e-03 8.639 13.025 11.596 10.074 9.064 8.000 6.920 6.342 6.106
0.00970 1.00e+10 0.5000000000    0.500 -1.378  3.5692  4.744    1  0.000  0.545     0.00     0.00 -1 -3.16e-15      0.00 7.238e-01 2.665e-01 1.749e-03 4.719e-04 4.280e-03 -1.000 9.727e-03 8.215 12.329 10.946 9.472 8.507 7.554 6.542 5.953 5.730
0.00970 1.00e+10 0.5500000119    0.550 -1.189  3.5921  4.687    1  0.000  0.544     0.00     0.00 -1 -4.97e-15      0.00 7.479e-01 2.432e-01 1.607e-03 4.337e-04 3.934e-03 -1.000 8.939e-03 7.743 11.260 10.133 8.804 7.901 7.063 6.099 5.474 5.311
0.00970 1.00e+10 0.6000000238    0.600 -1.005  3.6202  4.654    1  0.000  0.544     0.00     0.00 -1 -7.55e-15      0.00 7.515e-01 2.397e-01 1.587e-03 4.284e-04 3.888e-03 -1.000 8.826e-03 7.283 10.279 9.274 8.063 7.270 6.614 5.741 5.054 4.939
0.00970 1.00e+10 0.6355596185    0.636 -0.871  3.6439  4.640    1  0.000  0.544     0.00     0.00 -1 -1.02e-14      0.00 7.538e-01 2.374e-01 1.574e-03 4.251e-04 3.858e-03 -1.000 8.783e-03 6.948 9.567 8.667 7.550 6.841 6.274 5.472 4.806 4.713
0.00970 1.00e+10 0.6499999762    0.650 -0.819  3.6533  4.634    1  0.000  0.544     0.00     0.00 -1 -1.14e-14      0.00 7.548e-01 2.365e-01 1.569e-03 4.237e-04 3.846e-03 -1.000 8.764e-03 6.816 9.275 8.427 7.351 6.675 6.138 5.365 4.717 4.633
0.00970 1.00e+10 0.6715486646    0.672 -0.740  3.6667  4.624    1  0.000  0.544     0.00     0.00 -1 -1.36e-14      0.00 7.563e-01 2.350e-01 1.561e-03 4.216e-04 3.826e-03 -1.000 8.734e-03 6.620 8.841 8.087 7.064 6.437 5.932 5.207 4.601 4.524
0.00970 1.00e+10 0.7000000477    0.700 -0.639  3.6839  4.610    1  0.000  0.544     0.00     0.00 -1 -1.71e-14      0.00 7.583e-01 2.331e-01 1.550e-03 4.187e-04 3.801e-03 -1.000 8.645e-03 6.368 8.288 7.663 6.706 6.138 5.671 5.006 4.454 4.386
0.00970 1.00e+10 0.7085532546    0.709 -0.609  3.6888  4.605    1  0.000  0.542     0.00     0.00 -1 -1.83e-14      0.00 7.590e-01 2.324e-01 1.542e-03 4.174e-04 3.791e-03 -1.000 8.585e-03 6.292 8.129 7.543 6.604 6.051 5.594 4.947 4.409 4.344
0.00970 1.00e+10 0.7246961594    0.725 -0.552  3.6979  4.594    1  0.000  0.540     0.00     0.00 -1 -2.09e-14      0.00 7.604e-01 2.310e-01 1.528e-03 4.153e-04 3.773e-03 -1.000 8.594e-03 6.150 7.834 7.320 6.415 5.890 5.451 4.834 4.324 4.264
0.00970 1.00e+10 0.7389810085    0.739 -0.502  3.7057  4.583    1  0.000  0.538     0.00     0.00 -1 -2.35e-14      0.00 7.616e-01 2.298e-01 1.515e-03 4.133e-04 3.757e-03 -1.000 8.562e-03 6.024 7.583 7.130 6.256 5.752 5.327 4.737 4.250 4.193
0.00970 1.00e+10 0.7500000000    0.750 -0.463  3.7117  4.575    1  0.000  0.536     0.00     0.00 -1 -2.57e-14      0.00 7.626e-01 2.290e-01 1.506e-03 4.119e-04 3.745e-03 -1.000 8.485e-03 5.927 7.392 6.986 6.135 5.647 5.232 4.662 4.192 4.138
0.00970 1.00e+10 0.7527139187    0.753 -0.453  3.7130  4.572    1  0.000  0.536     0.00     0.00 -1 -2.63e-14      0.00 7.629e-01 2.287e-01 1.505e-03 4.115e-04 3.741e-03 -1.000 8.477e-03 5.903 7.348 6.953 6.107 5.621 5.210 4.643 4.177 4.123
0.00970 1.00e+10 0.7684792876    0.768 -0.398  3.7206  4.556    1  0.000  0.536     0.00     0.00 -1 -3.02e-14      0.00 7.645e-01 2.270e-01 1.495e-03 4.089e-04 3.719e-03 -1.000 8.427e-03 5.765 7.093 6.757 5.941 5.475 5.076 4.533 4.088 4.037
0.00970 1.00e+10 0.7835850120    0.783 -0.345  3.7276  4.539    1  0.000  0.536     0.00     0.00 -1 -3.44e-14      0.00 7.662e-01 2.254e-01 1.486e-03 4.065e-04 3.697e-03 -1.000 8.408e-03 5.632 6.855 6.573 5.785 5.336 4.949 4.427 4.001 3.953
0.00970 1.00e+10 0.7976540327    0.797 -0.295  3.7340  4.523    1  0.000  0.536     0.00     0.00 -1  -3.9e-14      0.00 7.678e-01 2.239e-01 1.477e-03 4.042e-04 3.677e-03 -1.000 8.354e-03 5.508 6.638 6.403 5.642 5.207 4.831 4.329 3.919 3.874
0.00970 1.00e+10 0.7996897697    0.799 -0.288  3.7349  4.520    1  0.000  0.536     0.00     0.00 -1 -3.97e-14      0.00 7.680e-01 2.237e-01 1.476e-03 4.039e-04 3.674e-03 -1.000 8.347e-03 5.490 6.607 6.379 5.622 5.189 4.814 4.315 3.907 3.862
0.00970 1.00e+10 0.8123919964    0.812 -0.243  3.7401  4.503    1  0.000  0.536     0.00     0.00 -1 -4.46e-14      0.00 7.697e-01 2.220e-01 1.467e-03 4.015e-04 3.652e-03 -1.000 8.307e-03 5.376 6.420 6.230 5.495 5.074 4.707 4.223 3.828 3.785
0.00970 1.00e+10 0.8242634535    0.824 -0.200  3.7448  4.485    1  0.000  0.536     0.00     0.00 -1 -4.99e-14      0.00 7.713e-01 2.205e-01 1.459e-03 3.991e-04 3.631e-03 -1.000 8.263e-03 5.269 6.252 6.092 5.378 4.966 4.607 4.137 3.752 3.711
0.00970 1.00e+10 0.8355793953    0.835 -0.158  3.7492  4.467    1  0.000  0.536     0.00     0.00 -1 -5.56e-14      0.00 7.728e-01 2.190e-01 1.451e-03 3.968e-04 3.611e-03 -1.000 8.237e-03 5.165 6.093 5.960 5.265 4.862 4.510 4.052 3.678 3.639
0.00970 1.00e+10 0.8464955091    0.846 -0.118  3.7532  4.448    1  0.000  0.535     0.00     0.00 -1  -6.2e-14      0.00 7.743e-01 2.175e-01 1.442e-03 3.947e-04 3.591e-03 -1.000 8.179e-03 5.064 5.941 5.833 5.155 4.761 4.415 3.968 3.603 3.566
0.00970 1.00e+10 0.8493795395    0.849 -0.107  3.7542  4.442    1  0.000  0.535     0.00     0.00 -1 -6.38e-14      0.00 7.747e-01 2.171e-01 1.440e-03 3.941e-04 3.586e-03 -1.000 8.162e-03 5.037 5.903 5.800 5.126 4.734 4.390 3.945 3.583 3.546
0.00970 1.00e+10 0.8549131155    0.854 -0.086  3.7561  4.432    1  0.000  0.535     0.00     0.00 -1 -6.76e-14      0.00 7.757e-01 2.162e-01 1.435e-03 3.927e-04 3.574e-03 -1.000 8.121e-03 4.984 5.829 5.736 5.071 4.682 4.341 3.901 3.543 3.507
0.00970 1.00e+10 0.8670230508    0.866 -0.039  3.7600  4.406    1  0.000  0.535     0.00     0.00 -1  -7.7e-14      0.00 7.778e-01 2.142e-01 1.423e-03 3.897e-04 3.546e-03 -1.000 8.044e-03 4.867 5.667 5.595 4.946 4.566 4.231 3.801 3.452 3.417
0.00970 1.00e+10 0.8779777884    0.877  0.005  3.7632  4.381    1  0.000  0.535     0.00     0.00 -1 -8.71e-14      0.00 7.796e-01 2.124e-01 1.413e-03 3.869e-04 3.521e-03 -1.000 8.028e-03 4.757 5.520 5.465 4.831 4.457 4.127 3.707 3.365 3.331
0.00970 1.00e+10 0.8883816600    0.887  0.047  3.7661  4.355    1  0.000  0.535     0.00     0.00 -1 -9.83e-14      0.00 7.814e-01 2.106e-01 1.403e-03 3.842e-04 3.497e-03 -1.000 7.989e-03 4.651 5.383 5.341 4.720 4.352 4.026 3.613 3.278 3.245
0.00970 1.00e+10 0.8980261087    0.897  0.087  3.7684  4.329    1  0.000  0.535     0.00     0.00 -1  -1.1e-13      0.00 7.831e-01 2.089e-01 1.394e-03 3.817e-04 3.475e-03 -1.000 7.939e-03 4.553 5.261 5.229 4.618 4.254 3.933 3.526 3.196 3.163
0.00970 1.00e+10 0.8990693092    0.898  0.091  3.7686  4.326    1  0.000  0.535     0.00     0.00 -1 -1.12e-13      0.00 7.833e-01 2.088e-01 1.393e-03 3.815e-04 3.473e-03 -1.000 7.933e-03 4.542 5.249 5.217 4.607 4.244 3.922 3.516 3.186 3.154
0.00970 1.00e+10 0.9098095298    0.909  0.135  3.7704  4.295    1  0.000  0.535     0.00     0.00 -1 -1.27e-13      0.00 7.856e-01 2.065e-01 1.380e-03 3.781e-04 3.443e-03 -1.000 7.849e-03 4.432 5.121 5.097 4.495 4.135 3.816 3.415 3.089 3.057
0.00970 1.00e+10 0.9201343060    0.919  0.181  3.7719  4.260    1  0.000  0.535     0.00     0.00 -1 -1.47e-13      0.00 7.863e-01 2.059e-01 1.377e-03 3.772e-04 3.435e-03 -1.000 7.805e-03 4.317 4.992 4.972 4.377 4.021 3.705 3.307 2.985 2.953
0.00970 1.00e+10 0.9234472513    0.922  0.196  3.7723  4.248    1  0.000  0.534     0.00     0.00 -1 -1.54e-13      0.00 7.863e-01 2.060e-01 1.378e-03 3.774e-04 3.437e-03 -1.000 7.768e-03 4.279 4.950 4.932 4.338 3.983 3.667 3.271 2.949 2.918
0.00970 1.00e+10 0.9287422895    0.928  0.221  3.7727  4.227    1  0.000  0.534     0.00     0.00 -1 -1.67e-13      0.00 7.861e-01 2.061e-01 1.379e-03 3.777e-04 3.439e-03 -1.000 7.822e-03 4.217 4.884 4.866 4.275 3.920 3.606 3.210 2.889 2.858
0.00970 1.00e+10 0.9393725991    0.938  0.274  3.7725  4.178    1  0.000  0.535     0.00     0.00 -1 -1.97e-13      0.00 7.852e-01 2.070e-01 1.386e-03 3.796e-04 3.457e-03 -1.000 7.870e-03 4.085 4.755 4.735 4.144 3.789 3.474 3.078 2.757 2.726
0.00970 1.00e+10 0.9478335977    0.947  0.318  3.7710  4.132    1  0.000  0.534     0.00     0.00 -1 -2.29e-13      0.00 7.830e-01 2.090e-01 1.401e-03 3.838e-04 3.495e-03 -1.000 7.974e-03 3.975 4.659 4.631 4.035 3.678 3.361 2.961 2.637 2.605
0.00970 1.00e+10 0.9487590790    0.948  0.323  3.7708  4.127    1  0.000  0.534     0.00     0.00 -1 -2.34e-13      0.00 7.827e-01 2.093e-01 1.403e-03 3.845e-04 3.502e-03 -1.000 7.992e-03 3.963 4.649 4.620 4.023 3.666 3.348 2.947 2.623 2.591
0.00970 1.00e+10 0.9513064027    0.950  0.337  3.7701  4.111    1  0.000  0.534     0.00     0.00 -1 -2.45e-13      0.00 7.818e-01 2.102e-01 1.409e-03 3.863e-04 3.518e-03 -1.000 8.038e-03 3.928 4.622 4.589 3.990 3.631 3.312 2.910 2.584 2.552
0.00970 1.00e+10 0.9528875351    0.952  0.345  3.7694  4.100    1  0.000  0.534     0.00     0.00 -1 -2.53e-13      0.00 7.805e-01 2.114e-01 1.418e-03 3.886e-04 3.539e-03 -1.000 8.070e-03 3.906 4.607 4.571 3.969 3.608 3.289 2.884 2.557 2.525
0.00970 1.00e+10 0.9603165984    0.959  0.387  3.7637  4.040    2  0.000  0.534     0.00     0.00 -1 -2.97e-13      0.00 7.715e-01 2.201e-01 1.474e-03 4.037e-04 3.676e-03 -1.000 8.380e-03 3.803 4.561 4.499 3.874 3.503 3.175 2.755 2.416 2.382
0.00970 1.00e+10 0.9658039212    0.965  0.414  3.7557  3.984    2  0.000  0.535     0.00     0.00 -1 -3.36e-13      0.00 7.614e-01 2.299e-01 1.531e-03 4.192e-04 3.815e-03 -1.000 8.701e-03 3.736 4.582 4.480 3.821 3.435 3.093 2.652 2.294 2.258
0.00970 1.00e+10 0.9693264365    0.968  0.424  3.7459  3.935    2  0.000  0.536     0.00     0.00 -1 -3.64e-13      0.00 7.530e-01 2.380e-01 1.576e-03 4.312e-04 3.922e-03 -1.000 8.947e-03 3.710 4.672 4.516 3.814 3.408 3.051 2.582 2.202 2.161
0.00970 1.00e+10 0.9715451598    0.970  0.426  3.7363  3.896    2  0.000  0.536     0.00     0.00 -1 -3.83e-13      0.00 7.473e-01 2.436e-01 1.605e-03 4.390e-04 3.992e-03 -1.000 9.104e-03 3.704 4.788 4.575 3.829 3.404 3.032 2.535 2.132 2.088
0.00970 1.00e+10 0.9734508395    0.972  0.430  3.7258  3.851    2  0.000  0.536     0.00     0.00 -1 -4.07e-13      0.00 7.426e-01 2.482e-01 1.628e-03 4.452e-04 4.047e-03 -1.000 9.228e-03 3.694 4.925 4.641 3.848 3.401 3.011 2.483 2.053 2.005
0.00970 1.00e+10 0.9753059149    0.974  0.448  3.7156  3.793    2  0.000  0.537     0.00     0.00 -1  -4.5e-13      0.00 7.384e-01 2.523e-01 1.648e-03 4.504e-04 4.093e-03 -1.000 9.304e-03 3.651 5.034 4.676 3.838 3.368 2.961 2.400 1.943 1.891
0.00970 1.00e+10 0.9769284725    0.976  0.482  3.7084  3.731    2  0.000  0.537     0.00     0.00 -1 -5.23e-13      0.00 7.349e-01 2.557e-01 1.662e-03 4.542e-04 4.128e-03 -1.000 9.385e-03 3.565 5.059 4.647 3.777 3.291 2.872 2.287 1.809 1.756
0.00970 1.00e+10 0.9775609374    0.976  0.500  3.7061  3.704    2  0.000  0.537     0.00     0.00 -1 -5.64e-13      0.00 7.335e-01 2.571e-01 1.667e-03 4.555e-04 4.139e-03 -1.000 9.398e-03 3.519 5.049 4.620 3.740 3.249 2.825 2.234 1.749 1.694
0.00970 1.00e+10 0.9783576727    0.977  0.529  3.7039  3.666    3  0.000  0.537     0.00     0.00 -1 -6.29e-13      0.00 7.316e-01 2.589e-01 1.672e-03 4.569e-04 4.152e-03 -1.000 9.450e-03 3.447 5.012 4.566 3.676 3.180 2.753 2.153 1.662 1.607
0.00970 1.00e+10 0.9794912338    0.978  0.576  3.7014  3.610    3  0.000  0.537     0.00     0.00 -1 -7.44e-13      0.00 7.288e-01 2.617e-01 1.677e-03 4.590e-04 4.168e-03 -1.000 9.485e-03 3.329 4.935 4.470 3.568 3.067 2.635 2.027 1.529 1.472
0.00970 1.00e+10 0.9804341197    0.979  0.620  3.6996  3.559    3  0.000  0.535     0.00     0.00 -1  -8.7e-13      0.00 7.262e-01 2.643e-01 1.678e-03 4.612e-04 4.179e-03 -1.000 9.478e-03 3.220 4.854 4.375 3.465 2.960 2.525 1.911 1.408 1.351
0.00970 1.00e+10 0.9815044999    0.980  0.675  3.6979  3.498    3  0.000  0.529     0.00     0.00 -1 -1.06e-12      0.00 7.228e-01 2.676e-01 1.663e-03 4.720e-04 4.190e-03 -1.000 9.533e-03 3.082 4.742 4.251 3.333 2.824 2.386 1.767 1.259 1.202
0.00970 1.00e+10 0.9822342396    0.981  0.717  3.6968  3.452    3  0.000  0.521     0.00     0.00 -1 -1.23e-12      0.00 7.204e-01 2.701e-01 1.638e-03 4.954e-04 4.196e-03 -1.000 9.534e-03 2.979 4.659 4.158 3.234 2.723 2.283 1.659 1.149 1.091
0.00970 1.00e+10 0.9829390645    0.982  0.759  3.6957  3.405    3  0.000  0.510     0.00     0.00 -1 -1.43e-12      0.00 7.182e-01 2.723e-01 1.607e-03 5.309e-04 4.201e-03 -1.000 9.596e-03 2.871 4.573 4.061 3.131 2.617 2.175 1.548 1.034 0.976
0.00970 1.00e+10 0.9835950732    0.982  0.802  3.6945  3.358    3  0.000  0.498     0.00     0.00 -1 -1.67e-12      0.00 7.159e-01 2.745e-01 1.570e-03 5.771e-04 4.206e-03 -1.000 9.600e-03 2.764 4.486 3.964 3.029 2.512 2.068 1.437 0.920 0.861
0.00970 1.00e+10 0.9841706157    0.983  0.844  3.6934  3.313    3  0.000  0.489     0.00     0.00 -1 -1.93e-12      0.00 7.142e-01 2.763e-01 1.543e-03 6.110e-04 4.209e-03 -1.000 9.552e-03 2.661 4.403 3.872 2.931 2.412 1.965 1.330 0.811 0.751
0.00970 1.00e+10 0.9847192168    0.983  0.885  3.6923  3.267    3  0.000  0.481     0.00     0.00 -1 -2.24e-12      0.00 7.125e-01 2.779e-01 1.519e-03 6.425e-04 4.212e-03 -1.000 9.603e-03 2.557 4.320 3.779 2.832 2.310 1.862 1.222 0.699 0.639
0.00970 1.00e+10 0.9852347374    0.984  0.928  3.6910  3.219    3  0.000  0.475     0.00     0.00 -1 -2.61e-12      0.00 7.113e-01 2.791e-01 1.502e-03 6.641e-04 4.214e-03 -1.000 9.603e-03 2.451 4.236 3.685 2.731 2.207 1.756 1.112 0.585 0.525
0.00970 1.00e+10 0.9857203364    0.984  0.970  3.6896  3.171    3  0.000  0.470     0.00     0.00 -1 -3.05e-12      0.00 7.102e-01 2.802e-01 1.487e-03 6.828e-04 4.216e-03 -1.000 9.605e-03 2.344 4.153 3.591 2.630 2.102 1.649 1.000 0.470 0.409
0.00970 1.00e+10 0.9861435294    0.984  1.011  3.6883  3.125    3  0.000  0.467     0.00     0.00 -1 -3.53e-12      0.00 7.094e-01 2.810e-01 1.478e-03 6.948e-04 4.217e-03 -1.000 9.606e-03 2.242 4.075 3.501 2.534 2.004 1.548 0.894 0.360 0.298
0.00970 1.00e+10 0.9865419865    0.985  1.053  3.6868  3.078    3  0.000  0.465     0.00     0.00 -1 -4.09e-12      0.00 7.088e-01 2.816e-01 1.470e-03 7.045e-04 4.218e-03 -1.000 9.609e-03 2.139 3.998 3.412 2.437 1.903 1.445 0.786 0.248 0.185
0.00970 1.00e+10 0.9868959188    0.985  1.092  3.6854  3.033    3  0.000  0.463     0.00     0.00 -1 -4.71e-12      0.00 7.083e-01 2.820e-01 1.466e-03 7.107e-04 4.218e-03 -1.000 9.635e-03 2.040 3.925 3.327 2.345 1.808 1.347 0.683 0.140 0.077
0.00970 1.00e+10 0.9873309731    0.985  1.145  3.6833  2.972    3  0.000  0.462     0.00     0.00 -1 -5.72e-12      0.00 7.079e-01 2.824e-01 1.461e-03 7.163e-04 4.219e-03 -1.000 9.634e-03 1.907 3.830 3.214 2.221 1.679 1.214 0.543 -0.005 -0.070
0.00970 1.00e+10 0.9877098203    0.986  1.196  3.6812  2.912    3  0.000  0.461     0.00     0.00 -1 -6.88e-12      0.00 7.077e-01 2.826e-01 1.459e-03 7.196e-04 4.219e-03 -1.000 9.627e-03 1.779 3.742 3.106 2.103 1.556 1.087 0.408 -0.146 -0.212
0.00970 1.00e+10 0.9880481958    0.986  1.247  3.6790  2.853    3  0.000  0.461     0.00     0.00 -1 -8.28e-12      0.00 7.077e-01 2.827e-01 1.459e-03 7.203e-04 4.219e-03 -1.000 9.627e-03 1.653 3.657 3.003 1.989 1.435 0.962 0.275 -0.285 -0.352
0.00970 1.00e+10 0.9883608222    0.986  1.298  3.6767  2.793    3  0.000  0.461     0.00     0.00 -1 -9.99e-12      0.00 7.077e-01 2.827e-01 1.458e-03 7.206e-04 4.220e-03 -1.000 9.627e-03 1.524 3.571 2.898 1.872 1.313 0.835 0.140 -0.427 -0.496
0.00970 1.00e+10 0.9886350632    0.986  1.347  3.6744  2.734    3  0.000  0.461     0.00     0.00 -1  -1.2e-11      0.00 7.077e-01 2.827e-01 1.458e-03 7.209e-04 4.220e-03 -1.000 9.627e-03 1.401 3.492 2.799 1.762 1.196 0.714 0.010 -0.564 -0.634
0.00970 1.00e+10 0.9888888001    0.987  1.397  3.6720  2.675    3  0.000  0.461     0.00     0.00 -1 -1.44e-11      0.00 7.077e-01 2.827e-01 1.458e-03 7.212e-04 4.220e-03 -1.000 9.627e-03 1.277 3.412 2.699 1.650 1.079 0.592 -0.121 -0.701 -0.773
0.00970 1.00e+10 0.9891200662    0.987  1.446  3.6695  2.616    3  0.000  0.461     0.00     0.00 -1 -1.72e-11      0.00 7.076e-01 2.827e-01 1.458e-03 7.215e-04 4.220e-03 -1.000 9.627e-03 1.155 3.337 2.603 1.541 0.963 0.472 -0.251 -0.838 -0.912
0.00970 1.00e+10 0.9893301129    0.987  1.493  3.6672  2.560    3  0.000  0.461     0.00     0.00 -1 -2.05e-11      0.00 7.076e-01 2.827e-01 1.458e-03 7.217e-04 4.220e-03 -1.000 9.627e-03 1.037 3.265 2.510 1.436 0.852 0.356 -0.375 -0.969 -1.045
0.00970 1.00e+10 0.9895364642    0.987  1.540  3.6646  2.503    3  0.000  0.461     0.00     0.00 -1 -2.43e-11      0.00 7.076e-01 2.827e-01 1.458e-03 7.219e-04 4.220e-03 -1.000 9.627e-03 0.920 3.196 2.421 1.334 0.743 0.242 -0.500 -1.101 -1.178
0.00970 1.00e+10 0.9898093343    0.987  1.588  3.6622  2.445    3  0.000  0.460     0.00     0.00 -1 -2.92e-11      0.00 7.076e-01 2.828e-01 1.457e-03 7.222e-04 4.220e-03 -1.000 9.627e-03 0.800 3.128 2.328 1.229 0.631 0.124 -0.627 -1.234 -1.314
0.00970 1.00e+10 0.9898524880    0.987  1.591  3.6620  2.441    3  0.000  0.460     0.00     0.00 -1 -2.97e-11      0.00 7.076e-01 2.828e-01 1.457e-03 7.223e-04 4.220e-03 -1.000 9.627e-03 0.792 3.123 2.322 1.222 0.624 0.117 -0.635 -1.243 -1.322
0.00970 1.00e+10 0.9900484681    0.987  1.551  3.6648  2.492    3  0.000  0.460     0.00     0.00 -1 -2.58e-11      0.00 7.076e-01 2.828e-01 1.457e-03 7.225e-04 4.220e-03 -1.000 9.627e-03 0.892 3.168 2.392 1.305 0.715 0.214 -0.527 -1.127 -1.205
0.00970 1.00e+10 0.9901344180    0.987  1.525  3.6665  2.525    3  0.000  0.460     0.00     0.00 -1 -2.34e-11      0.00 7.076e-01 2.828e-01 1.457e-03 7.226e-04 4.220e-03 -1.000 9.627e-03 0.957 3.199 2.437 1.359 0.774 0.276 -0.458 -1.053 -1.129
0.00970 1.00e+10 0.9902197123    0.987  1.551  3.6651  2.493    3  0.000  0.460     0.00     0.00 -1 -2.54e-11      0.00 7.076e-01 2.828e-01 1.457e-03 7.227e-04 4.220e-03 -1.000 9.627e-03 0.892 3.163 2.388 1.303 0.713 0.213 -0.527 -1.126 -1.204
0.00970 1.00e+10 0.9903801084    0.987  1.599  3.6624  2.435    3  0.000  0.460     0.00     0.00 -1 -3.01e-11      0.00 7.076e-01 2.828e-01 1.457e-03 7.229e-04 4.220e-03 -1.000 9.627e-03 0.773 3.100 2.300 1.201 0.604 0.097 -0.653 -1.259 -1.339
0.00970 1.00e+10 0.9905342460    0.987  1.646  3.6597  2.377    3  0.000  0.460     0.00     0.00 -1  -3.6e-11      0.00 7.076e-01 2.828e-01 1.457e-03 7.230e-04 4.220e-03 -1.000 9.627e-03 0.654 3.038 2.212 1.098 0.493 -0.019 -0.779 -1.394 -1.476
0.00970 1.00e+10 0.9906743765    0.987  1.693  3.6570  2.319    3  0.000  0.460     0.00     0.00 -1 -4.28e-11      0.00 7.076e-01 2.828e-01 1.457e-03 7.232e-04 4.220e-03 -1.000 9.627e-03 0.538 2.979 2.126 0.998 0.386 -0.132 -0.903 -1.525 -1.609
0.00970 1.00e+10 0.9908036590    0.987  1.739  3.6542  2.262    3  0.000  0.460     0.00     0.00 -1 -5.08e-11      0.00 7.076e-01 2.828e-01 1.457e-03 7.233e-04 4.220e-03 -1.000 9.627e-03 0.423 2.923 2.042 0.899 0.279 -0.244 -1.027 -1.656 -1.743
0.00970 1.00e+10 0.9909227490    0.986  1.785  3.6514  2.205    3  0.000  0.460     0.00     0.00 -1 -6.03e-11      0.00 7.076e-01 2.828e-01 1.456e-03 7.235e-04 4.220e-03 -1.000 9.627e-03 0.307 2.873 1.963 0.805 0.176 -0.355 -1.149 -1.785 -1.875
0.00970 1.00e+10 0.9910305738    0.986  1.830  3.6485  2.148    3  0.000  0.460     0.00     0.00 -1 -7.16e-11      0.00 7.076e-01 2.828e-01 1.456e-03 7.236e-04 4.220e-03 -1.000 9.627e-03 0.194 2.827 1.886 0.713 0.074 -0.463 -1.269 -1.914 -2.007
0.00970 1.00e+10 0.9911296964    0.986  1.876  3.6457  2.091    3  0.000  0.460     0.00     0.00 -1 -8.48e-11      0.00 7.076e-01 2.828e-01 1.456e-03 7.237e-04 4.220e-03 -1.000 9.627e-03 0.081 2.782 1.810 0.621 -0.027 -0.571 -1.389 -2.042 -2.138
0.00970 1.00e+10 0.9912210107    0.986  1.921  3.6428  2.035    3  0.000  0.460     0.00     0.00 -1    -1e-10      0.00 7.076e-01 2.828e-01 1.456e-03 7.238e-04 4.220e-03 -1.000 9.627e-03 -0.032 2.739 1.735 0.530 -0.127 -0.679 -1.508 -2.169 -2.268
0.00970 1.00e+10 0.9913046956    0.986  1.965  3.6400  1.978    3  0.000  0.460     0.00     0.00 -1 -1.19e-10      0.00 7.076e-01 2.828e-01 1.456e-03 7.239e-04 4.220e-03 -1.000 9.627e-03 -0.143 2.701 1.663 0.441 -0.226 -0.785 -1.627 -2.296 -2.398
0.00970 1.00e+10 0.9913820028    0.985  2.010  3.6370  1.922    3  0.000  0.460     0.00     0.00 -1  -1.4e-10      0.00 7.076e-01 2.828e-01 1.456e-03 7.240e-04 4.220e-03 -1.000 9.627e-03 -0.255 2.672 1.594 0.354 -0.324 -0.891 -1.746 -2.423 -2.528
0.00970 1.00e+10 0.9914498329    0.985  2.053  3.6341  1.867    3  0.000  0.460     0.00     0.00 -1 -1.65e-10      0.00 7.076e-01 2.828e-01 1.456e-03 7.240e-04 4.220e-03 -1.000 9.627e-03 -0.361 2.647 1.530 0.272 -0.417 -0.992 -1.859 -2.543 -2.653
0.00970 1.00e+10 0.9915140271    0.985  2.096  3.6311  1.811    3  0.000  0.460     0.00     0.00 -1 -1.95e-10      0.00 7.075e-01 2.828e-01 1.456e-03 7.241e-04 4.220e-03 -1.000 9.627e-03 -0.471 2.623 1.465 0.189 -0.511 -1.095 -1.976 -2.668 -2.781
0.00970 1.00e+10 0.9915723801    0.984  2.139  3.6281  1.756    3  0.000  0.460     0.00     0.00 -1 -2.29e-10      0.00 7.075e-01 2.828e-01 1.456e-03 7.242e-04 4.220e-03 -1.000 9.627e-03 -0.579 2.602 1.402 0.107 -0.605 -1.197 -2.091 -2.790 -2.908
0.00970 1.00e+10 0.9916256070    0.984  2.182  3.6251  1.702    3  0.000  0.460     0.00     0.00 -1 -2.69e-10      0.00 7.075e-01 2.828e-01 1.456e-03 7.242e-04 4.220e-03 -1.000 9.627e-03 -0.685 2.584 1.342 0.027 -0.696 -1.297 -2.204 -2.911 -3.033
0.00970 1.00e+10 0.9916759729    0.983  2.225  3.6221  1.646    3  0.000  0.460     0.00     0.00 -1 -3.17e-10      0.00 7.075e-01 2.828e-01 1.456e-03 7.243e-04 4.220e-03 -1.000 9.627e-03 -0.794 2.569 1.283 -0.051 -0.786 -1.398 -2.319 -3.035 -3.161
0.00970 1.00e+10 0.9917204380    0.983  2.267  3.6191  1.592    3  0.000  0.460     0.00     0.00 -1 -3.71e-10      0.00 7.075e-01 2.828e-01 1.456e-03 7.243e-04 4.220e-03 -1.000 9.627e-03 -0.897 2.557 1.227 -0.125 -0.872 -1.495 -2.429 -3.153 -3.283
0.00970 1.00e+10 0.9917622209    0.982  2.309  3.6161  1.538    3  0.000  0.460     0.00     0.00 -1 -4.35e-10      0.00 7.075e-01 2.828e-01 1.456e-03 7.244e-04 4.220e-03 -1.000 9.627e-03 -1.002 2.547 1.172 -0.199 -0.959 -1.592 -2.539 -3.272 -3.406
0.00970 1.00e+10 0.9918007851    0.982  2.350  3.6130  1.483    3  0.000  0.460     0.00     0.00 -1  -5.1e-10      0.00 7.075e-01 2.828e-01 1.456e-03 7.244e-04 4.221e-03 -1.000 9.627e-03 -1.106 2.543 1.120 -0.272 -1.045 -1.689 -2.650 -3.392 -3.530
0.00970 1.00e+10 0.9918355346    0.981  2.391  3.6100  1.431    3  0.000  0.460     0.00     0.00 -1 -5.96e-10      0.00 7.075e-01 2.828e-01 1.456e-03 7.245e-04 4.221e-03 -1.000 9.627e-03 -1.207 2.542 1.073 -0.339 -1.125 -1.782 -2.758 -3.508 -3.650
0.00970 1.00e+10 0.9918689728    0.980  2.433  3.6068  1.376    3  0.000  0.460     0.00     0.00 -1 -6.99e-10      0.00 7.075e-01 2.828e-01 1.456e-03 7.245e-04 4.221e-03 -1.000 9.627e-03 -1.312 2.543 1.025 -0.407 -1.206 -1.878 -2.870 -3.628 -3.776
0.00970 1.00e+10 0.9918987155    0.979  2.473  3.6037  1.323    3  0.000  0.460     0.00     0.00 -1 -8.15e-10      0.00 7.075e-01 2.828e-01 1.456e-03 7.245e-04 4.221e-03 -1.000 9.627e-03 -1.412 2.546 0.982 -0.470 -1.284 -1.970 -2.976 -3.744 -3.896
0.00970 1.00e+10 0.9919261336    0.979  2.513  3.6006  1.270    3  0.000  0.460     0.00     0.00 -1 -9.49e-10      0.00 7.075e-01 2.828e-01 1.456e-03 7.245e-04 4.221e-03 -1.000 9.627e-03 -1.512 2.551 0.939 -0.533 -1.360 -2.061 -3.082 -3.859 -4.016
0.00970 1.00e+10 0.9919520617    0.978  2.553  3.5974  1.217    3  0.000  0.460     0.00     0.00 -1 -1.11e-09      0.00 7.075e-01 2.828e-01 1.456e-03 7.246e-04 4.221e-03 -1.000 9.627e-03 -1.613 2.558 0.898 -0.594 -1.436 -2.153 -3.190 -3.975 -4.138
0.00970 1.00e+10 0.9919752479    0.977  2.592  3.5943  1.165    3  0.000  0.460     0.00     0.00 -1 -1.29e-09      0.00 7.075e-01 2.828e-01 1.456e-03 7.246e-04 4.221e-03 -1.000 9.627e-03 -1.709 2.561 0.862 -0.648 -1.504 -2.240 -3.294 -4.088 -4.255
0.00970 1.00e+10 0.9919968247    0.976  2.630  3.5912  1.114    3  0.000  0.460     0.00     0.00 -1 -1.49e-09      0.00 7.075e-01 2.828e-01 1.456e-03 7.246e-04 4.221e-03 -1.000 9.627e-03 -1.806 2.566 0.827 -0.699 -1.570 -2.326 -3.396 -4.200 -4.371
0.00970 1.00e+10 0.9920170307    0.974  2.669  3.5879  1.062    3  0.000  0.460     0.00     0.00 -1 -1.73e-09      0.00 7.075e-01 2.828e-01 1.456e-03 7.246e-04 4.221e-03 -1.000 9.627e-03 -1.902 2.576 0.795 -0.750 -1.635 -2.412 -3.499 -4.313 -4.489
0.00970 1.00e+10 0.9920353293    0.973  2.706  3.5848  1.012    3  0.000  0.460     0.00     0.00 -1    -2e-09      0.00 7.075e-01 2.828e-01 1.456e-03 7.247e-04 4.221e-03 -1.000 9.627e-03 -1.995 2.584 0.764 -0.799 -1.699 -2.495 -3.598 -4.421 -4.602
0.00970 1.00e+10 0.9920529127    0.972  2.744  3.5816  0.960    3  0.000  0.460     0.00     0.00 -1 -2.32e-09      0.00 7.075e-01 2.828e-01 1.456e-03 7.247e-04 4.221e-03 -1.000 9.627e-03 -2.089 2.594 0.740 -0.837 -1.755 -2.579 -3.700 -4.531 -4.717
0.00970 1.00e+10 0.9920729399    0.970  2.790  3.5774  0.897    3  0.000  0.460     0.00     0.00 -1 -2.77e-09      0.00 7.075e-01 2.828e-01 1.456e-03 7.247e-04 4.221e-03 -1.000 9.627e-03 -2.204 2.612 0.721 -0.875 -1.815 -2.679 -3.825 -4.667 -4.859
0.00970 1.00e+10 0.9920907021    0.968  2.833  3.5733  0.836    3  0.000  0.460     0.00     0.00 -1 -3.29e-09      0.00 7.075e-01 2.828e-01 1.456e-03 7.247e-04 4.221e-03 -1.000 9.627e-03 -2.314 2.631 0.704 -0.910 -1.872 -2.773 -3.944 -4.797 -4.995
0.00970 1.00e+10 0.9921071529    0.966  2.877  3.5693  0.775    3  0.000  0.460     0.00     0.00 -1  -3.9e-09      0.00 7.075e-01 2.828e-01 1.456e-03 7.247e-04 4.221e-03 -1.000 9.627e-03 -2.422 2.649 0.691 -0.940 -1.926 -2.866 -4.063 -4.925 -5.130
0.00970 1.00e+10 0.9921222925    0.964  2.920  3.5652  0.715    3  0.000  0.460     0.00     0.00 -1 -4.63e-09      0.00 7.075e-01 2.829e-01 1.456e-03 7.248e-04 4.221e-03 -1.000 9.627e-03 -2.530 2.657 0.690 -0.949 -1.961 -2.955 -4.181 -5.053 -5.264
0.00970 1.00e+10 0.9921361804    0.961  2.962  3.5611  0.656    3  0.000  0.460     0.00     0.00 -1 -5.46e-09      0.00 7.075e-01 2.829e-01 1.456e-03 7.248e-04 4.221e-03 -1.000 9.627e-03 -2.634 2.668 0.692 -0.954 -1.994 -3.041 -4.296 -5.177 -5.395
0.00970 1.00e+10 0.9921491146    0.958  3.003  3.5570  0.596    3  0.000  0.460     0.00     0.00 -1 -6.44e-09      0.00 7.075e-01 2.829e-01 1.456e-03 7.248e-04 4.221e-03 -1.000 9.627e-03 -2.738 2.682 0.697 -0.957 -2.025 -3.125 -4.410 -5.301 -5.525
0.00970 1.00e+10 0.9921610951    0.955  3.044  3.5528  0.538    3  0.000  0.460     0.00     0.00 -1 -7.58e-09      0.00 7.075e-01 2.829e-01 1.456e-03 7.248e-04 4.221e-03 -1.000 9.627e-03 -2.839 2.690 0.723 -0.928 -2.032 -3.199 -4.523 -5.422 -5.653
0.00970 1.00e+10 0.9921721220    0.952  3.083  3.5486  0.480    3  0.000  0.460     0.00     0.00 -1  -8.9e-09      0.00 7.075e-01 2.829e-01 1.456e-03 7.248e-04 4.221e-03 -1.000 9.627e-03 -2.939 2.698 0.759 -0.884 -2.029 -3.269 -4.635 -5.542 -5.780
0.00970 1.00e+10 0.9921821952    0.948  3.122  3.5444  0.423    3  0.000  0.460     0.00     0.00 -1 -1.04e-08      0.00 7.075e-01 2.829e-01 1.456e-03 7.248e-04 4.221e-03 -1.000 9.627e-03 -3.035 2.710 0.803 -0.834 -2.021 -3.336 -4.745 -5.659 -5.903
0.00970 1.00e+10 0.9921916127    0.945  3.160  3.5402  0.366    3  0.000  0.460     0.00     0.00 -1 -1.21e-08      0.00 7.075e-01 2.829e-01 1.455e-03 7.248e-04 4.221e-03 -1.000 9.627e-03 -3.130 2.720 0.861 -0.765 -2.001 -3.393 -4.853 -5.774 -6.025
0.00970 1.00e+10 0.9922001958    0.940  3.196  3.5359  0.311    3  0.000  0.460     0.00     0.00 -1 -1.41e-08      0.00 7.075e-01 2.829e-01 1.455e-03 7.248e-04 4.221e-03 -1.000 9.627e-03 -3.221 2.728 0.940 -0.666 -1.962 -3.435 -4.959 -5.884 -6.143
0.00970 1.00e+10 0.9922084212    0.936  3.233  3.5317  0.255    3  0.000  0.460     0.00     0.00 -1 -1.64e-08      0.00 7.075e-01 2.829e-01 1.455e-03 7.249e-04 4.221e-03 -1.000 9.627e-03 -3.312 2.737 1.019 -0.566 -1.922 -3.477 -5.065 -5.995 -6.261
0.00970 1.00e+10 0.9922161102    0.931  3.269  3.5275  0.200    3  0.000  0.460     0.00     0.00 -1  -1.9e-08      0.00 7.075e-01 2.829e-01 1.455e-03 7.249e-04 4.221e-03 -1.000 9.627e-03 -3.401 2.748 1.107 -0.456 -1.875 -3.512 -5.168 -6.104 -6.377
0.00970 1.00e+10 0.9922232032    0.926  3.303  3.5232  0.146    3  0.000  0.460     0.00     0.00 -1  -2.2e-08      0.00 7.075e-01 2.829e-01 1.455e-03 7.249e-04 4.221e-03 -1.000 9.627e-03 -3.488 2.755 1.222 -0.306 -1.807 -3.520 -5.269 -6.208 -6.489
0.00970 1.00e+10 0.9922301173    0.920  3.338  3.5190  0.092    3  0.000  0.460     0.00     0.00 -1 -2.54e-08      0.00 7.075e-01 2.829e-01 1.455e-03 7.249e-04 4.221e-03 -1.000 9.627e-03 -3.574 2.764 1.342 -0.151 -1.734 -3.525 -5.370 -6.312 -6.601
0.00970 1.00e+10 0.9922366738    0.913  3.371  3.5149  0.040    3  0.000  0.460     0.00     0.00 -1 -2.92e-08      0.00 7.075e-01 2.829e-01 1.455e-03 7.249e-04 4.221e-03 -1.000 9.627e-03 -3.657 2.774 1.462 0.003 -1.662 -3.527 -5.466 -6.412 -6.709
0.00970 1.00e+10 0.9922415614    0.908  3.395  3.5121  0.002    3  0.000  0.460     0.00     0.00 -1 -3.23e-08      0.00 7.075e-01 2.829e-01 1.455e-03 7.249e-04 4.221e-03 -1.000 9.627e-03 -3.716 2.777 1.549 0.119 -1.608 -3.519 -5.535 -6.484 -6.785
0.00970 1.00e+10 0.9922415614    0.908  1.697  3.6794  2.369    4  0.000  0.480     0.00     0.00 -1    -1e-30      0.00 7.107e-01 2.797e-01 1.514e-03 6.449e-04 4.204e-03 -1.000 9.548e-03 0.527 2.586 1.889 0.854 0.303 -0.168 -0.854 -1.407 -1.474
0.00970 1.00e+10 0.9923258424    0.908  1.706  3.6788  2.357    4  0.000  0.480     0.00     0.00 -1    -1e-30      0.00 7.107e-01 2.797e-01 1.514e-03 6.450e-04 4.204e-03 -1.000 9.548e-03 0.505 2.576 1.873 0.835 0.282 -0.190 -0.878 -1.433 -1.500
0.00970 1.00e+10 0.9924070835    0.908  1.709  3.6786  2.353    4  0.000  0.480     0.00     0.00 -1    -1e-30      0.00 7.107e-01 2.797e-01 1.514e-03 6.450e-04 4.204e-03 -1.000 9.548e-03 0.496 2.570 1.866 0.827 0.274 -0.199 -0.887 -1.443 -1.510
0.00970 1.00e+10 0.9924882650    0.908  1.710  3.6788  2.354    4  0.000  0.480     0.00     0.00 -1    -1e-30      0.00 7.107e-01 2.797e-01 1.514e-03 6.451e-04 4.204e-03 -1.000 9.549e-03 0.495 2.566 1.863 0.825 0.272 -0.200 -0.888 -1.443 -1.510
0.00970 1.00e+10 0.9925717115    0.909  1.709  3.6792  2.357    4  0.000  0.480     0.00     0.00 -1    -1e-30      0.00 7.107e-01 2.797e-01 1.514e-03 6.451e-04 4.204e-03 -1.000 9.549e-03 0.499 2.563 1.863 0.826 0.275 -0.197 -0.883 -1.437 -1.504
0.00970 1.00e+10 0.9926557541    0.909  1.706  3.6797  2.361    4  0.000  0.480     0.00     0.00 -1    -1e-30      0.00 7.107e-01 2.798e-01 1.514e-03 6.452e-04 4.204e-03 -1.000 9.549e-03 0.504 2.560 1.863 0.829 0.279 -0.192 -0.876 -1.428 -1.495
0.00970 1.00e+10 0.9927369952    0.909  1.704  3.6802  2.365    4  0.000  0.480     0.00     0.00 -1    -1e-30      0.00 7.107e-01 2.798e-01 1.514e-03 6.453e-04 4.204e-03 -1.000 9.549e-03 0.510 2.557 1.864 0.832 0.284 -0.186 -0.868 -1.419 -1.486
0.00970 1.00e+10 0.9928234816    0.909  1.701  3.6807  2.370    4  0.000  0.480     0.00     0.00 -1    -1e-30      0.00 7.107e-01 2.798e-01 1.514e-03 6.453e-04 4.204e-03 -1.000 9.549e-03 0.517 2.554 1.866 0.836 0.289 -0.180 -0.860 -1.409 -1.476
0.00970 1.00e+10 0.9929080009    0.909  1.699  3.6813  2.375    4  0.000  0.480     0.00     0.00 -1    -1e-30      0.00 7.107e-01 2.798e-01 1.514e-03 6.454e-04 4.204e-03 -1.000 9.550e-03 0.523 2.551 1.867 0.839 0.293 -0.174 -0.852 -1.400 -1.466
0.00970 1.00e+10 0.9929932952    0.909  1.696  3.6818  2.379    4  0.000  0.480     0.00     0.00 -1    -1e-30      0.00 7.107e-01 2.798e-01 1.514e-03 6.454e-04 4.204e-03 -1.000 9.550e-03 0.529 2.547 1.867 0.842 0.298 -0.169 -0.845 -1.392 -1.457
0.00970 1.00e+10 0.9930830598    0.909  1.694  3.6822  2.383    4  0.000  0.480     0.00     0.00 -1    -1e-30      0.00 7.107e-01 2.798e-01 1.514e-03 6.455e-04 4.204e-03 -1.000 9.550e-03 0.534 2.544 1.867 0.845 0.301 -0.164 -0.839 -1.384 -1.449
0.00970 1.00e+10 0.9931724072    0.909  1.693  3.6827  2.387    4  0.000  0.480     0.00     0.00 -1    -1e-30      0.00 7.107e-01 2.798e-01 1.514e-03 6.456e-04 4.204e-03 -1.000 9.550e-03 0.538 2.540 1.867 0.847 0.305 -0.160 -0.833 -1.377 -1.442
0.00970 1.00e+10 0.9932550192    0.909  1.691  3.6830  2.389    4  0.000  0.480     0.00     0.00 -1    -1e-30      0.00 7.107e-01 2.798e-01 1.514e-03 6.456e-04 4.204e-03 -1.000 9.550e-03 0.541 2.537 1.867 0.849 0.307 -0.157 -0.829 -1.371 -1.436
0.00970 1.00e+10 0.9933431745    0.909  1.690  3.6834  2.392    4  0.000  0.480     0.00     0.00 -1    -1e-30      0.00 7.107e-01 2.798e-01 1.514e-03 6.457e-04 4.204e-03 -1.000 9.551e-03 0.544 2.534 1.867 0.850 0.309 -0.154 -0.825 -1.366 -1.431
0.00970 1.00e+10 0.9933994412    0.909  1.690  3.6836  2.394    4  0.000  0.480     0.00     0.00 -1    -1e-30      0.00 7.107e-01 2.798e-01 1.514e-03 6.457e-04 4.204e-03 -1.000 9.551e-03 0.546 2.532 1.867 0.851 0.311 -0.152 -0.822 -1.363 -1.428
0.00970 1.00e+10 0.9934296012    0.910  1.689  3.6837  2.394    4  0.000  0.480     0.00     0.00 -1    -1e-30      0.00 7.107e-01 2.798e-01 1.514e-03 6.457e-04 4.204e-03 -1.000 9.551e-03 0.547 2.531 1.867 0.851 0.311 -0.152 -0.821 -1.362 -1.426
0.00970 1.00e+10 0.9935138822    0.910  1.689  3.6839  2.396    4  0.000  0.480     0.00     0.00 -1    -1e-30      0.00 7.107e-01 2.798e-01 1.514e-03 6.458e-04 4.204e-03 -1.000 9.551e-03 0.549 2.528 1.866 0.852 0.313 -0.150 -0.819 -1.359 -1.423
0.00970 1.00e+10 0.9935978055    0.910  1.688  3.6841  2.397    4  0.000  0.480     0.00     0.00 -1    -1e-30      0.00 7.107e-01 2.798e-01 1.513e-03 6.459e-04 4.204e-03 -1.000 9.551e-03 0.550 2.526 1.865 0.852 0.313 -0.149 -0.817 -1.356 -1.421
0.00970 1.00e+10 0.9936803579    0.910  1.688  3.6843  2.398    4  0.000  0.480     0.00     0.00 -1    -1e-30      0.00 7.107e-01 2.798e-01 1.513e-03 6.459e-04 4.204e-03 -1.000 9.551e-03 0.550 2.523 1.864 0.852 0.313 -0.149 -0.816 -1.355 -1.419
0.00970 1.00e+10 0.9937642813    0.910  1.688  3.6844  2.398    4  0.000  0.480     0.00     0.00 -1    -1e-30      0.00 7.107e-01 2.798e-01 1.513e-03 6.460e-04 4.204e-03 -1.000 9.551e-03 0.550 2.521 1.863 0.851 0.313 -0.149 -0.816 -1.355 -1.419
0.00970 1.00e+10 0.9938480258    0.910  1.689  3.6844  2.398    4  0.000  0.480     0.00     0.00 -1    -1e-30      0.00 7.107e-01 2.798e-01 1.513e-03 6.460e-04 4.204e-03 -1.000 9.552e-03 0.548 2.519 1.861 0.849 0.311 -0.151 -0.818 -1.356 -1.420
0.00970 1.00e+10 0.9939336181    0.910  1.690  3.6844  2.397    4  0.000  0.480     0.00     0.00 -1    -1e-30      0.00 7.107e-01 2.798e-01 1.513e-03 6.461e-04 4.204e-03 -1.000 9.552e-03 0.546 2.517 1.858 0.847 0.308 -0.153 -0.820 -1.359 -1.423
0.00970 1.00e+10 0.9940003753    0.910  1.691  3.6844  2.396    4  0.000  0.480     0.00     0.00 -1    -1e-30      0.00 7.107e-01 2.798e-01 1.513e-03 6.461e-04 4.204e-03 -1.000 9.552e-03 0.543 2.515 1.856 0.844 0.306 -0.156 -0.823 -1.361 -1.426
0.00970 1.00e+10 0.9940389395    0.910  1.692  3.6843  2.395    4  0.000  0.480     0.00     0.00 -1    -1e-30      0.00 7.107e-01 2.798e-01 1.513e-03 6.462e-04 4.204e-03 -1.000 9.552e-03 0.541 2.514 1.855 0.842 0.304 -0.158 -0.825 -1.364 -1.428
0.00970 1.00e+10 0.9941190481    0.910  1.694  3.6841  2.392    4  0.000  0.480     0.00     0.00 -1    -1e-30      0.00 7.107e-01 2.798e-01 1.513e-03 6.462e-04 4.204e-03 -1.000 9.552e-03 0.536 2.512 1.851 0.838 0.299 -0.163 -0.831 -1.370 -1.434
0.00970 1.00e+10 0.9941986799    0.910  1.696  3.6839  2.389    4  0.000  0.480     0.00     0.00 -1    -1e-30      0.00 7.106e-01 2.798e-01 1.513e-03 6.463e-04 4.204e-03 -1.000 9.552e-03 0.530 2.510 1.847 0.833 0.293 -0.169 -0.838 -1.378 -1.442
0.00970 1.00e+10 0.9942833185    0.910  1.699  3.6836  2.384    4  0.000  0.480     0.00     0.00 -1    -1e-30      0.00 7.106e-01 2.798e-01 1.513e-03 6.463e-04 4.204e-03 -1.000 9.553e-03 0.521 2.508 1.842 0.826 0.286 -0.177 -0.847 -1.388 -1.452
0.00970 1.00e+10 0.9943689704    0.911  1.704  3.6832  2.378    4  0.000  0.480     0.00     0.00 -1    -1e-30      0.00 7.106e-01 2.798e-01 1.513e-03 6.464e-04 4.204e-03 -1.000 9.553e-03 0.511 2.505 1.836 0.817 0.276 -0.187 -0.859 -1.401 -1.465
0.00970 1.00e+10 0.9944488406    0.911  1.708  3.6827  2.372    4  0.000  0.480     0.00     0.00 -1    -1e-30      0.00 7.106e-01 2.798e-01 1.513e-03 6.465e-04 4.204e-03 -1.000 9.553e-03 0.499 2.503 1.829 0.808 0.265 -0.199 -0.872 -1.416 -1.481
0.00970 1.00e+10 0.9945302606    0.911  1.714  3.6821  2.364    4  0.000  0.480     0.00     0.00 -1    -1e-30      0.00 7.106e-01 2.798e-01 1.513e-03 6.465e-04 4.204e-03 -1.000 9.553e-03 0.486 2.500 1.821 0.797 0.253 -0.213 -0.888 -1.433 -1.498
0.00970 1.00e+10 0.9946099520    0.911  1.720  3.6815  2.355    4  0.000  0.480     0.00     0.00 -1    -1e-30      0.00 7.106e-01 2.798e-01 1.513e-03 6.466e-04 4.204e-03 -1.000 9.553e-03 0.470 2.497 1.812 0.785 0.239 -0.228 -0.905 -1.452 -1.518
0.00970 1.00e+10 0.9946913719    0.911  1.727  3.6807  2.345    4  0.000  0.480     0.00     0.00 -1    -1e-30      0.00 7.106e-01 2.798e-01 1.513e-03 6.466e-04 4.204e-03 -1.000 9.553e-03 0.451 2.492 1.801 0.770 0.223 -0.246 -0.926 -1.475 -1.541
0.00970 1.00e+10 0.9947782755    0.911  1.739  3.6796  2.329    4  0.000  0.480     0.00     0.00 -1    -1e-30      0.00 7.106e-01 2.798e-01 1.513e-03 6.467e-04 4.204e-03 -1.000 9.554e-03 0.424 2.486 1.785 0.749 0.198 -0.273 -0.957 -1.510 -1.577
0.00970 1.00e+10 0.9948486686    0.911  1.732  3.6803  2.339    4  0.000  0.480     0.00     0.00 -1    -1e-30      0.00 7.106e-01 2.798e-01 1.513e-03 6.467e-04 4.204e-03 -1.000 9.554e-03 0.440 2.489 1.794 0.761 0.213 -0.256 -0.938 -1.488 -1.555
0.00970 1.00e+10 0.9949318171    0.911  1.751  3.6784  2.312    4  0.000  0.480     0.00     0.00 -1    -1e-30      0.00 7.106e-01 2.798e-01 1.513e-03 6.468e-04 4.204e-03 -1.000 9.554e-03 0.392 2.478 1.766 0.724 0.170 -0.303 -0.992 -1.548 -1.616
0.00970 1.00e+10 0.9950126410    0.911  1.784  3.6750  2.266    4  0.000  0.480     0.00     0.00 -1    -1e-30      0.00 7.106e-01 2.798e-01 1.513e-03 6.468e-04 4.204e-03 -1.000 9.554e-03 0.310 2.458 1.718 0.659 0.097 -0.383 -1.085 -1.650 -1.721
0.00970 1.00e+10 0.9950593710    0.911  1.822  3.6713  2.213    4  0.000  0.480     0.00     0.00 -1    -1e-30      0.00 7.106e-01 2.798e-01 1.513e-03 6.469e-04 4.204e-03 -1.000 9.554e-03 0.216 2.436 1.664 0.586 0.013 -0.474 -1.190 -1.766 -1.839
0.00970 1.00e+10 0.9950829744    0.911  1.859  3.6676  2.161    4  0.000  0.480     0.00     0.00 -1    -1e-30      0.00 7.106e-01 2.798e-01 1.513e-03 6.469e-04 4.204e-03 -1.000 9.554e-03 0.122 2.412 1.608 0.511 -0.071 -0.565 -1.295 -1.881 -1.957
0.00970 1.00e+10 0.9950954914    0.911  1.897  3.6639  2.108    4  0.000  0.480     0.00     0.00 -1    -1e-30      0.00 7.106e-01 2.798e-01 1.513e-03 6.469e-04 4.204e-03 -1.000 9.554e-03 0.026 2.391 1.554 0.439 -0.154 -0.656 -1.400 -1.997 -2.076
0.00970 1.00e+10 0.9951018691    0.911  1.935  3.6603  2.056    4  0.000  0.480     0.00     0.00 -1    -1e-30      0.00 7.106e-01 2.798e-01 1.513e-03 6.469e-04 4.204e-03 -1.000 9.555e-03 -0.068 2.370 1.500 0.366 -0.236 -0.746 -1.505 -2.112 -2.194
0.00970 1.00e+10 0.9951055050    0.911  1.974  3.6567  2.003    4  0.000  0.480     0.00     0.00 -1    -1e-30      0.00 7.106e-01 2.798e-01 1.513e-03 6.469e-04 4.204e-03 -1.000 9.554e-03 -0.165 2.348 1.444 0.292 -0.321 -0.838 -1.611 -2.228 -2.314
0.00970 1.00e+10 0.9951077104    0.911  2.012  3.6532  1.950    4  0.000  0.480     0.00     0.00 -1    -1e-30      0.00 7.106e-01 2.798e-01 1.513e-03 6.469e-04 4.204e-03 -1.000 9.554e-03 -0.260 2.332 1.391 0.219 -0.404 -0.929 -1.716 -2.343 -2.432
0.00970 1.00e+10 0.9951091409    0.911  2.047  3.6499  1.902    4  0.000  0.480     0.00     0.00 -1    -1e-30      0.00 7.106e-01 2.798e-01 1.513e-03 6.469e-04 4.204e-03 -1.000 9.554e-03 -0.348 2.324 1.346 0.156 -0.478 -1.011 -1.813 -2.448 -2.541
0.00970 1.00e+10 0.9951092601    0.911  2.050  3.6497  1.899    7  0.000  0.480     0.00     0.00 -1    -1e-30      0.00 7.106e-01 2.798e-01 1.513e-03 6.469e-04 4.204e-03 -1.000 9.554e-03 -0.354 2.323 1.343 0.152 -0.483 -1.017 -1.819 -2.455 -2.548
0.00970 1.00e+10 0.9951099753    0.911  2.070  3.6479  1.871    7  0.000  0.480     0.00     0.00 -1    -1e-30      0.00 7.106e-01 2.798e-01 1.513e-03 6.469e-04 4.204e-03 -1.000 9.554e-03 -0.405 2.317 1.316 0.115 -0.526 -1.064 -1.874 -2.516 -2.611
0.00970 1.00e+10 0.9951114058    0.911  2.113  3.6440  1.813    7  0.000  0.480     0.00     0.00 -1    -1e-30      0.00 7.106e-01 2.798e-01 1.513e-03 6.469e-04 4.204e-03 -1.000 9.554e-03 -0.512 2.307 1.260 0.038 -0.617 -1.164 -1.991 -2.642 -2.741
0.00970 1.00e+10 0.9951128364    0.911  2.142  3.6415  1.774    7  0.000  0.480     0.00     0.00 -1    -1e-30      0.00 7.106e-01 2.798e-01 1.513e-03 6.469e-04 4.204e-03 -1.000 9.555e-03 -0.584 2.299 1.222 -0.015 -0.678 -1.232 -2.069 -2.728 -2.830
0.00970 1.00e+10 0.9951165915    0.911  2.144  3.6414  1.771    7  0.000  0.480     0.00     0.00 -1    -1e-30      0.00 7.106e-01 2.798e-01 1.513e-03 6.469e-04 4.204e-03 -1.000 9.555e-03 -0.591 2.297 1.217 -0.020 -0.684 -1.238 -2.076 -2.735 -2.837
0.00970 1.00e+10 0.9951208830    0.911  2.114  3.6440  1.811    7  0.000  0.480     0.00     0.00 -1    -1e-30      0.00 7.106e-01 2.798e-01 1.513e-03 6.469e-04 4.204e-03 -1.000 9.554e-03 -0.516 2.304 1.256 0.034 -0.621 -1.169 -1.995 -2.647 -2.746
0.00970 1.00e+10 0.9951599240    0.912  2.110  3.6444  1.817    7  0.000  0.480     0.00     0.00 -1    -1e-30      0.00 7.106e-01 2.798e-01 1.513e-03 6.469e-04 4.204e-03 -1.000 9.555e-03 -0.505 2.305 1.262 0.042 -0.612 -1.158 -1.983 -2.634 -2.733
0.00970 1.00e+10 0.9952020049    0.912  2.149  3.6407  1.763    7  0.000  0.480     0.00     0.00 -1    -1e-30      0.00 7.106e-01 2.798e-01 1.513e-03 6.470e-04 4.204e-03 -1.000 9.555e-03 -0.604 2.299 1.212 -0.029 -0.694 -1.250 -2.091 -2.752 -2.854
0.00970 1.00e+10 0.9952287078    0.912  2.188  3.6372  1.711    7  0.000  0.480     0.00     0.00 -1    -1e-30      0.00 7.106e-01 2.798e-01 1.513e-03 6.470e-04 4.205e-03 -1.000 9.555e-03 -0.700 2.298 1.167 -0.095 -0.774 -1.340 -2.195 -2.866 -2.973
0.00970 1.00e+10 0.9952547550    0.912  2.227  3.6337  1.657    7  0.000  0.480     0.00     0.00 -1    -1e-30      0.00 7.106e-01 2.798e-01 1.513e-03 6.470e-04 4.205e-03 -1.000 9.555e-03 -0.798 2.297 1.120 -0.163 -0.855 -1.431 -2.302 -2.981 -3.093
0.00970 1.00e+10 0.9952797890    0.912  2.268  3.6301  1.602    7  0.000  0.480     0.00     0.00 -1    -1e-30      0.00 7.106e-01 2.798e-01 1.513e-03 6.470e-04 4.205e-03 -1.000 9.555e-03 -0.900 2.297 1.071 -0.234 -0.939 -1.525 -2.412 -3.101 -3.218
0.00970 1.00e+10 0.9953016043    0.912  2.309  3.6265  1.547    7  0.000  0.480     0.00     0.00 -1    -1e-30      0.00 7.106e-01 2.798e-01 1.513e-03 6.470e-04 4.205e-03 -1.000 9.555e-03 -1.002 2.299 1.023 -0.304 -1.023 -1.619 -2.522 -3.220 -3.342
0.00970 1.00e+10 0.9953210950    0.912  2.349  3.6230  1.493    7  0.000  0.480     0.00     0.00 -1    -1e-30      0.00 7.106e-01 2.798e-01 1.513e-03 6.471e-04 4.205e-03 -1.000 9.555e-03 -1.103 2.304 0.979 -0.370 -1.103 -1.712 -2.630 -3.339 -3.465
0.00970 1.00e+10 0.9953384995    0.912  2.390  3.6194  1.438    7  0.000  0.480     0.00     0.00 -1    -1e-30      0.00 7.106e-01 2.798e-01 1.513e-03 6.471e-04 4.205e-03 -1.000 9.555e-03 -1.204 2.319 0.937 -0.435 -1.184 -1.805 -2.739 -3.458 -3.589
0.00970 1.00e+10 0.9953538775    0.912  2.430  3.6158  1.383    7  0.000  0.480     0.00     0.00 -1    -1e-30      0.00 7.106e-01 2.798e-01 1.513e-03 6.472e-04 4.205e-03 -1.000 9.555e-03 -1.305 2.335 0.897 -0.499 -1.263 -1.897 -2.848 -3.576 -3.713
0.00970 1.00e+10 0.9953676462    0.912  2.470  3.6123  1.329    7  0.000  0.480     0.00     0.00 -1    -1e-30      0.00 7.106e-01 2.798e-01 1.513e-03 6.472e-04 4.205e-03 -1.000 9.555e-03 -1.406 2.352 0.857 -0.563 -1.342 -1.989 -2.956 -3.694 -3.835
0.00970 1.00e+10 0.9953801632    0.912  2.510  3.6088  1.275    7  0.000  0.480     0.00     0.00 -1    -1e-30      0.00 7.106e-01 2.798e-01 1.512e-03 6.473e-04 4.205e-03 -1.000 9.555e-03 -1.506 2.367 0.820 -0.622 -1.416 -2.079 -3.064 -3.811 -3.958
0.00970 1.00e+10 0.9953916669    0.912  2.550  3.6052  1.221    7  0.000  0.479     0.00     0.00 -1    -1e-30      0.00 7.106e-01 2.798e-01 1.511e-03 6.478e-04 4.205e-03 -1.000 9.555e-03 -1.605 2.382 0.784 -0.679 -1.489 -2.168 -3.170 -3.928 -4.080
0.00970 1.00e+10 0.9954026341    0.912  2.590  3.6016  1.166    7  0.000  0.479     0.00     0.00 -1    -1e-30      0.00 7.106e-01 2.798e-01 1.509e-03 6.495e-04 4.205e-03 -1.000 9.555e-03 -1.705 2.402 0.750 -0.736 -1.563 -2.258 -3.277 -4.046 -4.204
0.00970 1.00e+10 0.9954128265    0.912  2.629  3.5980  1.113    7  0.000  0.477     0.00     0.00 -1    -1e-30      0.00 7.106e-01 2.798e-01 1.505e-03 6.537e-04 4.205e-03 -1.000 9.555e-03 -1.803 2.424 0.718 -0.791 -1.634 -2.346 -3.382 -4.161 -4.325
0.00970 1.00e+10 0.9954227209    0.912  2.669  3.5943  1.059    7  0.000  0.475     0.00     0.00 -1    -1e-30      0.00 7.106e-01 2.798e-01 1.498e-03 6.608e-04 4.205e-03 -1.000 9.555e-03 -1.902 2.440 0.690 -0.838 -1.697 -2.433 -3.489 -4.279 -4.448
0.00970 1.00e+10 0.9954321980    0.912  2.708  3.5906  1.004    7  0.000  0.473     0.00     0.00 -1    -1e-30      0.00 7.106e-01 2.798e-01 1.491e-03 6.689e-04 4.205e-03 -1.000 9.559e-03 -2.001 2.457 0.663 -0.885 -1.761 -2.520 -3.595 -4.396 -4.570
0.00970 1.00e+10 0.9954410195    0.912  2.748  3.5869  0.950    7  0.000  0.471     0.00     0.00 -1    -1e-30      0.00 7.106e-01 2.798e-01 1.485e-03 6.768e-04 4.205e-03 -1.000 9.566e-03 -2.099 2.485 0.641 -0.929 -1.824 -2.607 -3.702 -4.514 -4.694
0.00970 1.00e+10 0.9954494238    0.912  2.789  3.5829  0.893    7  0.000  0.469     0.00     0.00 -1    -1e-30      0.00 7.106e-01 2.798e-01 1.479e-03 6.837e-04 4.205e-03 -1.000 9.579e-03 -2.202 2.512 0.622 -0.971 -1.885 -2.697 -3.813 -4.636 -4.822
0.00970 1.00e+10 0.9954557419    0.912  2.828  3.5791  0.838    7  0.000  0.468     0.00     0.00 -1    -1e-30      0.00 7.105e-01 2.798e-01 1.475e-03 6.893e-04 4.205e-03 -1.000 9.627e-03 -2.301 2.532 0.610 -0.999 -1.934 -2.782 -3.921 -4.754 -4.946
0.00970 1.00e+10 0.9954600334    0.912  2.866  3.5752  0.784    7  0.000  0.466     0.00     0.00 -1    -1e-30      0.00 7.105e-01 2.798e-01 1.471e-03 6.943e-04 4.205e-03 -1.000 9.627e-03 -2.396 2.558 0.603 -1.022 -1.979 -2.862 -4.025 -4.868 -5.066
0.00970 1.00e+10 0.9954634309    0.912  2.904  3.5713  0.731    7  0.000  0.465     0.00     0.00 -1    -1e-30      0.00 7.105e-01 2.798e-01 1.467e-03 6.988e-04 4.205e-03 -1.000 9.627e-03 -2.490 2.582 0.596 -1.046 -2.023 -2.942 -4.127 -4.981 -5.185
0.00970 1.00e+10 0.9954665303    0.912  2.942  3.5673  0.677    7  0.000  0.464     0.00     0.00 -1    -1e-30      0.00 7.105e-01 2.798e-01 1.464e-03 7.027e-04 4.205e-03 -1.000 9.629e-03 -2.585 2.601 0.600 -1.052 -2.054 -3.020 -4.232 -5.096 -5.307
0.00970 1.00e+10 0.9954694510    0.912  2.980  3.5631  0.622    7  0.000  0.463     0.00     0.00 -1    -1e-30      0.00 7.105e-01 2.798e-01 1.461e-03 7.057e-04 4.205e-03 -1.000 9.629e-03 -2.681 2.619 0.613 -1.045 -2.076 -3.097 -4.339 -5.213 -5.430
0.00970 1.00e+10 0.9954718947    0.912  3.015  3.5592  0.571    7  0.000  0.463     0.00     0.00 -1    -1e-30      0.00 7.105e-01 2.798e-01 1.459e-03 7.078e-04 4.205e-03 -1.000 9.628e-03 -2.769 2.638 0.626 -1.038 -2.095 -3.166 -4.436 -5.320 -5.543
0.00970 1.00e+10 0.9954746366    0.912  3.055  3.5546  0.513    7  0.000  0.462     0.00     0.00 -1    -1e-30      0.00 7.105e-01 2.798e-01 1.458e-03 7.092e-04 4.205e-03 -1.000 9.627e-03 -2.868 2.658 0.652 -1.015 -2.105 -3.241 -4.548 -5.442 -5.672
0.00970 1.00e+10 0.9954774380    0.912  3.094  3.5501  0.457    7  0.000  0.462     0.00     0.00 -1    -1e-30      0.00 7.105e-01 2.798e-01 1.458e-03 7.098e-04 4.205e-03 -1.000 9.627e-03 -2.965 2.673 0.701 -0.957 -2.091 -3.306 -4.658 -5.560 -5.797
0.00970 1.00e+10 0.9954804778    0.912  3.132  3.5455  0.400    7  0.000  0.462     0.00     0.00 -1    -1e-30      0.00 7.105e-01 2.798e-01 1.458e-03 7.098e-04 4.205e-03 -1.000 9.627e-03 -3.061 2.689 0.755 -0.895 -2.074 -3.370 -4.769 -5.679 -5.923
0.00970 1.00e+10 0.9954833984    0.912  3.168  3.5412  0.346    7  0.000  0.462     0.00     0.00 -1    -1e-30      0.00 7.105e-01 2.798e-01 1.458e-03 7.098e-04 4.205e-03 -1.000 9.627e-03 -3.151 2.705 0.815 -0.825 -2.051 -3.426 -4.872 -5.790 -6.041
0.00970 1.00e+10 0.9954840541    0.912  3.182  3.5394  0.325    7  0.000  0.462     0.00     0.00 -1    -1e-30      0.00 7.105e-01 2.798e-01 1.458e-03 7.098e-04 4.205e-03 -1.000 9.627e-03 -3.185 2.710 0.850 -0.781 -2.032 -3.440 -4.913 -5.832 -6.086
0.00970 1.00e+10 0.9954844117    0.912  3.178  3.5400  0.332    7  0.000  0.462     0.00     0.00 -1    -1e-30      0.00 7.105e-01 2.798e-01 1.458e-03 7.098e-04 4.205e-03 -1.000 9.627e-03 -3.175 2.708 0.838 -0.795 -2.038 -3.435 -4.900 -5.819 -6.072
0.00970 1.00e+10 0.9954844713    0.912  3.200  3.5370  0.298    7  0.000  0.462     0.00     0.00 -1    -1e-30      0.00 7.105e-01 2.798e-01 1.457e-03 7.107e-04 4.205e-03 -1.000 9.627e-03 -3.231 2.718 0.900 -0.718 -2.002 -3.457 -4.966 -5.889 -6.146
0.00970 1.00e+10 0.9954845309    0.912  3.187  3.5388  0.318    7  0.000  0.462     0.00     0.00 -1    -1e-30      0.00 7.105e-01 2.798e-01 1.457e-03 7.107e-04 4.205e-03 -1.000 9.627e-03 -3.198 2.711 0.862 -0.766 -2.025 -3.445 -4.927 -5.848 -6.103
0.00970 1.00e+10 0.9954845905    0.912  3.151  3.5434  0.373    7  0.000  0.462     0.00     0.00 -1    -1e-30      0.00 7.105e-01 2.798e-01 1.457e-03 7.107e-04 4.205e-03 -1.000 9.627e-03 -3.106 2.697 0.781 -0.866 -2.066 -3.400 -4.820 -5.735 -5.982
0.00970 1.00e+10 0.9954848289    0.912  3.154  3.5431  0.369    7  0.000  0.462     0.00     0.00 -1    -1e-30      0.00 7.105e-01 2.798e-01 1.457e-03 7.107e-04 4.205e-03 -1.000 9.627e-03 -3.114 2.697 0.784 -0.862 -2.066 -3.406 -4.829 -5.744 -5.992
0.00970 1.00e+10 0.9954850674    0.912  3.144  3.5444  0.383    7  0.000  0.462     0.00     0.00 -1    -1e-30      0.00 7.105e-01 2.798e-01 1.457e-03 7.107e-04 4.205e-03 -1.000 9.627e-03 -3.090 2.690 0.765 -0.884 -2.075 -3.391 -4.801 -5.713 -5.959
0.00970 1.00e+10 0.9954851866    0.912  3.143  3.5445  0.386    7  0.000  0.462     0.00     0.00 -1    -1e-30      0.00 7.105e-01 2.798e-01 1.457e-03 7.107e-04 4.205e-03 -1.000 9.627e-03 -3.086 2.690 0.764 -0.886 -2.075 -3.388 -4.797 -5.709 -5.954
0.00970 1.00e+10 0.9954853058    0.912  3.163  3.5420  0.355    7  0.000  0.462     0.00     0.00 -1    -1e-30      0.00 7.105e-01 2.798e-01 1.457e-03 7.107e-04 4.205e-03 -1.000 9.627e-03 -3.137 2.701 0.798 -0.846 -2.061 -3.420 -4.855 -5.772 -6.021
0.00970 1.00e+10 0.9954855442    0.912  3.205  3.5366  0.292    7  0.000  0.462     0.00     0.00 -1    -1e-30      0.00 7.105e-01 2.798e-01 1.457e-03 7.107e-04 4.205e-03 -1.000 9.627e-03 -3.241 2.717 0.904 -0.712 -2.002 -3.463 -4.978 -5.901 -6.160
0.00970 1.00e+10 0.9954858422    0.912  3.246  3.5312  0.229    7  0.000  0.462     0.00     0.00 -1    -1e-30      0.00 7.105e-01 2.798e-01 1.457e-03 7.108e-04 4.205e-03 -1.000 9.627e-03 -3.344 2.736 1.018 -0.570 -1.936 -3.502 -5.099 -6.029 -6.297
0.00970 1.00e+10 0.9954861403    0.912  3.284  3.5259  0.169    7  0.000  0.462     0.00     0.00 -1    -1e-30      0.00 7.105e-01 2.798e-01 1.457e-03 7.109e-04 4.205e-03 -1.000 9.627e-03 -3.441 2.753 1.146 -0.408 -1.858 -3.523 -5.213 -6.149 -6.426
0.00970 1.00e+10 0.9954865575    0.912  3.322  3.5207  0.110    7  0.000  0.462     0.00     0.00 -1    -1e-30      0.00 7.105e-01 2.798e-01 1.456e-03 7.115e-04 4.205e-03 -1.000 9.627e-03 -3.536 2.767 1.300 -0.208 -1.759 -3.518 -5.326 -6.267 -6.552
0.00970 1.00e+10 0.9954871535    0.912  3.364  3.5148  0.046    7  0.524  0.462     0.00     0.00 -1    -1e-30      0.00 7.105e-01 2.798e-01 1.456e-03 7.122e-04 4.205e-03 -1.000 9.627e-03 -3.639 2.787 1.481 0.025 -1.641 -3.507 -5.448 -6.395 -6.692
0.00970 1.00e+10 0.9954876304    0.912  3.381  3.5090  0.005    8  0.521  0.483   168.77    81.22  0 -1.82e-07      0.00 7.105e-01 2.799e-01 1.526e-03 7.136e-04 4.215e-03 -1.000 9.568e-03 -3.683 2.834 1.712 0.325 -1.461 -3.412 -5.511 -6.462 -6.767
0.00970 1.00e+10 0.9954876900    0.911  3.112  3.5435  0.412    8  0.522  0.483    70.12    38.01  1 -5.88e-08      0.00 7.105e-01 2.799e-01 1.526e-03 7.136e-04 4.215e-03 -1.000 9.568e-03 -3.010 2.756 0.857 -0.779 -1.974 -3.305 -4.722 -5.637 -5.883
0.00970 1.00e+10 0.9954877496    0.911  2.978  3.5608  0.615    8  0.522  0.483    45.28    26.04  1 -3.56e-08      0.00 7.105e-01 2.799e-01 1.526e-03 7.136e-04 4.215e-03 -1.000 9.568e-03 -2.674 2.670 0.673 -0.983 -2.028 -3.079 -4.338 -5.218 -5.438
0.00970 1.00e+10 0.9954879284    0.910  2.817  3.5813  0.857    8  0.522  0.483    26.84    16.56  1  -2.1e-08      0.00 7.105e-01 2.799e-01 1.526e-03 7.136e-04 4.215e-03 -1.000 9.568e-03 -2.273 2.501 0.591 -1.012 -1.936 -2.762 -3.888 -4.715 -4.903
0.00970 1.00e+10 0.9954881668    0.908  2.844  3.5778  0.815    8  0.522  0.483    29.40    17.91  1 -2.29e-08      0.00 7.105e-01 2.799e-01 1.526e-03 7.136e-04 4.215e-03 -1.000 9.568e-03 -2.341 2.536 0.600 -1.015 -1.958 -2.817 -3.964 -4.801 -4.995
0.00970 1.00e+10 0.9954884648    0.906  2.977  3.5605  0.612    8  0.522  0.483    45.54    26.13  1 -3.58e-08      0.00 7.105e-01 2.799e-01 1.526e-03 7.136e-04 4.215e-03 -1.000 9.568e-03 -2.674 2.676 0.679 -0.977 -2.023 -3.077 -4.338 -5.219 -5.439
0.00970 1.00e+10 0.9954888225    0.904  3.144  3.5388  0.357    8  0.522  0.483    78.83    41.95  1 -6.73e-08      0.00 7.105e-01 2.799e-01 1.526e-03 7.136e-04 4.215e-03 -1.000 9.568e-03 -3.090 2.784 0.951 -0.666 -1.919 -3.337 -4.818 -5.740 -5.993
0.00970 1.00e+10 0.9954892397    0.901  3.281  3.5208  0.147    8  0.523  0.483   124.08    62.04  0 -1.19e-07      0.00 7.105e-01 2.799e-01 1.526e-03 7.136e-04 4.215e-03 -1.000 9.568e-03 -3.432 2.836 1.379 -0.120 -1.663 -3.418 -5.220 -6.162 -6.446
0.00970 1.00e+10 0.9954897165    0.897  3.370  3.5089  0.009    8  0.523  0.483   167.19    80.19  0 -1.76e-07      0.00 7.105e-01 2.799e-01 1.526e-03 7.136e-04 4.215e-03 -1.000 9.568e-03 -3.654 2.860 1.744 0.360 -1.428 -3.381 -5.483 -6.434 -6.739
0.00970 1.00e+10 0.9954902530    0.894  3.418  3.5021 -0.069    8  0.523  0.483   197.52    92.51  0 -2.19e-07      0.00 7.105e-01 2.799e-01 1.526e-03 7.136e-04 4.215e-03 -1.000 9.568e-03 -3.776 2.868 1.977 0.671 -1.275 -3.329 -5.630 -6.583 -6.900
0.00970 1.00e+10 0.9954909086    0.889  3.443  3.4983 -0.111    8  0.524  0.483   216.31    99.93  0 -2.47e-07      0.00 7.105e-01 2.799e-01 1.526e-03 7.136e-04 4.215e-03 -1.000 9.568e-03 -3.839 2.873 2.096 0.825 -1.199 -3.299 -5.706 -6.660 -6.983
0.00970 1.00e+10 0.9954915643    0.885  3.460  3.4956 -0.141    8  0.524  0.483   230.75   105.51  0 -2.68e-07      0.00 7.105e-01 2.799e-01 1.526e-03 7.136e-04 4.215e-03 -1.000 9.568e-03 -3.881 2.877 2.169 0.916 -1.155 -3.277 -5.759 -6.713 -7.039
0.00970 1.00e+10 0.9954916239    0.885  3.250  3.5235  0.181    8  0.524  0.483   115.25    57.89  0 -1.07e-07      0.00 7.105e-01 2.799e-01 1.526e-03 7.136e-04 4.215e-03 -1.000 9.568e-03 -3.355 2.854 1.328 -0.193 -1.684 -3.391 -5.134 -6.074 -6.353
0.00970 1.00e+10 0.9954916835    0.884  3.066  3.5478  0.461    8  0.524  0.483    62.90    34.28  1 -5.11e-08      0.00 7.105e-01 2.799e-01 1.526e-03 7.136e-04 4.215e-03 -1.000 9.568e-03 -2.895 2.770 0.834 -0.811 -1.965 -3.220 -4.595 -5.502 -5.742
0.00970 1.00e+10 0.9954918623    0.882  2.904  3.5692  0.708    8  0.524  0.483    36.95    21.63  1 -2.88e-08      0.00 7.105e-01 2.799e-01 1.526e-03 7.136e-04 4.215e-03 -1.000 9.568e-03 -2.491 2.639 0.644 -1.003 -1.993 -2.935 -4.133 -4.993 -5.200
0.00970 1.00e+10 0.9954920411    0.880  2.930  3.5657  0.668    8  0.525  0.483    40.29    23.30  1 -3.14e-08      0.00 7.105e-01 2.799e-01 1.526e-03 7.136e-04 4.215e-03 -1.000 9.568e-03 -2.554 2.665 0.668 -0.983 -1.995 -2.982 -4.206 -5.074 -5.286
0.00970 1.00e+10 0.9954923391    0.878  3.058  3.5485  0.469    8  0.525  0.483    61.88    33.73  1    -5e-08      0.00 7.105e-01 2.799e-01 1.526e-03 7.136e-04 4.215e-03 -1.000 9.568e-03 -2.876 2.773 0.831 -0.815 -1.962 -3.206 -4.574 -5.480 -5.718
0.00970 1.00e+10 0.9954926968    0.874  3.219  3.5268  0.220    8  0.525  0.483   105.85    53.59  0 -9.51e-08      0.00 7.105e-01 2.799e-01 1.526e-03 7.136e-04 4.215e-03 -1.000 9.568e-03 -3.278 2.860 1.247 -0.303 -1.730 -3.377 -5.046 -5.983 -6.256
0.00970 1.00e+10 0.9954931140    0.871  3.350  3.5090  0.015    8  0.526  0.483   164.49    78.34  0 -1.68e-07      0.00 7.105e-01 2.799e-01 1.526e-03 7.136e-04 4.215e-03 -1.000 9.568e-03 -3.606 2.900 1.782 0.398 -1.386 -3.337 -5.435 -6.386 -6.690
0.00970 1.00e+10 0.9954935908    0.866  3.434  3.4974 -0.117    8  0.526  0.483   218.71   100.06  0 -2.45e-07      0.00 7.105e-01 2.799e-01 1.526e-03 7.136e-04 4.215e-03 -1.000 9.568e-03 -3.816 2.908 2.154 0.890 -1.149 -3.255 -5.687 -6.641 -6.964
0.00970 1.00e+10 0.9954941273    0.862  3.478  3.4911 -0.188    8  0.526  0.483   254.87   114.00  0    -3e-07      0.00 7.105e-01 2.799e-01 1.526e-03 7.136e-04 4.215e-03 -1.000 9.568e-03 -3.924 2.906 2.313 1.087 -1.058 -3.215 -5.818 -6.773 -7.105
0.00970 1.00e+10 0.9954947233    0.856  3.498  3.4879 -0.224    8  0.527  0.483   275.16   121.55  0 -3.31e-07      0.00 7.105e-01 2.799e-01 1.526e-03 7.136e-04 4.215e-03 -1.000 9.568e-03 -3.975 2.912 2.401 1.194 -1.006 -3.187 -5.879 -6.835 -7.172
0.00970 1.00e+10 0.9954953790    0.850  3.509  3.4858 -0.247    8  0.528  0.483   289.09   126.56  0 -3.53e-07      0.00 7.105e-01 2.799e-01 1.526e-03 7.136e-04 4.215e-03 -1.000 9.568e-03 -4.004 2.919 2.462 1.265 -0.969 -3.166 -5.915 -6.872 -7.212
0.00970 1.00e+10 0.9954954386    0.850  3.310  3.5129  0.061    8  0.528  0.483   148.93    71.31  0 -1.45e-07      0.00 7.105e-01 2.799e-01 1.526e-03 7.136e-04 4.215e-03 -1.000 9.568e-03 -3.505 2.925 1.688 0.261 -1.438 -3.332 -5.320 -6.269 -6.567
0.00970 1.00e+10 0.9954954982    0.848  3.128  3.5377  0.341    8  0.528  0.483    81.32    42.24  1 -6.84e-08      0.00 7.105e-01 2.799e-01 1.526e-03 7.136e-04 4.215e-03 -1.000 9.568e-03 -3.049 2.852 1.038 -0.573 -1.843 -3.283 -4.782 -5.705 -5.960
0.00970 1.00e+10 0.9954956770    0.845  2.966  3.5597  0.590    8  0.528  0.483    47.55    26.53  1 -3.76e-08      0.00 7.105e-01 2.799e-01 1.526e-03 7.136e-04 4.215e-03 -1.000 9.568e-03 -2.645 2.737 0.733 -0.928 -1.980 -3.045 -4.311 -5.194 -5.415
0.00970 1.00e+10 0.9954959154    0.841  2.991  3.5564  0.549    8  0.528  0.483    51.86    28.55  1 -4.14e-08      0.00 7.105e-01 2.799e-01 1.526e-03 7.136e-04 4.215e-03 -1.000 9.568e-03 -2.707 2.764 0.757 -0.909 -1.983 -3.091 -4.381 -5.272 -5.499
0.00970 1.00e+10 0.9954962730    0.836  3.116  3.5392  0.353    8  0.529  0.483    79.22    41.09  1  -6.7e-08      0.00 7.105e-01 2.799e-01 1.526e-03 7.136e-04 4.215e-03 -1.000 9.568e-03 -3.020 2.852 1.008 -0.614 -1.863 -3.273 -4.747 -5.668 -5.921
0.00970 1.00e+10 0.9954966307    0.829  3.272  3.5178  0.108    8  0.529  0.483   134.43    64.73  0 -1.29e-07      0.00 7.105e-01 2.799e-01 1.526e-03 7.136e-04 4.215e-03 -1.000 9.568e-03 -3.411 2.925 1.546 0.072 -1.530 -3.339 -5.210 -6.154 -6.444
0.00970 1.00e+10 0.9954971075    0.822  3.400  3.5002 -0.094    8  0.530  0.483   207.55    93.93  0 -2.28e-07      0.00 7.105e-01 2.799e-01 1.526e-03 7.136e-04 4.215e-03 -1.000 9.568e-03 -3.729 2.954 2.126 0.841 -1.150 -3.233 -5.590 -6.544 -6.864
0.00970 1.00e+10 0.9954976439    0.814  3.480  3.4889 -0.224    8  0.530  0.483   274.78   119.26  0 -3.34e-07      0.00 7.105e-01 2.799e-01 1.526e-03 7.136e-04 4.215e-03 -1.000 9.568e-03 -3.930 2.949 2.411 1.195 -0.991 -3.166 -5.832 -6.787 -7.123
0.00970 1.00e+10 0.9954982400    0.804  3.521  3.4830 -0.294    8  0.531  0.483   319.50   135.26  0 -4.11e-07      0.00 7.105e-01 2.799e-01 1.526e-03 7.136e-04 4.215e-03 -1.000 9.568e-03 -4.033 2.948 2.538 1.336 -0.929 -3.140 -5.955 -6.911 -7.255
0.00970 1.00e+10 0.9954988956    0.794  3.540  3.4802 -0.329    8  0.532  0.483   344.72   143.69  0 -4.58e-07      0.00 7.105e-01 2.799e-01 1.526e-03 7.136e-04 4.215e-03 -1.000 9.568e-03 -4.079 2.951 2.588 1.383 -0.909 -3.132 -6.010 -6.966 -7.313
0.00970 1.00e+10 0.9954996109    0.782  3.550  3.4785 -0.352    8  0.532  0.483   362.26   149.10  0 -4.92e-07      0.00 7.105e-01 2.799e-01 1.526e-03 7.136e-04 4.215e-03 -1.000 9.568e-03 -4.104 2.957 2.623 1.416 -0.894 -3.123 -6.041 -6.996 -7.346
0.00970 1.00e+10 0.9954996705    0.781  3.365  3.5048 -0.063    8  0.532  0.483   193.88    86.81  0 -2.15e-07      0.00 7.105e-01 2.799e-01 1.526e-03 7.136e-04 4.215e-03 -1.000 9.568e-03 -3.641 2.973 1.986 0.642 -1.247 -3.263 -5.486 -6.438 -6.751
0.00970 1.00e+10 0.9954997301    0.778  3.185  3.5311  0.221    8  0.533  0.483   105.23    51.10  0 -1.01e-07      0.00 7.105e-01 2.799e-01 1.526e-03 7.136e-04 4.215e-03 -1.000 9.568e-03 -3.191 2.897 1.178 -0.412 -1.780 -3.349 -4.946 -5.877 -6.144
0.00970 1.00e+10 0.9954999089    0.773  3.023  3.5555  0.477    8  0.533  0.483    60.51    31.58  1 -5.54e-08      0.00 7.105e-01 2.799e-01 1.526e-03 7.136e-04 4.215e-03 -1.000 9.568e-03 -2.786 2.760 0.724 -0.958 -2.044 -3.166 -4.465 -5.355 -5.585
0.00970 1.00e+10 0.9955000877    0.765  3.047  3.5543  0.444    8  0.533  0.483    65.01    33.46  1  -6.3e-08      0.00 7.105e-01 2.799e-01 1.526e-03 7.136e-04 4.215e-03 -1.000 9.568e-03 -2.848 2.744 0.707 -0.978 -2.077 -3.219 -4.530 -5.421 -5.654
0.00970 1.00e+10 0.9955003858    0.755  3.169  3.5401  0.260    8  0.533  0.483    96.70    46.90  0 -1.06e-07      0.00 7.105e-01 2.799e-01 1.526e-03 7.136e-04 4.215e-03 -1.000 9.568e-03 -3.152 2.792 0.886 -0.771 -2.019 -3.415 -4.878 -5.794 -6.050
0.00970 1.00e+10 0.9955007434    0.744  3.320  3.5224  0.031    8  0.534  0.483   158.62    71.42  0 -2.12e-07      0.00 7.105e-01 2.799e-01 1.526e-03 7.136e-04 4.215e-03 -1.000 9.568e-03 -3.530 2.828 1.277 -0.272 -1.806 -3.542 -5.316 -6.253 -6.540
0.00970 1.00e+10 0.9955011606    0.731  3.444  3.5091 -0.153    8  0.534  0.483   236.19    99.87  0 -3.89e-07      0.00 7.105e-01 2.799e-01 1.526e-03 7.136e-04 4.215e-03 -1.000 9.568e-03 -3.839 2.820 1.667 0.242 -1.586 -3.559 -5.673 -6.617 -6.930
0.00970 1.00e+10 0.9955016375    0.716  3.522  3.5029 -0.265    8  0.535  0.483   301.30   121.88  0 -5.96e-07      0.00 7.105e-01 2.799e-01 1.526e-03 7.136e-04 4.215e-03 -1.000 9.568e-03 -4.034 2.785 1.842 0.483 -1.509 -3.582 -5.893 -6.838 -7.165
0.00970 1.00e+10 0.9955021739    0.699  3.562  3.5027 -0.316    8  0.536  0.483   337.26   132.51  0 -7.78e-07      0.00 7.105e-01 2.799e-01 1.526e-03 7.136e-04 4.215e-03 -1.000 9.568e-03 -4.134 2.735 1.795 0.428 -1.586 -3.669 -5.996 -6.939 -7.268
0.00970 1.00e+10 0.9955027699    0.681  3.579  3.5062 -0.332    8  0.536  0.483   349.87   134.42  0 -9.28e-07      0.00 7.105e-01 2.799e-01 1.526e-03 7.136e-04 4.215e-03 -1.000 9.568e-03 -4.178 2.670 1.597 0.176 -1.767 -3.805 -6.030 -6.969 -7.294
0.00970 1.00e+10 0.9955034256    0.661  3.589  3.5115 -0.333    8  0.537  0.483   353.00   132.48  0 -1.08e-06      0.00 7.105e-01 2.799e-01 1.526e-03 7.136e-04 4.215e-03 -1.000 9.568e-03 -4.203 2.596 1.326 -0.175 -2.004 -3.970 -6.037 -6.971 -7.289
0.00970 1.00e+10 0.9955034256    0.661  3.417  3.5362 -0.062    8  0.537  0.483   196.98    80.00  0 -4.99e-07      0.00 7.105e-01 2.799e-01 1.526e-03 7.136e-04 4.215e-03 -1.000 9.568e-03 -3.773 2.506 0.554 -1.162 -2.502 -3.991 -5.521 -6.430 -6.703
0.00970 1.00e+10 0.9955034256    0.660  3.238  3.5620  0.219    8  0.537  0.483   107.26    47.26  0 -2.35e-07      0.00 7.105e-01 2.799e-01 1.526e-03 7.136e-04 4.215e-03 -1.000 9.568e-03 -3.325 2.352 0.141 -1.629 -2.700 -3.739 -5.000 -5.857 -6.088
0.00970 1.00e+10 0.9955034852    0.659  3.075  3.5859  0.478    8  0.537  0.483    61.46    29.16  1 -1.25e-07      0.00 7.105e-01 2.799e-01 1.526e-03 7.136e-04 4.215e-03 -1.000 9.568e-03 -2.916 2.084 -0.026 -1.708 -2.632 -3.425 -4.537 -5.330 -5.523
0.00970 1.00e+10 0.9955035448    0.657  3.096  3.5835  0.446    8  0.537  0.483    65.90    30.91  1 -1.37e-07      0.00 7.105e-01 2.799e-01 1.526e-03 7.136e-04 4.215e-03 -1.000 9.568e-03 -2.970 2.111 -0.027 -1.724 -2.662 -3.471 -4.596 -5.395 -5.592
0.00970 1.00e+10 0.9955035448    0.655  3.212  3.5680  0.266    8  0.537  0.483    97.12    43.10  0 -2.18e-07      0.00 7.105e-01 2.799e-01 1.526e-03 7.136e-04 4.215e-03 -1.000 9.568e-03 -3.260 2.281 0.055 -1.710 -2.741 -3.701 -4.920 -5.761 -5.983
0.00970 1.00e+10 0.9955036640    0.653  3.356  3.5486  0.043    8  0.537  0.483   157.50    65.25  0 -4.04e-07      0.00 7.105e-01 2.799e-01 1.526e-03 7.136e-04 4.215e-03 -1.000 9.568e-03 -3.621 2.408 0.260 -1.512 -2.702 -3.954 -5.331 -6.217 -6.470
0.00970 1.00e+10 0.9955037236    0.650  3.473  3.5333 -0.137    8  0.538  0.483   232.60    91.03  0 -6.86e-07      0.00 7.105e-01 2.799e-01 1.526e-03 7.136e-04 4.215e-03 -1.000 9.568e-03 -3.913 2.465 0.558 -1.153 -2.546 -4.097 -5.673 -6.584 -6.863
0.00970 1.00e+10 0.9955037832    0.646  3.546  3.5245 -0.247    8  0.538  0.483   295.29   111.34  0 -9.71e-07      0.00 7.105e-01 2.799e-01 1.526e-03 7.136e-04 4.215e-03 -1.000 9.568e-03 -4.094 2.482 0.786 -0.864 -2.415 -4.145 -5.885 -6.805 -7.101
0.00970 1.00e+10 0.9955039024    0.642  3.580  3.5214 -0.297    8  0.538  0.483   329.67   121.77  0 -1.17e-06      0.00 7.105e-01 2.799e-01 1.526e-03 7.136e-04 4.215e-03 -1.000 9.568e-03 -4.181 2.475 0.873 -0.750 -2.373 -4.167 -5.984 -6.907 -7.209
0.00970 1.00e+10 0.9955040216    0.638  3.593  3.5215 -0.312    8  0.538  0.483   341.24   124.63  0 -1.27e-06      0.00 7.105e-01 2.799e-01 1.526e-03 7.136e-04 4.215e-03 -1.000 9.568e-03 -4.213 2.454 0.841 -0.788 -2.411 -4.202 -6.016 -6.937 -7.240
0.00970 1.00e+10 0.9955041409    0.633  3.598  3.5232 -0.314    8  0.538  0.483   343.09   124.26  0 -1.34e-06      0.00 7.105e-01 2.799e-01 1.526e-03 7.136e-04 4.215e-03 -1.000 9.568e-03 -4.224 2.425 0.758 -0.892 -2.484 -4.246 -6.023 -6.941 -7.241
0.00970 1.00e+10 0.9955041409    0.632  3.428  3.5477 -0.046    8  0.538  0.483   192.90    75.44  0  -6.3e-07      0.00 7.105e-01 2.799e-01 1.526e-03 7.136e-04 4.215e-03 -1.000 9.568e-03 -3.801 2.317 0.145 -1.650 -2.859 -4.129 -5.518 -6.401 -6.658
0.00970 1.00e+10 0.9955042005    0.630  3.250  3.5744  0.237    8  0.538  0.483   104.90    44.38  0 -3.02e-07      0.00 7.105e-01 2.799e-01 1.526e-03 7.136e-04 4.215e-03 -1.000 9.568e-03 -3.356 2.098 -0.159 -1.927 -2.928 -3.824 -5.007 -5.824 -6.039
0.00970 1.00e+10 0.9955043197    0.626  3.088  3.5997  0.498    8  0.538  0.483    59.85    27.14  1 -1.66e-07      0.00 7.105e-01 2.799e-01 1.526e-03 7.136e-04 4.215e-03 -1.000 9.568e-03 -2.949 1.715 -0.302 -1.932 -2.794 -3.505 -4.549 -5.293 -5.468
0.00970 1.00e+10 0.9955044389    0.621  3.110  3.5994  0.470    8  0.538  0.483    63.80    28.39  1 -1.89e-07      0.00 7.105e-01 2.799e-01 1.526e-03 7.136e-04 4.215e-03 -1.000 9.568e-03 -3.006 1.693 -0.343 -1.982 -2.848 -3.561 -4.608 -5.351 -5.528
0.00970 1.00e+10 0.9955046177    0.614  3.227  3.5865  0.297    8  0.539  0.483    93.16    38.84  0  -3.1e-07      0.00 7.105e-01 2.799e-01 1.526e-03 7.136e-04 4.215e-03 -1.000 9.568e-03 -3.297 1.862 -0.349 -2.078 -3.015 -3.811 -4.926 -5.705 -5.903
0.00970 1.00e+10 0.9955048561    0.606  3.371  3.5704  0.083    8  0.539  0.483   149.30    57.30  0 -5.98e-07      0.00 7.105e-01 2.799e-01 1.526e-03 7.136e-04 4.215e-03 -1.000 9.568e-03 -3.658 2.014 -0.325 -2.144 -3.177 -4.113 -5.323 -6.145 -6.370
0.00970 1.00e+10 0.9955050945    0.596  3.489  3.5590 -0.087    8  0.539  0.483   217.97    77.46  0 -1.07e-06      0.00 7.105e-01 2.799e-01 1.526e-03 7.136e-04 4.215e-03 -1.000 9.568e-03 -3.952 2.049 -0.287 -2.145 -3.268 -4.355 -5.647 -6.495 -6.739
0.00970 1.00e+10 0.9955053926    0.585  3.562  3.5547 -0.186    8  0.540  0.483   274.39    91.19  0 -1.61e-06      0.00 7.105e-01 2.799e-01 1.526e-03 7.136e-04 4.215e-03 -1.000 9.568e-03 -4.136 2.012 -0.317 -2.195 -3.363 -4.518 -5.845 -6.700 -6.953
0.00970 1.00e+10 0.9955056906    0.573  3.599  3.5566 -0.224    8  0.540  0.483   306.12    95.08  0 -2.08e-06      0.00 7.105e-01 2.799e-01 1.526e-03 7.136e-04 4.215e-03 -1.000 9.568e-03 -4.227 1.929 -0.437 -2.336 -3.494 -4.622 -5.935 -6.781 -7.034
0.00970 1.00e+10 0.9955060482    0.560  3.614  3.5623 -0.226    8  0.540  0.483   322.90    91.05  0 -2.46e-06      0.00 7.105e-01 2.799e-01 1.526e-03 7.136e-04 4.215e-03 -1.000 9.568e-03 -4.264 1.813 -0.603 -2.509 -3.632 -4.686 -5.962 -6.789 -7.034
0.00970 1.00e+10 0.9955064654    0.546  3.620  3.5701 -0.213    8  0.541  0.483   360.96    79.13  0 -2.84e-06      0.00 7.105e-01 2.799e-01 1.526e-03 7.136e-04 4.215e-03 -1.000 9.568e-03 -4.281 1.675 -0.800 -2.712 -3.785 -4.740 -5.965 -6.767 -7.002
0.00970 1.00e+10 0.9955072403    0.541 -9.999  4.0665  2.051    9  0.541  0.483     0.00     0.00 -1    -1e-30      0.00 7.105e-01 2.799e-01 1.526e-03 7.136e-04 4.215e-03 -1.000 9.568e-03 29.767 29.809 30.291 30.375 30.385 30.412 30.536 30.559 30.589
#isochrone terminated
