# File generated by CMD 3.1 (http://stev.oapd.inaf.it/cmd) on Wed Dec 12 18:07:50 CET 2018
# isochrones PARSEC release v1.2S + COLIBRI release PR16, as in Marigo et al. 2017
# Basic reference: Marigo et al. (2017), ApJ, 835, 77
# Photometric system: <i>UBVRIJHK</i> (cf. Maiz-Apellaniz 2006 + Bessell 1990)
# O-rich circumstellar dust ignored
# C-rich circumstellar dust ignored
# Kind of output: isochrone tables
# Zini  Age      Mini            Mass   logL    logTe  logg  label   McoreTP C_O  period0 period1 pmode  Mloss  tau1m   X   Y   Xc  Xn  Xo  Cexcess  Z 	 mbolmag  Umag    Bmag    Vmag    Rmag    Imag    Jmag    Hmag    Kmag
0.00970 1.00e+09 0.0900000036    0.090 -3.351  3.3829  5.227    0  0.000  0.545     0.00     0.00 -1 -4.58e-17      0.00 7.237e-01 2.666e-01 1.749e-03 4.719e-04 4.280e-03 -1.000 9.727e-03 13.148 22.056 19.261 17.197 15.363 13.147 11.068 10.533 10.232
0.00970 1.00e+09 0.1000000015    0.100 -3.180  3.4085  5.204    0  0.000  0.545     0.00     0.00 -1 -6.63e-17      0.00 7.236e-01 2.666e-01 1.749e-03 4.719e-04 4.280e-03 -1.000 9.727e-03 12.719 21.574 18.816 16.760 14.932 12.719 10.639 10.106 9.803
0.00970 1.00e+09 0.1083940566    0.108 -3.071  3.4228  5.187    0  0.000  0.545     0.00     0.00 -1 -8.32e-17      0.00 7.236e-01 2.667e-01 1.749e-03 4.719e-04 4.280e-03 -1.000 9.727e-03 12.447 20.875 18.293 16.287 14.531 12.381 10.383 9.854 9.551
0.00970 1.00e+09 0.1200000048    0.120 -2.924  3.4416  5.159    0  0.000  0.545     0.00     0.00 -1 -1.14e-16      0.00 7.236e-01 2.667e-01 1.749e-03 4.719e-04 4.280e-03 -1.000 9.727e-03 12.080 19.981 17.467 15.481 13.839 11.834 10.072 9.529 9.251
0.00970 1.00e+09 0.1400000006    0.140 -2.744  3.4604  5.121    0  0.000  0.545     0.00     0.00 -1 -1.67e-16      0.00 7.236e-01 2.667e-01 1.749e-03 4.719e-04 4.280e-03 -1.000 9.727e-03 11.630 18.825 16.506 14.582 13.091 11.259 9.678 9.124 8.853
0.00970 1.00e+09 0.1599999964    0.160 -2.602  3.4740  5.092    0  0.000  0.545     0.00     0.00 -1 -2.24e-16      0.00 7.234e-01 2.668e-01 1.749e-03 4.719e-04 4.280e-03 -1.000 9.727e-03 11.275 17.865 15.771 13.922 12.545 10.847 9.362 8.805 8.534
0.00970 1.00e+09 0.1839231253    0.184 -2.467  3.4856  5.064    0  0.000  0.545     0.00     0.00 -1 -2.94e-16      0.00 7.233e-01 2.669e-01 1.749e-03 4.719e-04 4.280e-03 -1.000 9.727e-03 10.937 17.055 15.133 13.344 12.052 10.466 9.057 8.498 8.228
0.00970 1.00e+09 0.2000000030    0.200 -2.386  3.4926  5.047    0  0.000  0.545     0.00     0.00 -1 -3.47e-16      0.00 7.233e-01 2.670e-01 1.749e-03 4.719e-04 4.280e-03 -1.000 9.727e-03 10.734 16.602 14.766 13.012 11.762 10.240 8.872 8.313 8.045
0.00970 1.00e+09 0.2484006882    0.249 -2.194  3.5069  5.007    1  0.000  0.545     0.00     0.00 -1 -5.06e-16      0.00 7.231e-01 2.671e-01 1.749e-03 4.719e-04 4.280e-03 -1.000 9.727e-03 10.255 15.651 13.972 12.288 11.116 9.719 8.429 7.869 7.607
0.00970 1.00e+09 0.2500000000    0.250 -2.188  3.5073  5.006    1  0.000  0.545     0.00     0.00 -1 -5.12e-16      0.00 7.231e-01 2.671e-01 1.749e-03 4.719e-04 4.280e-03 -1.000 9.727e-03 10.241 15.624 13.949 12.267 11.097 9.703 8.416 7.856 7.594
0.00970 1.00e+09 0.3188503683    0.319 -1.969  3.5215  4.948    0  0.000  0.545     0.00     0.00 -1 -8.04e-16      0.00 7.235e-01 2.667e-01 1.749e-03 4.719e-04 4.280e-03 -1.000 9.727e-03 9.691 14.704 13.131 11.507 10.398 9.115 7.899 7.336 7.082
0.00970 1.00e+09 0.3314530551    0.332 -1.930  3.5240  4.936    0  0.000  0.545     0.00     0.00 -1 -8.74e-16      0.00 7.237e-01 2.666e-01 1.749e-03 4.719e-04 4.280e-03 -1.000 9.727e-03 9.595 14.548 12.991 11.375 10.277 9.012 7.808 7.244 6.992
0.00970 1.00e+09 0.3500000238    0.350 -1.878  3.5278  4.924    0  0.000  0.545     0.00     0.00 -1 -9.73e-16      0.00 7.238e-01 2.665e-01 1.749e-03 4.719e-04 4.280e-03 -1.000 9.727e-03 9.466 14.328 12.794 11.193 10.109 8.873 7.688 7.122 6.873
0.00970 1.00e+09 0.4000000358    0.400 -1.728  3.5388  4.875    0  0.000  0.545     0.00     0.00 -1 -1.36e-15      0.00 7.238e-01 2.665e-01 1.749e-03 4.719e-04 4.280e-03 -1.000 9.727e-03 9.090 13.714 12.236 10.674 9.627 8.474 7.339 6.769 6.525
0.00970 1.00e+09 0.4387223125    0.439 -1.604  3.5489  4.832    0  0.000  0.545     0.00     0.00 -1 -1.81e-15      0.00 7.238e-01 2.665e-01 1.749e-03 4.719e-04 4.280e-03 -1.000 9.727e-03 8.780 13.214 11.776 10.246 9.229 8.146 7.054 6.478 6.240
0.00970 1.00e+09 0.4500000179    0.450 -1.570  3.5516  4.820    0  0.000  0.545     0.00     0.00 -1 -1.96e-15      0.00 7.238e-01 2.665e-01 1.749e-03 4.719e-04 4.280e-03 -1.000 9.727e-03 8.696 13.082 11.652 10.131 9.121 8.057 6.977 6.399 6.163
0.00970 1.00e+09 0.4916296005    0.492 -1.433  3.5653  4.776    0  0.000  0.545     0.00     0.00 -1 -2.71e-15      0.00 7.238e-01 2.665e-01 1.749e-03 4.719e-04 4.280e-03 -1.000 9.727e-03 8.352 12.523 11.131 9.647 8.672 7.695 6.669 6.082 5.856
0.00970 1.00e+09 0.5000000000    0.500 -1.407  3.5680  4.768    0  0.000  0.545     0.00     0.00 -1 -2.88e-15      0.00 7.238e-01 2.665e-01 1.749e-03 4.719e-04 4.280e-03 -1.000 9.727e-03 8.286 12.419 11.033 9.556 8.587 7.627 6.610 6.022 5.798
0.00970 1.00e+09 0.5500000119    0.550 -1.238  3.5885  4.722    0  0.000  0.545     0.00     0.00 -1 -4.27e-15      0.00 7.263e-01 2.641e-01 1.734e-03 4.678e-04 4.244e-03 -1.000 9.631e-03 7.865 11.523 10.347 8.987 8.063 7.184 6.203 5.600 5.420
0.00970 1.00e+09 0.6000000238    0.600 -1.071  3.6135  4.693    0  0.000  0.545     0.00     0.00 -1  -6.2e-15      0.00 7.267e-01 2.637e-01 1.732e-03 4.672e-04 4.237e-03 -1.000 9.639e-03 7.447 10.529 9.511 8.277 7.461 6.773 5.885 5.208 5.086
0.00970 1.00e+09 0.6108480692    0.611 -1.034  3.6194  4.688    0  0.000  0.545     0.00     0.00 -1 -6.72e-15      0.00 7.268e-01 2.636e-01 1.731e-03 4.670e-04 4.236e-03 -1.000 9.627e-03 7.355 10.359 9.355 8.140 7.344 6.684 5.811 5.128 5.012
0.00970 1.00e+09 0.6499999762    0.650 -0.906  3.6415  4.676    1  0.000  0.545     0.00     0.00 -1 -8.87e-15      0.00 7.271e-01 2.634e-01 1.730e-03 4.667e-04 4.233e-03 -1.000 9.593e-03 7.036 9.698 8.785 7.657 6.938 6.362 5.554 4.886 4.790
0.00970 1.00e+09 0.6751676202    0.675 -0.827  3.6560  4.670    1  0.000  0.545     0.00     0.00 -1 -1.05e-14      0.00 7.273e-01 2.631e-01 1.728e-03 4.663e-04 4.230e-03 -1.000 9.610e-03 6.837 9.251 8.419 7.354 6.686 6.156 5.393 4.754 4.671
0.00970 1.00e+09 0.7000000477    0.700 -0.751  3.6697  4.665    1  0.000  0.545     0.00     0.00 -1 -1.24e-14      0.00 7.274e-01 2.629e-01 1.728e-03 4.662e-04 4.228e-03 -1.000 9.627e-03 6.648 8.819 8.084 7.073 6.455 5.957 5.243 4.647 4.571
0.00970 1.00e+09 0.7500000000    0.750 -0.607  3.6950  4.652    1  0.000  0.538     0.00     0.00 -1 -1.69e-14      0.00 7.279e-01 2.625e-01 1.702e-03 4.649e-04 4.222e-03 -1.000 9.596e-03 6.288 8.023 7.483 6.567 6.032 5.588 4.962 4.444 4.382
0.00970 1.00e+09 0.7996897697    0.800 -0.475  3.7159  4.631    1  0.000  0.538     0.00     0.00 -1 -2.27e-14      0.00 7.285e-01 2.619e-01 1.699e-03 4.640e-04 4.215e-03 -1.000 9.596e-03 5.956 7.360 6.984 6.149 5.670 5.264 4.706 4.249 4.196
0.00970 1.00e+09 0.8493795395    0.849 -0.349  3.7348  4.607    1  0.000  0.537     0.00     0.00 -1 -3.03e-14      0.00 7.292e-01 2.612e-01 1.695e-03 4.629e-04 4.205e-03 -1.000 9.582e-03 5.642 6.764 6.533 5.774 5.340 4.966 4.467 4.059 4.014
0.00970 1.00e+09 0.8990693092    0.899 -0.229  3.7516  4.579    1  0.000  0.537     0.00     0.00 -1 -4.01e-14      0.00 7.303e-01 2.602e-01 1.690e-03 4.614e-04 4.192e-03 -1.000 9.512e-03 5.343 6.243 6.124 5.437 5.039 4.690 4.239 3.871 3.832
0.00970 1.00e+09 0.9487590790    0.948 -0.115  3.7664  4.548    1  0.000  0.537     0.00     0.00 -1 -5.26e-14      0.00 7.316e-01 2.588e-01 1.682e-03 4.594e-04 4.174e-03 -1.000 9.526e-03 5.058 5.786 5.750 5.127 4.757 4.432 4.021 3.686 3.653
0.00970 1.00e+09 0.9489072561    0.949 -0.115  3.7664  4.548    1  0.000  0.537     0.00     0.00 -1 -5.27e-14      0.00 7.316e-01 2.588e-01 1.682e-03 4.594e-04 4.174e-03 -1.000 9.526e-03 5.057 5.785 5.749 5.126 4.757 4.431 4.020 3.685 3.652
0.00970 1.00e+09 0.9984488487    0.999 -0.005  3.7795  4.513    1  0.000  0.537     0.00     0.00 -1 -6.88e-14      0.00 7.338e-01 2.568e-01 1.670e-03 4.563e-04 4.146e-03 -1.000 9.401e-03 4.783 5.380 5.403 4.835 4.491 4.185 3.808 3.501 3.472
0.00970 1.00e+09 1.0354347229    1.035  0.074  3.7882  4.484    1  0.000  0.537     0.00     0.00 -1 -7.96e-14      0.00 7.364e-01 2.543e-01 1.656e-03 4.525e-04 4.112e-03 -1.000 9.342e-03 4.584 5.111 5.161 4.627 4.299 4.007 3.652 3.362 3.337
0.00970 1.00e+09 1.0481386185    1.048  0.101  3.7911  4.474    1  0.000  0.537     0.00     0.00 -1 -8.36e-14      0.00 7.374e-01 2.533e-01 1.651e-03 4.511e-04 4.098e-03 -1.000 9.323e-03 4.517 5.021 5.080 4.557 4.235 3.947 3.599 3.315 3.291
0.00970 1.00e+09 1.0674258471    1.067  0.141  3.7953  4.458    1  0.000  0.537     0.00     0.00 -1 -8.96e-14      0.00 7.384e-01 2.523e-01 1.646e-03 4.498e-04 4.088e-03 -1.000 9.287e-03 4.417 4.890 4.959 4.453 4.138 3.857 3.519 3.244 3.221
0.00970 1.00e+09 1.0978283882    1.097  0.204  3.8017  4.434    1  0.000  0.537     0.00     0.00 -1 -9.99e-14      0.00 7.401e-01 2.507e-01 1.640e-03 4.481e-04 4.073e-03 -1.000 9.242e-03 4.261 4.695 4.774 4.292 3.990 3.719 3.396 3.134 3.113
0.00970 1.00e+09 1.1033020020    1.103  0.215  3.8029  4.429    1  0.000  0.537     0.00     0.00 -1 -1.02e-13      0.00 7.401e-01 2.506e-01 1.640e-03 4.482e-04 4.074e-03 -1.000 9.252e-03 4.233 4.661 4.741 4.264 3.963 3.694 3.374 3.114 3.093
0.00970 1.00e+09 1.1475181580    1.147  0.302  3.8118  4.394    1  0.000  0.536     0.00     0.00 -1 -1.18e-13      0.00 7.398e-01 2.509e-01 1.644e-03 4.495e-04 4.087e-03 -1.000 9.307e-03 4.015 4.393 4.483 4.038 3.754 3.499 3.200 2.958 2.940
0.00970 1.00e+09 1.1578367949    1.157  0.322  3.8138  4.387    1  0.000  0.536     0.00     0.00 -1 -1.21e-13      0.00 7.399e-01 2.508e-01 1.644e-03 4.494e-04 4.086e-03 -1.000 9.296e-03 3.965 4.334 4.425 3.987 3.707 3.455 3.161 2.923 2.905
0.00970 1.00e+09 1.1972079277    1.197  0.397  3.8214  4.357    1  0.000  0.536     0.00     0.00 -1 -1.36e-13      0.00 7.402e-01 2.506e-01 1.643e-03 4.492e-04 4.084e-03 -1.000 9.252e-03 3.778 4.113 4.206 3.794 3.529 3.289 3.013 2.791 2.774
0.00970 1.00e+09 1.2468976974    1.247  0.486  3.8309  4.323    1  0.000  0.536     0.00     0.00 -1 -1.54e-13      0.00 7.402e-01 2.505e-01 1.643e-03 4.493e-04 4.085e-03 -1.000 9.336e-03 3.554 3.856 3.945 3.564 3.316 3.093 2.839 2.636 2.621
0.00970 1.00e+09 1.2965873480    1.297  0.571  3.8408  4.295    1  0.000  0.537     0.00     0.00 -1 -1.69e-13      0.00 7.397e-01 2.509e-01 1.645e-03 4.496e-04 4.087e-03 -1.000 9.327e-03 3.341 3.614 3.695 3.344 3.116 2.909 2.677 2.494 2.481
0.00970 1.00e+09 1.3462773561    1.346  0.653  3.8516  4.272    1  0.000  0.536     0.00     0.00 -1  -1.8e-13      0.00 7.402e-01 2.505e-01 1.642e-03 4.489e-04 4.082e-03 -1.000 9.247e-03 3.137 3.385 3.453 3.132 2.925 2.738 2.530 2.368 2.356
0.00970 1.00e+09 1.3959670067    1.396  0.731  3.8639  4.259    1  0.000  0.537     0.00     0.00 -1 -1.84e-13      0.00 7.405e-01 2.501e-01 1.641e-03 4.485e-04 4.077e-03 -1.000 9.328e-03 2.942 3.167 3.218 2.931 2.747 2.583 2.402 2.264 2.253
0.00970 1.00e+09 1.4372363091    1.438  0.794  3.8746  4.252    1  0.000  0.536     0.00     0.00 -1 -1.82e-13      0.00 7.409e-01 2.498e-01 1.639e-03 4.480e-04 4.073e-03 -1.000 9.255e-03 2.785 2.997 3.030 2.770 2.608 2.463 2.304 2.186 2.176
0.00970 1.00e+09 1.4456568956    1.446  0.807  3.8766  4.250    1  0.000  0.536     0.00     0.00 -1 -1.82e-13      0.00 7.410e-01 2.498e-01 1.638e-03 4.479e-04 4.072e-03 -1.000 9.241e-03 2.754 2.962 2.992 2.737 2.580 2.438 2.285 2.170 2.160
0.00970 1.00e+09 1.4676138163    1.468  0.839  3.8816  4.244    1  0.000  0.536     0.00     0.00 -1 -1.78e-13      0.00 7.411e-01 2.496e-01 1.638e-03 4.477e-04 4.071e-03 -1.000 9.239e-03 2.673 2.876 2.897 2.655 2.507 2.375 2.232 2.127 2.117
0.00970 1.00e+09 1.4953466654    1.496  0.879  3.8874  4.235    1  0.000  0.536     0.00     0.00 -1 -1.73e-13      0.00 7.413e-01 2.495e-01 1.637e-03 4.476e-04 4.069e-03 -1.000 9.242e-03 2.572 2.770 2.781 2.553 2.417 2.296 2.165 2.069 2.060
0.00970 1.00e+09 1.5023182631    1.503  0.889  3.8887  4.233    1  0.000  0.536     0.00     0.00 -1  -1.7e-13      0.00 7.413e-01 2.495e-01 1.637e-03 4.475e-04 4.069e-03 -1.000 9.246e-03 2.547 2.744 2.752 2.528 2.395 2.276 2.147 2.055 2.045
0.00970 1.00e+09 1.5450363159    1.545  0.949  3.8961  4.214    1  0.000  0.536     0.00     0.00 -1 -1.55e-13      0.00 7.415e-01 2.493e-01 1.636e-03 4.474e-04 4.068e-03 -1.000 9.226e-03 2.397 2.588 2.582 2.377 2.259 2.155 2.040 1.960 1.951
0.00970 1.00e+09 1.5698292255    1.570  0.983  3.8999  4.202    1  0.000  0.536     0.00     0.00 -1 -1.38e-13      0.00 7.416e-01 2.492e-01 1.636e-03 4.473e-04 4.067e-03 -1.000 9.233e-03 2.312 2.499 2.486 2.292 2.182 2.085 1.977 1.903 1.894
0.00970 1.00e+09 1.5947260857    1.595  1.018  3.9032  4.188    1  0.000  0.536     0.00     0.00 -1 -1.24e-13      0.00 7.416e-01 2.492e-01 1.635e-03 4.472e-04 4.066e-03 -1.000 9.241e-03 2.226 2.411 2.391 2.207 2.104 2.013 1.912 1.843 1.834
0.00970 1.00e+09 1.6277700663    1.628  1.063  3.9071  4.167    1  0.000  0.536     0.00     0.00 -1 -9.01e-14      0.00 7.416e-01 2.491e-01 1.635e-03 4.473e-04 4.065e-03 -1.000 9.296e-03 2.113 2.295 2.267 2.094 2.000 1.916 1.822 1.760 1.751
0.00970 1.00e+09 1.6444157362    1.644  1.085  3.9089  4.156    1  0.000  0.536     0.00     0.00 -1 -7.69e-14      0.00 7.415e-01 2.492e-01 1.635e-03 4.475e-04 4.065e-03 -1.000 9.320e-03 2.056 2.237 2.205 2.039 1.948 1.868 1.776 1.717 1.708
0.00970 1.00e+09 1.6740647554    1.674  1.126  3.9117  4.135    1  0.000  0.537     0.00     0.00 -1 -8.97e-23      0.00 7.415e-01 2.492e-01 1.636e-03 4.475e-04 4.065e-03 -1.000 9.260e-03 1.956 2.134 2.097 1.940 1.855 1.780 1.694 1.638 1.630
0.00970 1.00e+09 1.6941056252    1.694  1.153  3.9134  4.120    1  0.000  0.536     0.00     0.00 -1 -9.84e-29      0.00 7.415e-01 2.492e-01 1.636e-03 4.475e-04 4.065e-03 -1.000 9.308e-03 1.888 2.065 2.024 1.874 1.792 1.720 1.637 1.584 1.575
0.00970 1.00e+09 1.6982233524    1.698  1.158  3.9137  4.117    1  0.000  0.536     0.00     0.00 -1 -6.69e-29      0.00 7.415e-01 2.492e-01 1.636e-03 4.475e-04 4.066e-03 -1.000 9.315e-03 1.875 2.051 2.009 1.860 1.779 1.708 1.625 1.572 1.564
0.00970 1.00e+09 1.7321602106    1.731  1.204  3.9158  4.088    1  0.000  0.537     0.00     0.00 -1  -2.9e-30      0.00 7.414e-01 2.493e-01 1.636e-03 4.477e-04 4.066e-03 -1.000 9.245e-03 1.760 1.936 1.888 1.747 1.671 1.603 1.524 1.474 1.466
0.00970 1.00e+09 1.7437953949    1.743  1.220  3.9162  4.076    1  0.000  0.537     0.00     0.00 -1    -1e-30      0.00 7.414e-01 2.494e-01 1.636e-03 4.478e-04 4.066e-03 -1.000 9.243e-03 1.721 1.896 1.847 1.707 1.632 1.566 1.487 1.438 1.430
0.00970 1.00e+09 1.7547023296    1.754  1.234  3.9165  4.066    1  0.000  0.537     0.00     0.00 -1    -1e-30      0.00 7.414e-01 2.494e-01 1.637e-03 4.480e-04 4.065e-03 -1.000 9.236e-03 1.684 1.859 1.808 1.671 1.596 1.531 1.452 1.404 1.396
0.00970 1.00e+09 1.7789438963    1.778  1.267  3.9166  4.039    1  0.000  0.537     0.00     0.00 -1    -1e-30      0.00 7.413e-01 2.495e-01 1.637e-03 4.481e-04 4.066e-03 -1.000 9.240e-03 1.603 1.778 1.723 1.588 1.515 1.450 1.372 1.323 1.315
0.00970 1.00e+09 1.7934851646    1.793  1.286  3.9163  4.022    1  0.000  0.537     0.00     0.00 -1    -1e-30      0.00 7.413e-01 2.495e-01 1.637e-03 4.482e-04 4.066e-03 -1.000 9.241e-03 1.554 1.729 1.673 1.538 1.465 1.400 1.321 1.273 1.264
0.00970 1.00e+09 1.8090274334    1.808  1.307  3.9158  4.003    1  0.000  0.537     0.00     0.00 -1    -1e-30      0.00 7.412e-01 2.495e-01 1.638e-03 4.483e-04 4.067e-03 -1.000 9.255e-03 1.502 1.678 1.619 1.485 1.411 1.346 1.266 1.218 1.209
0.00970 1.00e+09 1.8356649876    1.835  1.343  3.9142  3.967    1  0.000  0.537     0.00     0.00 -1    -1e-30      0.00 7.411e-01 2.497e-01 1.638e-03 4.485e-04 4.069e-03 -1.000 9.241e-03 1.413 1.590 1.530 1.393 1.318 1.250 1.168 1.117 1.108
0.00970 1.00e+09 1.8431749344    1.842  1.353  3.9133  3.956    1  0.000  0.537     0.00     0.00 -1    -1e-30      0.00 7.410e-01 2.497e-01 1.639e-03 4.486e-04 4.070e-03 -1.000 9.241e-03 1.388 1.566 1.505 1.367 1.290 1.222 1.138 1.086 1.077
0.00970 1.00e+09 1.8664233685    1.866  1.384  3.9107  3.920    1  0.000  0.537     0.00     0.00 -1    -1e-30      0.00 7.409e-01 2.499e-01 1.639e-03 4.486e-04 4.072e-03 -1.000 9.252e-03 1.311 1.491 1.429 1.286 1.205 1.133 1.044 0.990 0.980
0.00970 1.00e+09 1.8948680162    1.894  1.421  3.9057  3.869    1  0.000  0.537     0.00     0.00 -1    -1e-30      0.00 7.407e-01 2.500e-01 1.641e-03 4.488e-04 4.075e-03 -1.000 9.284e-03 1.217 1.403 1.339 1.186 1.097 1.018 0.920 0.861 0.850
0.00970 1.00e+09 1.8948794603    1.894  1.421  3.9057  3.869    1  0.000  0.537     0.00     0.00 -1    -1e-30      0.00 7.407e-01 2.500e-01 1.641e-03 4.488e-04 4.075e-03 -1.000 9.284e-03 1.217 1.403 1.339 1.186 1.097 1.018 0.920 0.861 0.850
0.00970 1.00e+09 1.9057841301    1.905  1.435  3.9034  3.849    1  0.000  0.537     0.00     0.00 -1    -1e-30      0.00 7.406e-01 2.501e-01 1.641e-03 4.489e-04 4.076e-03 -1.000 9.283e-03 1.182 1.370 1.307 1.149 1.056 0.973 0.871 0.809 0.798
0.00970 1.00e+09 1.9296039343    1.929  1.466  3.8969  3.797    1  0.000  0.537     0.00     0.00 -1    -1e-30      0.00 7.405e-01 2.503e-01 1.641e-03 4.493e-04 4.077e-03 -1.000 9.256e-03 1.106 1.304 1.242 1.068 0.964 0.870 0.756 0.684 0.673
0.00970 1.00e+09 1.9465835094    1.946  1.487  3.8907  3.755    1  0.000  0.537     0.00     0.00 -1    -1e-30      0.00 7.403e-01 2.504e-01 1.642e-03 4.495e-04 4.078e-03 -1.000 9.298e-03 1.053 1.259 1.200 1.010 0.895 0.792 0.666 0.585 0.573
0.00970 1.00e+09 1.9570264816    1.957  1.500  3.8864  3.727    1  0.000  0.537     0.00     0.00 -1    -1e-30      0.00 7.402e-01 2.505e-01 1.643e-03 4.496e-04 4.079e-03 -1.000 9.317e-03 1.020 1.234 1.177 0.977 0.853 0.743 0.608 0.521 0.508
0.00970 1.00e+09 1.9734022617    1.974  1.520  3.8788  3.680    1  0.000  0.537     0.00     0.00 -1    -1e-30      0.00 7.401e-01 2.506e-01 1.643e-03 4.497e-04 4.082e-03 -1.000 9.306e-03 0.970 1.196 1.144 0.924 0.786 0.663 0.513 0.414 0.401
0.00970 1.00e+09 1.9890260696    1.990  1.539  3.8705  3.632    1  0.000  0.537     0.00     0.00 -1    -1e-30      0.00 7.399e-01 2.508e-01 1.644e-03 4.498e-04 4.084e-03 -1.000 9.273e-03 0.922 1.165 1.118 0.877 0.723 0.585 0.418 0.305 0.291
0.00970 1.00e+09 1.9982879162    1.999  1.552  3.8653  3.600    1  0.000  0.537     0.00     0.00 -1    -1e-30      0.00 7.399e-01 2.509e-01 1.645e-03 4.499e-04 4.086e-03 -1.000 9.280e-03 0.891 1.145 1.102 0.847 0.683 0.535 0.358 0.236 0.221
0.00970 1.00e+09 2.0053527355    2.006  1.561  3.8613  3.576    1  0.000  0.537     0.00     0.00 -1    -1e-30      0.00 7.398e-01 2.509e-01 1.645e-03 4.500e-04 4.087e-03 -1.000 9.299e-03 0.867 1.131 1.090 0.824 0.653 0.498 0.311 0.183 0.167
0.00970 1.00e+09 2.0191297531    2.019  1.584  3.8561  3.536    1  0.000  0.537     0.00     0.00 -1    -1e-30      0.00 7.397e-01 2.511e-01 1.646e-03 4.502e-04 4.089e-03 -1.000 9.282e-03 0.810 1.087 1.048 0.769 0.587 0.423 0.226 0.088 0.072
0.00970 1.00e+09 2.0242936611    2.024  1.602  3.8615  3.540    1  0.000  0.537     0.00     0.00 -1    -1e-30      0.00 7.396e-01 2.511e-01 1.646e-03 4.503e-04 4.089e-03 -1.000 9.301e-03 0.764 1.029 0.983 0.719 0.549 0.395 0.209 0.082 0.066
0.00970 1.00e+09 2.0279185772    2.028  1.624  3.8711  3.558    1  0.000  0.537     0.00     0.00 -1    -1e-30      0.00 7.395e-01 2.512e-01 1.646e-03 4.504e-04 4.090e-03 -1.000 9.290e-03 0.711 0.955 0.898 0.662 0.512 0.376 0.211 0.100 0.085
0.00970 1.00e+09 2.0292370319    2.029  1.641  3.8811  3.580    1  0.000  0.537     0.00     0.00 -1    -1e-30      0.00 7.395e-01 2.512e-01 1.646e-03 4.504e-04 4.090e-03 -1.000 9.285e-03 0.666 0.892 0.823 0.616 0.486 0.369 0.224 0.131 0.117
0.00970 1.00e+09 2.0299155712    2.030  1.659  3.8911  3.603    1  0.000  0.537     0.00     0.00 -1    -1e-30      0.00 7.395e-01 2.512e-01 1.646e-03 4.504e-04 4.090e-03 -1.000 9.284e-03 0.622 0.830 0.750 0.572 0.463 0.364 0.238 0.161 0.148
0.00970 1.00e+09 2.0303092003    2.030  1.679  3.9011  3.623    1  0.000  0.537     0.00     0.00 -1    -1e-30      0.00 7.395e-01 2.512e-01 1.646e-03 4.504e-04 4.091e-03 -1.000 9.283e-03 0.572 0.763 0.677 0.530 0.440 0.357 0.250 0.187 0.175
0.00970 1.00e+09 2.0305368900    2.031  1.699  3.9103  3.639    1  0.000  0.537     0.00     0.00 -1    -1e-30      0.00 7.395e-01 2.512e-01 1.646e-03 4.504e-04 4.091e-03 -1.000 9.283e-03 0.522 0.698 0.609 0.488 0.415 0.347 0.256 0.205 0.194
0.00970 1.00e+09 2.0307021141    2.031  1.720  3.9189  3.654    1  0.000  0.537     0.00     0.00 -1    -1e-30      0.00 7.395e-01 2.512e-01 1.646e-03 4.504e-04 4.091e-03 -1.000 9.282e-03 0.471 0.632 0.545 0.448 0.389 0.334 0.259 0.218 0.208
0.00970 1.00e+09 2.0307981968    2.031  1.730  3.9236  3.662    1  0.000  0.537     0.00     0.00 -1    -1e-30      0.00 7.395e-01 2.512e-01 1.646e-03 4.504e-04 4.091e-03 -1.000 9.282e-03 0.445 0.600 0.517 0.432 0.380 0.331 0.263 0.227 0.218
0.00970 1.00e+09 2.0308473110    2.031  1.712  3.9196  3.664    1  0.000  0.537     0.00     0.00 -1    -1e-30      0.00 7.395e-01 2.512e-01 1.646e-03 4.504e-04 4.091e-03 -1.000 9.282e-03 0.491 0.652 0.566 0.470 0.412 0.357 0.283 0.243 0.233
0.00970 1.00e+09 2.0309009552    2.031  1.689  3.9135  3.663    2  0.000  0.537     0.00     0.00 -1    -1e-30      0.00 7.395e-01 2.512e-01 1.646e-03 4.504e-04 4.091e-03 -1.000 9.282e-03 0.547 0.718 0.631 0.518 0.449 0.386 0.301 0.253 0.243
0.00970 1.00e+09 2.0309534073    2.031  1.670  3.9053  3.648    2  0.000  0.537     0.00     0.00 -1    -1e-30      0.00 7.395e-01 2.512e-01 1.646e-03 4.505e-04 4.091e-03 -1.000 9.282e-03 0.594 0.778 0.691 0.555 0.472 0.396 0.297 0.239 0.228
0.00970 1.00e+09 2.0310237408    2.031  1.662  3.8942  3.612    2  0.000  0.537     0.00     0.00 -1    -1e-30      0.00 7.395e-01 2.512e-01 1.646e-03 4.505e-04 4.091e-03 -1.000 9.282e-03 0.614 0.817 0.735 0.567 0.463 0.369 0.250 0.177 0.164
0.00970 1.00e+09 2.0311086178    2.031  1.668  3.8828  3.561    2  0.000  0.537     0.00     0.00 -1    -1e-30      0.00 7.395e-01 2.512e-01 1.646e-03 4.505e-04 4.091e-03 -1.000 9.282e-03 0.600 0.823 0.749 0.549 0.422 0.309 0.167 0.077 0.063
0.00970 1.00e+09 2.0312104225    2.031  1.678  3.8712  3.504    2  0.000  0.537     0.00     0.00 -1    -1e-30      0.00 7.395e-01 2.512e-01 1.646e-03 4.505e-04 4.091e-03 -1.000 9.282e-03 0.575 0.821 0.757 0.524 0.375 0.240 0.075 -0.034 -0.049
0.00970 1.00e+09 2.0313272476    2.031  1.685  3.8595  3.451    2  0.000  0.537     0.00     0.00 -1    -1e-30      0.00 7.395e-01 2.512e-01 1.646e-03 4.505e-04 4.091e-03 -1.000 9.282e-03 0.557 0.829 0.775 0.509 0.337 0.181 -0.008 -0.138 -0.155
0.00970 1.00e+09 2.0314590931    2.032  1.689  3.8478  3.400    2  0.000  0.537     0.00     0.00 -1    -1e-30      0.00 7.395e-01 2.512e-01 1.646e-03 4.505e-04 4.091e-03 -1.000 9.281e-03 0.548 0.850 0.806 0.507 0.311 0.134 -0.081 -0.233 -0.252
0.00970 1.00e+09 2.0316052437    2.032  1.689  3.8359  3.352    2  0.000  0.537     0.00     0.00 -1    -1e-30      0.00 7.395e-01 2.512e-01 1.646e-03 4.505e-04 4.091e-03 -1.000 9.281e-03 0.547 0.884 0.848 0.514 0.294 0.096 -0.146 -0.321 -0.342
0.00970 1.00e+09 2.0317642689    2.032  1.688  3.8242  3.307    2  0.000  0.537     0.00     0.00 -1    -1e-30      0.00 7.395e-01 2.512e-01 1.646e-03 4.505e-04 4.091e-03 -1.000 9.281e-03 0.551 0.933 0.900 0.528 0.285 0.065 -0.203 -0.402 -0.425
0.00970 1.00e+09 2.0319414139    2.032  1.684  3.8127  3.265    2  0.000  0.537     0.00     0.00 -1    -1e-30      0.00 7.395e-01 2.512e-01 1.646e-03 4.505e-04 4.091e-03 -1.000 9.281e-03 0.561 0.994 0.960 0.549 0.283 0.043 -0.253 -0.475 -0.500
0.00970 1.00e+09 2.0321516991    2.032  1.677  3.8011  3.225    2  0.000  0.537     0.00     0.00 -1    -1e-30      0.00 7.395e-01 2.512e-01 1.646e-03 4.505e-04 4.091e-03 -1.000 9.280e-03 0.577 1.072 1.032 0.579 0.290 0.029 -0.295 -0.542 -0.569
0.00970 1.00e+09 2.0324227810    2.033  1.666  3.7897  3.191    2  0.000  0.537     0.00     0.00 -1    -1e-30      0.00 7.395e-01 2.512e-01 1.646e-03 4.505e-04 4.091e-03 -1.000 9.280e-03 0.606 1.173 1.120 0.622 0.310 0.030 -0.322 -0.594 -0.624
0.00970 1.00e+09 2.0327742100    2.033  1.645  3.7779  3.165    2  0.000  0.537     0.00     0.00 -1    -1e-30      0.00 7.395e-01 2.513e-01 1.646e-03 4.505e-04 4.091e-03 -1.000 9.280e-03 0.657 1.312 1.239 0.691 0.355 0.054 -0.328 -0.626 -0.659
0.00970 1.00e+09 2.0330779552    2.033  1.622  3.7687  3.151    2  0.000  0.537     0.00     0.00 -1    -1e-30      0.00 7.392e-01 2.515e-01 1.648e-03 4.508e-04 4.094e-03 -1.000 9.292e-03 0.714 1.452 1.352 0.764 0.409 0.092 -0.314 -0.633 -0.669
0.00970 1.00e+09 2.0333960056    2.034  1.591  3.7597  3.146    2  0.000  0.537     0.00     0.00 -1    -1e-30      0.00 7.365e-01 2.541e-01 1.661e-03 4.544e-04 4.126e-03 -1.000 9.388e-03 0.791 1.620 1.488 0.858 0.485 0.153 -0.277 -0.618 -0.656
0.00970 1.00e+09 2.0336647034    2.034  1.560  3.7523  3.148    2  0.000  0.537     0.00     0.00 -1    -1e-30      0.00 7.327e-01 2.578e-01 1.681e-03 4.596e-04 4.172e-03 -1.000 9.491e-03 0.870 1.777 1.617 0.952 0.564 0.219 -0.232 -0.590 -0.630
0.00970 1.00e+09 2.0339751244    2.034  1.521  3.7439  3.153    2  0.000  0.537     0.00     0.00 -1    -1e-30      0.00 7.296e-01 2.608e-01 1.697e-03 4.639e-04 4.210e-03 -1.000 9.593e-03 0.968 1.975 1.775 1.069 0.663 0.305 -0.170 -0.550 -0.592
0.00970 1.00e+09 2.0342793465    2.034  1.488  3.7358  3.153    2  0.000  0.538     0.00     0.00 -1    -1e-30      0.00 7.278e-01 2.626e-01 1.706e-03 4.662e-04 4.231e-03 -1.000 9.631e-03 1.049 2.158 1.915 1.169 0.747 0.374 -0.124 -0.524 -0.569
0.00970 1.00e+09 2.0343556404    2.034  1.481  3.7338  3.153    2  0.000  0.538     0.00     0.00 -1    -1e-30      0.00 7.274e-01 2.630e-01 1.708e-03 4.667e-04 4.235e-03 -1.000 9.637e-03 1.068 2.205 1.949 1.194 0.767 0.391 -0.113 -0.518 -0.564
0.00970 1.00e+09 2.0346596241    2.035  1.474  3.7265  3.131    3  0.000  0.537     0.00     0.00 -1    -1e-30      0.00 7.265e-01 2.639e-01 1.711e-03 4.679e-04 4.245e-03 -1.000 9.631e-03 1.086 2.325 2.023 1.232 0.789 0.401 -0.125 -0.549 -0.596
0.00970 1.00e+09 2.0351150036    2.035  1.498  3.7173  3.070    3  0.000  0.536     0.00     0.00 -1    -1e-30      0.00 7.253e-01 2.651e-01 1.711e-03 4.704e-04 4.255e-03 -1.000 9.663e-03 1.026 2.404 2.037 1.201 0.739 0.335 -0.221 -0.670 -0.720
0.00970 1.00e+09 2.0354938507    2.036  1.538  3.7115  3.006    3  0.000  0.516     0.00     0.00 -1    -1e-30      0.00 7.241e-01 2.662e-01 1.649e-03 5.147e-04 4.260e-03 -1.000 9.667e-03 0.924 2.393 1.983 1.118 0.643 0.229 -0.345 -0.810 -0.861
0.00970 1.00e+09 2.0357966423    2.036  1.576  3.7078  2.954    3  0.000  0.473     0.00     0.00 -1    -1e-30      0.00 7.231e-01 2.672e-01 1.513e-03 6.687e-04 4.262e-03 -1.000 9.720e-03 0.831 2.362 1.922 1.039 0.555 0.135 -0.451 -0.926 -0.979
0.00970 1.00e+09 2.0360989571    2.036  1.614  3.7045  2.903    3  0.000  0.434     0.00     0.00 -1    -1e-30      0.00 7.219e-01 2.683e-01 1.389e-03 8.176e-04 4.264e-03 -1.000 9.738e-03 0.736 2.324 1.856 0.956 0.465 0.038 -0.559 -1.043 -1.097
0.00970 1.00e+09 2.0364012718    2.036  1.652  3.7014  2.852    3  0.000  0.406     0.00     0.00 -1    -1e-30      0.00 7.208e-01 2.694e-01 1.297e-03 9.322e-04 4.265e-03 -1.000 9.762e-03 0.639 2.281 1.787 0.870 0.372 -0.060 -0.667 -1.159 -1.215
0.00970 1.00e+09 2.0367026329    2.037  1.692  3.6985  2.801    3  0.000  0.387     0.00     0.00 -1    -1e-30      0.00 7.197e-01 2.705e-01 1.238e-03 1.007e-03 4.267e-03 -1.000 9.783e-03 0.540 2.234 1.714 0.782 0.277 -0.160 -0.777 -1.277 -1.334
0.00970 1.00e+09 2.0370008945    2.037  1.732  3.6957  2.750    3  0.000  0.374     0.00     0.00 -1    -1e-30      0.00 7.186e-01 2.716e-01 1.198e-03 1.059e-03 4.269e-03 -1.000 9.789e-03 0.440 2.184 1.640 0.693 0.181 -0.260 -0.887 -1.395 -1.453
0.00970 1.00e+09 2.0372941494    2.037  1.772  3.6930  2.699    3  0.000  0.366     0.00     0.00 -1    -1e-30      0.00 7.171e-01 2.731e-01 1.170e-03 1.110e-03 4.259e-03 -1.000 9.816e-03 0.341 2.135 1.567 0.606 0.088 -0.359 -0.995 -1.511 -1.570
0.00970 1.00e+09 2.0375857353    2.038  1.811  3.6903  2.650    3  0.000  0.363     0.00     0.00 -1    -1e-30      0.00 7.149e-01 2.753e-01 1.148e-03 1.174e-03 4.220e-03 -1.000 9.825e-03 0.243 2.085 1.494 0.520 -0.004 -0.456 -1.101 -1.625 -1.686
0.00970 1.00e+09 2.0376584530    2.038  1.820  3.6897  2.637    3  0.000  0.362     0.00     0.00 -1    -1e-30      0.00 7.143e-01 2.759e-01 1.143e-03 1.190e-03 4.207e-03 -1.000 9.827e-03 0.219 2.073 1.476 0.498 -0.028 -0.480 -1.128 -1.653 -1.715
0.00970 1.00e+09 2.0377316475    2.038  1.830  3.6890  2.625    3  0.000  0.362     0.00     0.00 -1    -1e-30      0.00 7.135e-01 2.767e-01 1.138e-03 1.208e-03 4.193e-03 -1.000 9.824e-03 0.195 2.060 1.458 0.477 -0.051 -0.504 -1.154 -1.682 -1.743
0.00970 1.00e+09 2.0380244255    2.038  1.869  3.6865  2.576    3  0.000  0.361     0.00     0.00 -1    -1e-30      0.00 7.103e-01 2.799e-01 1.122e-03 1.272e-03 4.143e-03 -1.000 9.817e-03 0.097 2.010 1.385 0.391 -0.143 -0.601 -1.260 -1.794 -1.857
0.00970 1.00e+09 2.0380976200    2.038  1.879  3.6859  2.564    3  0.000  0.361     0.00     0.00 -1    -1e-30      0.00 7.095e-01 2.807e-01 1.119e-03 1.287e-03 4.131e-03 -1.000 9.816e-03 0.073 1.998 1.367 0.369 -0.165 -0.625 -1.286 -1.823 -1.886
0.00970 1.00e+09 2.0382387638    2.038  1.898  3.6846  2.540    3  0.000  0.361     0.00     0.00 -1    -1e-30      0.00 7.080e-01 2.822e-01 1.113e-03 1.312e-03 4.111e-03 -1.000 9.816e-03 0.026 1.974 1.332 0.328 -0.210 -0.671 -1.338 -1.877 -1.941
0.00970 1.00e+09 2.0385205746    2.039  1.935  3.6821  2.492    3  0.000  0.361     0.00     0.00 -1    -1e-30      0.00 7.052e-01 2.850e-01 1.103e-03 1.357e-03 4.075e-03 -1.000 9.773e-03 -0.069 1.927 1.262 0.244 -0.299 -0.765 -1.441 -1.988 -2.053
0.00970 1.00e+09 2.0388019085    2.039  1.974  3.6795  2.444    3  0.000  0.361     0.00     0.00 -1    -1e-30      0.00 7.026e-01 2.876e-01 1.094e-03 1.392e-03 4.046e-03 -1.000 9.805e-03 -0.164 1.881 1.193 0.162 -0.388 -0.859 -1.544 -2.098 -2.165
0.00970 1.00e+09 2.0390782356    2.039  2.012  3.6769  2.395    3  0.000  0.360     0.00     0.00 -1    -1e-30      0.00 7.005e-01 2.896e-01 1.088e-03 1.420e-03 4.023e-03 -1.000 9.821e-03 -0.260 1.835 1.125 0.081 -0.476 -0.953 -1.647 -2.209 -2.278
0.00970 1.00e+09 2.0393536091    2.039  2.051  3.6743  2.346    3  0.000  0.360     0.00     0.00 -1    -1e-30      0.00 6.988e-01 2.914e-01 1.082e-03 1.443e-03 4.005e-03 -1.000 9.764e-03 -0.357 1.790 1.056 -0.002 -0.566 -1.047 -1.752 -2.321 -2.392
0.00970 1.00e+09 2.0396723747    2.040  2.096  3.6711  2.288    3  0.000  0.360     0.00     0.00 -1    -1e-30      0.00 6.972e-01 2.931e-01 1.078e-03 1.463e-03 3.989e-03 -1.000 9.755e-03 -0.470 1.739 0.976 -0.098 -0.671 -1.158 -1.875 -2.453 -2.526
0.00970 1.00e+09 2.0399463177    2.040  2.135  3.6684  2.238    3  0.000  0.360     0.00     0.00 -1    -1e-30      0.00 6.960e-01 2.942e-01 1.075e-03 1.476e-03 3.978e-03 -1.000 9.786e-03 -0.568 1.696 0.907 -0.182 -0.762 -1.255 -1.982 -2.567 -2.642
0.00970 1.00e+09 2.0402312279    2.040  2.177  3.6654  2.184    3  0.000  0.360     0.00     0.00 -1    -1e-30      0.00 6.951e-01 2.951e-01 1.073e-03 1.487e-03 3.969e-03 -1.000 9.816e-03 -0.673 1.652 0.836 -0.268 -0.857 -1.356 -2.095 -2.688 -2.766
0.00970 1.00e+09 2.0404806137    2.040  2.214  3.6627  2.136    3  0.000  0.360     0.00     0.00 -1    -1e-30      0.00 6.945e-01 2.957e-01 1.071e-03 1.493e-03 3.964e-03 -1.000 9.810e-03 -0.766 1.615 0.773 -0.345 -0.941 -1.446 -2.195 -2.796 -2.876
0.00970 1.00e+09 2.0407648087    2.041  2.257  3.6595  2.081    3  0.000  0.360     0.00     0.00 -1    -1e-30      0.00 6.941e-01 2.961e-01 1.070e-03 1.498e-03 3.960e-03 -1.000 9.821e-03 -0.873 1.575 0.702 -0.433 -1.037 -1.549 -2.311 -2.921 -3.004
0.00970 1.00e+09 2.0410065651    2.041  2.294  3.6567  2.033    3  0.000  0.360     0.00     0.00 -1    -1e-30      0.00 6.939e-01 2.963e-01 1.069e-03 1.500e-03 3.958e-03 -1.000 9.816e-03 -0.966 1.540 0.641 -0.509 -1.121 -1.639 -2.412 -3.029 -3.115
0.00970 1.00e+09 2.0412719250    2.041  2.336  3.6536  1.978    3  0.000  0.360     0.00     0.00 -1    -1e-30      0.00 6.938e-01 2.964e-01 1.069e-03 1.501e-03 3.957e-03 -1.000 9.817e-03 -1.070 1.506 0.574 -0.593 -1.215 -1.739 -2.525 -3.150 -3.239
0.00970 1.00e+09 2.0415234566    2.042  2.375  3.6506  1.928    3  0.000  0.360     0.00     0.00 -1    -1e-30      0.00 6.938e-01 2.964e-01 1.069e-03 1.501e-03 3.957e-03 -1.000 9.827e-03 -1.167 1.483 0.516 -0.668 -1.299 -1.831 -2.629 -3.263 -3.355
0.00970 1.00e+09 2.0418157578    2.042  2.419  3.6473  1.870    3  0.000  0.360     0.00     0.00 -1    -1e-30      0.00 6.938e-01 2.964e-01 1.069e-03 1.501e-03 3.957e-03 -1.000 9.827e-03 -1.277 1.457 0.451 -0.753 -1.396 -1.935 -2.748 -3.391 -3.487
0.00970 1.00e+09 2.0421516895    2.042  2.466  3.6436  1.808    3  0.000  0.360     0.00     0.00 -1    -1e-30      0.00 6.938e-01 2.964e-01 1.069e-03 1.502e-03 3.957e-03 -1.000 9.827e-03 -1.396 1.434 0.382 -0.842 -1.498 -2.047 -2.875 -3.529 -3.628
0.00970 1.00e+09 2.0423870087    2.042  2.493  3.6414  1.773    3  0.000  0.360     0.00     0.00 -1    -1e-30      0.00 6.938e-01 2.964e-01 1.069e-03 1.502e-03 3.956e-03 -1.000 9.827e-03 -1.463 1.422 0.344 -0.894 -1.557 -2.111 -2.948 -3.607 -3.709
0.00970 1.00e+09 2.0424504280    2.042  2.459  3.6442  1.818    4  0.000  0.360     0.00     0.00 -1    -1e-30      0.00 6.938e-01 2.964e-01 1.069e-03 1.502e-03 3.956e-03 -1.000 9.827e-03 -1.377 1.436 0.393 -0.828 -1.482 -2.029 -2.855 -3.506 -3.605
0.00970 1.00e+09 2.0424714088    2.042  2.431  3.6464  1.855    4  0.000  0.360     0.00     0.00 -1    -1e-30      0.00 6.938e-01 2.964e-01 1.069e-03 1.502e-03 3.956e-03 -1.000 9.827e-03 -1.307 1.450 0.433 -0.775 -1.422 -1.963 -2.779 -3.425 -3.521
0.00970 1.00e+09 2.0424892902    2.042  2.392  3.6494  1.906    4  0.000  0.360     0.00     0.00 -1    -1e-30      0.00 6.938e-01 2.964e-01 1.069e-03 1.502e-03 3.956e-03 -1.000 9.827e-03 -1.210 1.470 0.489 -0.702 -1.337 -1.872 -2.675 -3.313 -3.406
0.00970 1.00e+09 2.0425081253    2.042  2.355  3.6524  1.955    4  0.000  0.360     0.00     0.00 -1    -1e-30      0.00 6.938e-01 2.964e-01 1.069e-03 1.502e-03 3.956e-03 -1.000 9.827e-03 -1.116 1.491 0.544 -0.631 -1.256 -1.783 -2.574 -3.203 -3.294
0.00970 1.00e+09 2.0425374508    2.043  2.306  3.6561  2.019    4  0.000  0.360     0.00     0.00 -1    -1e-30      0.00 6.938e-01 2.964e-01 1.069e-03 1.502e-03 3.956e-03 -1.000 9.827e-03 -0.994 1.526 0.620 -0.534 -1.148 -1.667 -2.442 -3.061 -3.147
0.00970 1.00e+09 2.0425775051    2.043  2.256  3.6599  2.084    4  0.000  0.360     0.00     0.00 -1    -1e-30      0.00 6.938e-01 2.964e-01 1.069e-03 1.502e-03 3.956e-03 -1.000 9.827e-03 -0.869 1.570 0.701 -0.432 -1.035 -1.546 -2.306 -2.915 -2.998
0.00970 1.00e+09 2.0426335335    2.043  2.207  3.6636  2.148    4  0.000  0.360     0.00     0.00 -1    -1e-30      0.00 6.938e-01 2.964e-01 1.069e-03 1.502e-03 3.956e-03 -1.000 9.827e-03 -0.747 1.615 0.782 -0.332 -0.926 -1.428 -2.174 -2.772 -2.852
0.00970 1.00e+09 2.0427074432    2.043  2.158  3.6672  2.211    4  0.000  0.360     0.00     0.00 -1    -1e-30      0.00 6.938e-01 2.964e-01 1.069e-03 1.502e-03 3.956e-03 -1.000 9.827e-03 -0.626 1.662 0.862 -0.233 -0.816 -1.312 -2.043 -2.632 -2.708
0.00970 1.00e+09 2.0427799225    2.043  2.122  3.6699  2.258    4  0.000  0.360     0.00     0.00 -1    -1e-30      0.00 6.938e-01 2.964e-01 1.069e-03 1.502e-03 3.956e-03 -1.000 9.827e-03 -0.534 1.700 0.925 -0.156 -0.732 -1.222 -1.943 -2.524 -2.598
0.00970 1.00e+09 2.0428655148    2.043  2.084  3.6727  2.307    4  0.000  0.360     0.00     0.00 -1    -1e-30      0.00 6.938e-01 2.964e-01 1.069e-03 1.502e-03 3.956e-03 -1.000 9.827e-03 -0.441 1.739 0.989 -0.077 -0.646 -1.131 -1.841 -2.415 -2.487
0.00970 1.00e+09 2.0429956913    2.043  2.039  3.6760  2.365    4  0.000  0.360     0.00     0.00 -1    -1e-30      0.00 6.938e-01 2.964e-01 1.069e-03 1.502e-03 3.956e-03 -1.000 9.827e-03 -0.327 1.789 1.068 0.019 -0.541 -1.019 -1.718 -2.281 -2.351
0.00970 1.00e+09 2.0431737900    2.043  1.995  3.6791  2.422    4  0.000  0.360     0.00     0.00 -1    -1e-30      0.00 6.938e-01 2.964e-01 1.069e-03 1.502e-03 3.956e-03 -1.000 9.827e-03 -0.218 1.837 1.144 0.111 -0.441 -0.913 -1.599 -2.154 -2.221
0.00970 1.00e+09 2.0434763432    2.043  1.952  3.6823  2.478    4  0.000  0.360     0.00     0.00 -1    -1e-30      0.00 6.938e-01 2.964e-01 1.069e-03 1.502e-03 3.956e-03 -1.000 9.827e-03 -0.109 1.885 1.220 0.203 -0.340 -0.806 -1.481 -2.027 -2.092
0.00970 1.00e+09 2.0438764095    2.044  1.908  3.6854  2.534    4  0.000  0.360     0.00     0.00 -1    -1e-30      0.00 6.938e-01 2.964e-01 1.069e-03 1.502e-03 3.956e-03 -1.000 9.827e-03 -0.001 1.935 1.298 0.297 -0.239 -0.699 -1.362 -1.900 -1.963
0.00970 1.00e+09 2.0441977978    2.044  1.867  3.6884  2.587    4  0.000  0.360     0.00     0.00 -1    -1e-30      0.00 6.938e-01 2.964e-01 1.069e-03 1.502e-03 3.956e-03 -1.000 9.827e-03 0.103 1.983 1.373 0.388 -0.141 -0.596 -1.248 -1.777 -1.839
0.00970 1.00e+09 2.0444827080    2.044  1.830  3.6910  2.634    4  0.000  0.360     0.00     0.00 -1    -1e-30      0.00 6.938e-01 2.964e-01 1.069e-03 1.503e-03 3.956e-03 -1.000 9.827e-03 0.194 2.027 1.439 0.467 -0.055 -0.505 -1.149 -1.670 -1.730
0.00970 1.00e+09 2.0448968410    2.045  1.785  3.6942  2.692    4  0.000  0.360     0.00     0.00 -1    -1e-30      0.00 6.937e-01 2.964e-01 1.069e-03 1.503e-03 3.955e-03 -1.000 9.827e-03 0.306 2.080 1.521 0.565 0.050 -0.394 -1.026 -1.538 -1.597
0.00970 1.00e+09 2.0454730988    2.045  1.739  3.6976  2.752    4  0.000  0.360     0.00     0.00 -1    -1e-30      0.00 6.937e-01 2.964e-01 1.069e-03 1.503e-03 3.955e-03 -1.000 9.827e-03 0.422 2.135 1.605 0.667 0.160 -0.278 -0.898 -1.400 -1.457
0.00970 1.00e+09 2.0462560654    2.046  1.694  3.7011  2.812    4  0.000  0.360     0.00     0.00 -1    -1e-30      0.00 6.937e-01 2.964e-01 1.069e-03 1.503e-03 3.955e-03 -1.000 9.827e-03 0.536 2.187 1.687 0.768 0.269 -0.163 -0.771 -1.264 -1.320
0.00970 1.00e+09 2.0473616123    2.047  1.651  3.7046  2.868    4  0.000  0.360     0.00     0.00 -1    -1e-30      0.00 6.937e-01 2.965e-01 1.069e-03 1.504e-03 3.954e-03 -1.000 9.827e-03 0.641 2.231 1.761 0.860 0.370 -0.056 -0.653 -1.136 -1.191
0.00970 1.00e+09 2.0491425991    2.049  1.617  3.7080  2.917    4  0.000  0.360     0.00     0.00 -1    -1e-30      0.00 6.937e-01 2.965e-01 1.069e-03 1.505e-03 3.954e-03 -1.000 9.827e-03 0.729 2.260 1.818 0.935 0.452 0.032 -0.553 -1.027 -1.081
0.00970 1.00e+09 2.0499920845    2.050  1.618  3.7080  2.916    4  0.000  0.360     0.00     0.00 -1    -1e-30      0.00 6.937e-01 2.965e-01 1.069e-03 1.505e-03 3.953e-03 -1.000 9.827e-03 0.725 2.256 1.815 0.932 0.449 0.029 -0.557 -1.030 -1.084
0.00970 1.00e+09 2.0660345554    2.066  1.643  3.7082  2.895    5  0.000  0.360     0.00     0.00 -1    -1e-30      0.00 6.935e-01 2.967e-01 1.067e-03 1.511e-03 3.948e-03 -1.000 9.827e-03 0.662 2.192 1.751 0.868 0.385 -0.035 -0.619 -1.092 -1.146
0.00970 1.00e+09 2.0934789181    2.093  1.686  3.7088  2.860    5  0.000  0.361     0.00     0.00 -1    -1e-30      0.00 6.931e-01 2.970e-01 1.065e-03 1.521e-03 3.940e-03 -1.000 9.827e-03 0.554 2.077 1.637 0.757 0.275 -0.143 -0.726 -1.197 -1.250
0.00970 1.00e+09 2.1016964912    2.101  1.701  3.7089  2.847    5  0.000  0.361     0.00     0.00 -1    -1e-30      0.00 6.930e-01 2.971e-01 1.065e-03 1.524e-03 3.937e-03 -1.000 9.827e-03 0.517 2.039 1.600 0.719 0.238 -0.180 -0.762 -1.233 -1.286
0.00970 1.00e+09 2.1104588509    2.110  1.717  3.7090  2.833    5  0.000  0.361     0.00     0.00 -1    -1e-30      0.00 6.930e-01 2.972e-01 1.064e-03 1.527e-03 3.935e-03 -1.000 9.827e-03 0.477 2.000 1.560 0.679 0.198 -0.220 -0.802 -1.272 -1.325
0.00970 1.00e+09 2.1364829540    2.136  1.769  3.7088  2.786    5  0.000  0.361     0.00     0.00 -1    -1e-30      0.00 6.927e-01 2.975e-01 1.063e-03 1.534e-03 3.929e-03 -1.000 9.827e-03 0.348 1.876 1.432 0.549 0.068 -0.350 -0.933 -1.403 -1.456
0.00970 1.00e+09 2.1534006596    2.152  1.805  3.7083  2.751    5  0.000  0.361     0.00     0.00 -1    -1e-30      0.00 6.925e-01 2.977e-01 1.062e-03 1.539e-03 3.925e-03 -1.000 9.827e-03 0.259 1.799 1.348 0.462 -0.020 -0.439 -1.024 -1.495 -1.548
0.00970 1.00e+09 2.1599030495    2.159  1.819  3.7080  2.738    5  0.000  0.361     0.00     0.00 -1    -1e-30      0.00 6.924e-01 2.978e-01 1.062e-03 1.542e-03 3.921e-03 -1.000 9.824e-03 0.224 1.769 1.315 0.428 -0.055 -0.475 -1.060 -1.532 -1.585
0.00970 1.00e+09 2.1736478806    2.173  1.849  3.7069  2.705    5  0.000  0.361     0.00     0.00 -1    -1e-30      0.00 6.922e-01 2.980e-01 1.061e-03 1.549e-03 3.914e-03 -1.000 9.818e-03 0.147 1.714 1.249 0.356 -0.130 -0.551 -1.140 -1.615 -1.669
0.00970 1.00e+09 2.1761691570    2.175  1.855  3.7065  2.699    5  0.000  0.361     0.00     0.00 -1    -1e-30      0.00 6.922e-01 2.980e-01 1.061e-03 1.550e-03 3.913e-03 -1.000 9.816e-03 0.133 1.706 1.238 0.342 -0.144 -0.566 -1.156 -1.632 -1.686
0.00970 1.00e+09 2.1955142021    2.194  1.904  3.7029  2.639    6  0.000  0.362     0.00     0.00 -1    -1e-30      0.00 6.919e-01 2.983e-01 1.060e-03 1.559e-03 3.904e-03 -1.000 9.808e-03 0.009 1.646 1.147 0.232 -0.262 -0.691 -1.293 -1.778 -1.834
0.00970 1.00e+09 2.1990070343    2.198  1.908  3.7037  2.639    6  0.000  0.362     0.00     0.00 -1    -1e-30      0.00 6.918e-01 2.984e-01 1.060e-03 1.561e-03 3.902e-03 -1.000 9.806e-03 0.000 1.624 1.131 0.220 -0.272 -0.700 -1.299 -1.783 -1.838
0.00970 1.00e+09 2.2051050663    2.204  1.937  3.6999  2.596    6  0.000  0.362     0.00     0.00 -1    -1e-30      0.00 6.917e-01 2.985e-01 1.060e-03 1.564e-03 3.899e-03 -1.000 9.803e-03 -0.072 1.617 1.093 0.162 -0.339 -0.773 -1.386 -1.880 -1.936
0.00970 1.00e+09 2.2070641518    2.206  1.947  3.6985  2.580    6  0.000  0.362     0.00     0.00 -1    -1e-30      0.00 6.917e-01 2.985e-01 1.060e-03 1.564e-03 3.898e-03 -1.000 9.801e-03 -0.098 1.616 1.080 0.141 -0.363 -0.800 -1.416 -1.915 -1.972
0.00970 1.00e+09 2.2088897228    2.208  1.986  3.6938  2.523    6  0.000  0.362     0.00     0.00 -1    -1e-30      0.00 6.917e-01 2.985e-01 1.060e-03 1.565e-03 3.898e-03 -1.000 9.799e-03 -0.196 1.601 1.025 0.063 -0.453 -0.898 -1.531 -2.042 -2.102
0.00970 1.00e+09 2.2096006870    2.209  2.031  3.6892  2.460    6  0.000  0.362     0.00     0.00 -1    -1e-30      0.00 6.917e-01 2.985e-01 1.059e-03 1.565e-03 3.898e-03 -1.000 9.799e-03 -0.306 1.575 0.959 -0.027 -0.554 -1.007 -1.656 -2.181 -2.242
0.00970 1.00e+09 2.2098686695    2.209  2.072  3.6853  2.403    6  0.000  0.362     0.00     0.00 -1    -1e-30      0.00 6.917e-01 2.985e-01 1.059e-03 1.565e-03 3.898e-03 -1.000 9.799e-03 -0.410 1.545 0.894 -0.113 -0.649 -1.109 -1.773 -2.309 -2.372
0.00970 1.00e+09 2.2099876404    2.209  2.114  3.6816  2.346    6  0.000  0.362     0.00     0.00 -1    -1e-30      0.00 6.917e-01 2.985e-01 1.059e-03 1.565e-03 3.897e-03 -1.000 9.798e-03 -0.515 1.511 0.825 -0.202 -0.747 -1.213 -1.890 -2.437 -2.502
0.00970 1.00e+09 2.2100534439    2.209  2.156  3.6781  2.290    6  0.000  0.362     0.00     0.00 -1    -1e-30      0.00 6.917e-01 2.985e-01 1.059e-03 1.565e-03 3.897e-03 -1.000 9.798e-03 -0.620 1.473 0.758 -0.287 -0.842 -1.315 -2.006 -2.562 -2.630
0.00970 1.00e+09 2.2100560665    2.209  2.158  3.6779  2.288    6  0.000  0.362     0.00     0.00 -1    -1e-30      0.00 6.917e-01 2.985e-01 1.059e-03 1.565e-03 3.897e-03 -1.000 9.798e-03 -0.625 1.472 0.755 -0.291 -0.846 -1.320 -2.011 -2.568 -2.636
0.00970 1.00e+09 2.2100930214    2.209  2.184  3.6758  2.253    6  0.000  0.362     0.00     0.00 -1    -1e-30      0.00 6.917e-01 2.985e-01 1.059e-03 1.565e-03 3.897e-03 -1.000 9.798e-03 -0.690 1.448 0.712 -0.345 -0.905 -1.383 -2.082 -2.645 -2.715
0.00970 1.00e+09 2.2101316452    2.209  2.206  3.6740  2.225    7  0.000  0.362     0.00     0.00 -1    -1e-30      0.00 6.917e-01 2.985e-01 1.059e-03 1.565e-03 3.897e-03 -1.000 9.798e-03 -0.744 1.427 0.676 -0.390 -0.955 -1.436 -2.142 -2.710 -2.781
0.00970 1.00e+09 2.2102656364    2.209  2.200  3.6746  2.232    7  0.000  0.362     0.00     0.00 -1    -1e-30      0.00 6.917e-01 2.985e-01 1.059e-03 1.565e-03 3.897e-03 -1.000 9.798e-03 -0.731 1.430 0.683 -0.379 -0.943 -1.424 -2.127 -2.694 -2.764
0.00970 1.00e+09 2.2104773521    2.209  2.179  3.6763  2.260    7  0.000  0.362     0.00     0.00 -1    -1e-30      0.00 6.917e-01 2.985e-01 1.059e-03 1.565e-03 3.897e-03 -1.000 9.798e-03 -0.678 1.449 0.718 -0.336 -0.895 -1.372 -2.069 -2.630 -2.699
0.00970 1.00e+09 2.2129640579    2.212  2.221  3.6730  2.206    7  0.000  0.362     0.00     0.00 -1    -1e-30      0.00 6.917e-01 2.985e-01 1.059e-03 1.566e-03 3.897e-03 -1.000 9.796e-03 -0.782 1.411 0.650 -0.422 -0.990 -1.473 -2.183 -2.754 -2.826
0.00970 1.00e+09 2.2141771317    2.213  2.266  3.6692  2.146    7  0.000  0.362     0.00     0.00 -1    -1e-30      0.00 6.917e-01 2.986e-01 1.059e-03 1.566e-03 3.896e-03 -1.000 9.794e-03 -0.896 1.370 0.575 -0.516 -1.094 -1.585 -2.308 -2.890 -2.964
0.00970 1.00e+09 2.2149403095    2.214  2.317  3.6651  2.079    7  0.000  0.362     0.00     0.00 -1    -1e-30      0.00 6.916e-01 2.986e-01 1.059e-03 1.567e-03 3.896e-03 -1.000 9.794e-03 -1.022 1.328 0.494 -0.618 -1.207 -1.707 -2.447 -3.039 -3.117
0.00970 1.00e+09 2.2155358791    2.215  2.365  3.6612  2.014    7  0.000  0.363     0.00     0.00 -1    -1e-30      0.00 6.916e-01 2.986e-01 1.059e-03 1.567e-03 3.896e-03 -1.000 9.793e-03 -1.144 1.288 0.418 -0.715 -1.315 -1.823 -2.579 -3.182 -3.264
0.00970 1.00e+09 2.2160270214    2.215  2.410  3.6576  1.956    7  0.000  0.363     0.00     0.00 -1    -1e-30      0.00 6.916e-01 2.986e-01 1.059e-03 1.567e-03 3.896e-03 -1.000 9.793e-03 -1.254 1.257 0.349 -0.804 -1.414 -1.929 -2.699 -3.312 -3.398
0.00970 1.00e+09 2.2164440155    2.215  2.452  3.6541  1.900    7  0.000  0.363     0.00     0.00 -1    -1e-30      0.00 6.916e-01 2.986e-01 1.059e-03 1.567e-03 3.896e-03 -1.000 9.792e-03 -1.359 1.229 0.285 -0.888 -1.508 -2.031 -2.815 -3.437 -3.526
0.00970 1.00e+09 2.2168049812    2.216  2.493  3.6508  1.846    7  0.000  0.363     0.00     0.00 -1    -1e-30      0.00 6.916e-01 2.986e-01 1.059e-03 1.567e-03 3.896e-03 -1.000 9.792e-03 -1.462 1.209 0.226 -0.965 -1.597 -2.128 -2.926 -3.557 -3.649
0.00970 1.00e+09 2.2171251774    2.216  2.535  3.6473  1.790    7  0.000  0.362     0.00     0.00 -1    -1e-30      0.00 6.916e-01 2.986e-01 1.059e-03 1.567e-03 3.896e-03 -1.000 9.792e-03 -1.568 1.192 0.167 -1.044 -1.688 -2.227 -3.040 -3.681 -3.777
0.00970 1.00e+09 2.2174165249    2.216  2.577  3.6438  1.734    7  0.000  0.362     0.00     0.00 -1    -1e-30      0.00 6.916e-01 2.986e-01 1.058e-03 1.567e-03 3.896e-03 -1.000 9.791e-03 -1.672 1.177 0.109 -1.122 -1.777 -2.325 -3.153 -3.804 -3.903
0.00970 1.00e+09 2.2176868916    2.217  2.618  3.6405  1.680    7  0.000  0.362     0.00     0.00 -1    -1e-30      0.00 6.916e-01 2.986e-01 1.058e-03 1.567e-03 3.895e-03 -1.000 9.791e-03 -1.774 1.163 0.053 -1.198 -1.865 -2.421 -3.263 -3.923 -4.026
0.00970 1.00e+09 2.2179429531    2.217  2.658  3.6371  1.626    7  0.000  0.362     0.00     0.00 -1    -1e-30      0.00 6.916e-01 2.986e-01 1.058e-03 1.568e-03 3.895e-03 -1.000 9.791e-03 -1.875 1.155 0.000 -1.271 -1.950 -2.516 -3.373 -4.041 -4.149
0.00970 1.00e+09 2.2181832790    2.217  2.698  3.6339  1.574    7  0.000  0.362     0.00     0.00 -1    -1e-30      0.00 6.916e-01 2.986e-01 1.057e-03 1.569e-03 3.895e-03 -1.000 9.791e-03 -1.974 1.149 -0.050 -1.341 -2.033 -2.608 -3.479 -4.156 -4.268
0.00970 1.00e+09 2.2184169292    2.217  2.736  3.6306  1.522    7  0.000  0.361     0.00     0.00 -1    -1e-30      0.00 6.916e-01 2.986e-01 1.055e-03 1.571e-03 3.895e-03 -1.000 9.790e-03 -2.071 1.146 -0.098 -1.410 -2.114 -2.698 -3.583 -4.269 -4.385
0.00970 1.00e+09 2.2186460495    2.218  2.775  3.6274  1.471    7  0.000  0.361     0.00     0.00 -1    -1e-30      0.00 6.916e-01 2.986e-01 1.054e-03 1.572e-03 3.895e-03 -1.000 9.792e-03 -2.167 1.148 -0.144 -1.477 -2.194 -2.788 -3.687 -4.381 -4.502
0.00970 1.00e+09 2.2188618183    2.218  2.813  3.6242  1.420    7  0.000  0.361     0.00     0.00 -1    -1e-30      0.00 6.916e-01 2.986e-01 1.053e-03 1.574e-03 3.895e-03 -1.000 9.783e-03 -2.263 1.155 -0.187 -1.542 -2.272 -2.876 -3.790 -4.492 -4.618
0.00970 1.00e+09 2.2190353870    2.218  2.850  3.6211  1.370    7  0.000  0.360     0.00     0.00 -1    -1e-30      0.00 6.916e-01 2.986e-01 1.052e-03 1.575e-03 3.895e-03 -1.000 9.783e-03 -2.356 1.165 -0.228 -1.603 -2.347 -2.962 -3.891 -4.601 -4.731
0.00970 1.00e+09 2.2191541195    2.218  2.886  3.6180  1.322    7  0.000  0.360     0.00     0.00 -1    -1e-30      0.00 6.916e-01 2.986e-01 1.051e-03 1.576e-03 3.895e-03 -1.000 9.784e-03 -2.445 1.177 -0.265 -1.661 -2.417 -3.044 -3.986 -4.705 -4.839
0.00970 1.00e+09 2.2192280293    2.218  2.915  3.6156  1.284    7  0.000  0.360     0.00     0.00 -1    -1e-30      0.00 6.916e-01 2.986e-01 1.051e-03 1.577e-03 3.895e-03 -1.000 9.783e-03 -2.517 1.187 -0.294 -1.707 -2.475 -3.109 -4.063 -4.788 -4.927
0.00970 1.00e+09 2.2192950249    2.218  2.949  3.6126  1.237    7  0.000  0.359     0.00     0.00 -1    -1e-30      0.00 6.916e-01 2.986e-01 1.050e-03 1.578e-03 3.895e-03 -1.000 9.784e-03 -2.603 1.201 -0.330 -1.764 -2.543 -3.189 -4.156 -4.889 -5.032
0.00970 1.00e+09 2.2193603516    2.218  2.987  3.6094  1.187    7  0.000  0.359     0.00     0.00 -1    -1e-30      0.00 6.916e-01 2.986e-01 1.049e-03 1.579e-03 3.895e-03 -1.000 9.784e-03 -2.698 1.213 -0.366 -1.821 -2.615 -3.274 -4.257 -4.999 -5.147
0.00970 1.00e+09 2.2194182873    2.218  3.023  3.6063  1.138    7  0.000  0.359     0.00     0.00 -1    -1e-30      0.00 6.916e-01 2.986e-01 1.049e-03 1.579e-03 3.895e-03 -1.000 9.783e-03 -2.788 1.227 -0.399 -1.873 -2.681 -3.355 -4.353 -5.104 -5.257
0.00970 1.00e+09 2.2194800377    2.218  3.062  3.6029  1.085    7  0.000  0.359     0.00     0.00 -1    -1e-30      0.00 6.916e-01 2.986e-01 1.049e-03 1.579e-03 3.895e-03 -1.000 9.783e-03 -2.886 1.243 -0.434 -1.931 -2.754 -3.443 -4.458 -5.219 -5.377
0.00970 1.00e+09 2.2195591927    2.219  3.111  3.5986  1.019    7  0.000  0.359     0.00     0.00 -1    -1e-30      0.00 6.916e-01 2.986e-01 1.048e-03 1.580e-03 3.895e-03 -1.000 9.783e-03 -3.008 1.265 -0.478 -2.002 -2.845 -3.554 -4.589 -5.362 -5.527
0.00970 1.00e+09 2.2196483612    2.219  3.161  3.5941  0.951    7  0.000  0.359     0.00     0.00 -1    -1e-30      0.00 6.916e-01 2.986e-01 1.048e-03 1.580e-03 3.895e-03 -1.000 9.783e-03 -3.134 1.291 -0.514 -2.064 -2.929 -3.665 -4.724 -5.511 -5.682
0.00970 1.00e+09 2.2197306156    2.219  3.203  3.5904  0.895    7  0.000  0.359     0.00     0.00 -1    -1e-30      0.00 6.916e-01 2.986e-01 1.048e-03 1.580e-03 3.895e-03 -1.000 9.783e-03 -3.238 1.315 -0.540 -2.114 -2.997 -3.758 -4.836 -5.633 -5.811
0.00970 1.00e+09 2.2197504044    2.219  3.207  3.5900  0.889    7  0.000  0.359     0.00     0.00 -1    -1e-30      0.00 6.916e-01 2.986e-01 1.048e-03 1.580e-03 3.895e-03 -1.000 9.783e-03 -3.248 1.317 -0.543 -2.119 -3.003 -3.767 -4.848 -5.646 -5.823
0.00970 1.00e+09 2.2197585106    2.219  3.212  3.5896  0.882    7  0.000  0.359     0.00     0.00 -1    -1e-30      0.00 6.916e-01 2.986e-01 1.048e-03 1.580e-03 3.895e-03 -1.000 9.783e-03 -3.260 1.320 -0.546 -2.124 -3.011 -3.777 -4.860 -5.660 -5.838
0.00970 1.00e+09 2.2197623253    2.219  3.218  3.5891  0.875    7  0.000  0.359     0.00     0.00 -1    -1e-30      0.00 6.916e-01 2.986e-01 1.048e-03 1.580e-03 3.895e-03 -1.000 9.783e-03 -3.274 1.324 -0.549 -2.131 -3.020 -3.790 -4.876 -5.676 -5.855
0.00970 1.00e+09 2.2197687626    2.219  3.226  3.5883  0.864    7  0.000  0.359     0.00     0.00 -1    -1e-30      0.00 6.916e-01 2.986e-01 1.048e-03 1.580e-03 3.895e-03 -1.000 9.783e-03 -3.294 1.329 -0.554 -2.140 -3.033 -3.808 -4.897 -5.700 -5.880
0.00970 1.00e+09 2.2197759151    2.219  3.233  3.5876  0.854    7  0.000  0.359     0.00     0.00 -1    -1e-30      0.00 6.916e-01 2.986e-01 1.048e-03 1.580e-03 3.895e-03 -1.000 9.783e-03 -3.313 1.334 -0.558 -2.149 -3.045 -3.824 -4.917 -5.722 -5.903
0.00970 1.00e+09 2.2197856903    2.219  3.242  3.5868  0.841    7  0.000  0.359     0.00     0.00 -1    -1e-30      0.00 6.916e-01 2.986e-01 1.048e-03 1.580e-03 3.895e-03 -1.000 9.783e-03 -3.335 1.340 -0.563 -2.159 -3.059 -3.843 -4.941 -5.748 -5.931
0.00970 1.00e+09 2.2197990417    2.219  3.252  3.5859  0.828    7  0.000  0.359     0.00     0.00 -1    -1e-30      0.00 6.916e-01 2.986e-01 1.048e-03 1.580e-03 3.895e-03 -1.000 9.783e-03 -3.359 1.347 -0.568 -2.169 -3.075 -3.865 -4.967 -5.777 -5.961
0.00970 1.00e+09 2.2198183537    2.219  3.263  3.5848  0.812    7  0.000  0.359     0.00     0.00 -1    -1e-30      0.00 6.916e-01 2.986e-01 1.048e-03 1.580e-03 3.895e-03 -1.000 9.783e-03 -3.388 1.355 -0.575 -2.183 -3.093 -3.890 -4.998 -5.811 -5.997
0.00970 1.00e+09 2.2198278904    2.219  3.263  3.5849  0.813    7  0.523  0.359     0.00     0.00 -1    -1e-30      0.00 6.916e-01 2.986e-01 1.048e-03 1.580e-03 3.895e-03 -1.000 9.783e-03 -3.387 1.354 -0.575 -2.182 -3.093 -3.889 -4.997 -5.810 -5.995
0.00970 1.00e+09 2.2198946476    2.219  3.355  3.5758  0.685    7  0.527  0.359     0.00     0.00 -1    -1e-30      0.00 6.916e-01 2.986e-01 1.048e-03 1.580e-03 3.895e-03 -1.000 9.783e-03 -3.617 1.407 -0.602 -2.250 -3.210 -4.087 -5.247 -6.085 -6.285
0.00970 1.00e+09 2.2198956013    2.219  3.355  3.5731  0.674    8  0.527  0.379    46.89    29.89  1 -6.04e-08      0.00 6.916e-01 2.986e-01 1.111e-03 1.581e-03 3.908e-03 -1.000 9.805e-03 -3.617 1.468 -0.548 -2.202 -3.175 -4.077 -5.253 -6.098 -6.302
0.00970 1.00e+09 2.2198970318    2.218  3.104  3.5970  1.020    8  0.527  0.379    22.20    15.66  1 -2.53e-08      0.00 6.916e-01 2.986e-01 1.111e-03 1.581e-03 3.908e-03 -1.000 9.805e-03 -2.989 1.320 -0.433 -1.962 -2.811 -3.529 -4.572 -5.352 -5.518
0.00970 1.00e+09 2.2198972702    2.218  3.070  3.6002  1.067    8  0.527  0.379    20.09    14.36  1 -2.28e-08      0.00 6.916e-01 2.986e-01 1.111e-03 1.581e-03 3.908e-03 -1.000 9.805e-03 -2.905 1.300 -0.408 -1.918 -2.753 -3.455 -4.482 -5.252 -5.414
0.00970 1.00e+09 2.2198998928    2.218  2.849  3.6212  1.372    8  0.527  0.379    10.40     8.13  1 -1.21e-08      0.00 6.916e-01 2.986e-01 1.111e-03 1.581e-03 3.908e-03 -1.000 9.805e-03 -2.352 1.166 -0.225 -1.600 -2.343 -2.958 -3.886 -4.596 -4.726
0.00970 1.00e+09 2.2199041843    2.217  2.816  3.6242  1.416    8  0.527  0.379     9.44     7.48  1 -1.11e-08      0.00 6.916e-01 2.986e-01 1.111e-03 1.581e-03 3.908e-03 -1.000 9.805e-03 -2.270 1.150 -0.194 -1.550 -2.280 -2.884 -3.798 -4.500 -4.626
0.00970 1.00e+09 2.2199099064    2.217  2.890  3.6171  1.314    8  0.527  0.379    11.77     9.05  1 -1.35e-08      0.00 6.916e-01 2.986e-01 1.111e-03 1.581e-03 3.908e-03 -1.000 9.805e-03 -2.455 1.194 -0.260 -1.661 -2.422 -3.051 -3.998 -4.719 -4.855
0.00970 1.00e+09 2.2199172974    2.216  3.053  3.6015  1.089    8  0.527  0.379    19.15    13.78  1 -2.16e-08      0.00 6.916e-01 2.986e-01 1.111e-03 1.581e-03 3.908e-03 -1.000 9.805e-03 -2.862 1.297 -0.391 -1.891 -2.720 -3.416 -4.437 -5.203 -5.362
0.00970 1.00e+09 2.2199265957    2.215  3.219  3.5856  0.859    8  0.527  0.379    31.42    21.14  1 -3.68e-08      0.00 6.916e-01 2.986e-01 1.111e-03 1.581e-03 3.908e-03 -1.000 9.805e-03 -3.276 1.411 -0.489 -2.084 -2.989 -3.781 -4.884 -5.696 -5.880
0.00970 1.00e+09 2.2199378014    2.214  3.340  3.5738  0.691    8  0.528  0.379    45.19    28.94  1 -5.68e-08      0.00 6.916e-01 2.986e-01 1.111e-03 1.581e-03 3.908e-03 -1.000 9.805e-03 -3.580 1.477 -0.529 -2.178 -3.146 -4.042 -5.214 -6.058 -6.260
0.00970 1.00e+09 2.2199509144    2.213  3.412  3.5668  0.590    8  0.528  0.379    56.10    34.89  1 -7.48e-08      0.00 6.916e-01 2.986e-01 1.111e-03 1.581e-03 3.908e-03 -1.000 9.805e-03 -3.759 1.508 -0.537 -2.210 -3.220 -4.192 -5.410 -6.272 -6.485
0.00970 1.00e+09 2.2199661732    2.212  3.451  3.5627  0.534    8  0.529  0.379    63.33    38.74  1 -8.74e-08      0.00 6.916e-01 2.986e-01 1.111e-03 1.581e-03 3.908e-03 -1.000 9.805e-03 -3.859 1.522 -0.531 -2.211 -3.249 -4.273 -5.519 -6.391 -6.611
0.00970 1.00e+09 2.2199835777    2.210  3.480  3.5597  0.493    8  0.529  0.379    69.19    41.81  1  -9.8e-08      0.00 6.916e-01 2.986e-01 1.111e-03 1.581e-03 3.908e-03 -1.000 9.805e-03 -3.930 1.535 -0.523 -2.209 -3.267 -4.331 -5.599 -6.478 -6.702
0.00970 1.00e+09 2.2199840546    2.210  3.316  3.5754  0.720    8  0.529  0.379    42.45    27.41  1 -5.18e-08      0.00 6.916e-01 2.986e-01 1.111e-03 1.581e-03 3.908e-03 -1.000 9.805e-03 -3.521 1.482 -0.507 -2.148 -3.107 -3.989 -5.151 -5.991 -6.191
0.00970 1.00e+09 2.2199854851    2.210  3.202  3.5863  0.878    8  0.529  0.379    30.17    20.40  1 -3.46e-08      0.00 6.916e-01 2.986e-01 1.111e-03 1.581e-03 3.908e-03 -1.000 9.805e-03 -3.235 1.421 -0.465 -2.054 -2.954 -3.741 -4.840 -5.651 -5.833
0.00970 1.00e+09 2.2199888229    2.209  2.980  3.6076  1.185    8  0.529  0.379    15.57    11.51  1 -1.73e-08      0.00 6.916e-01 2.986e-01 1.111e-03 1.581e-03 3.908e-03 -1.000 9.805e-03 -2.680 1.275 -0.320 -1.782 -2.583 -3.251 -4.243 -4.991 -5.141
0.00970 1.00e+09 2.2199935913    2.209  2.944  3.6111  1.235    8  0.529  0.379    13.97    10.49  1 -1.56e-08      0.00 6.916e-01 2.986e-01 1.111e-03 1.581e-03 3.908e-03 -1.000 9.805e-03 -2.589 1.254 -0.292 -1.732 -2.518 -3.170 -4.145 -4.883 -5.028
0.00970 1.00e+09 2.2200002670    2.208  3.013  3.6045  1.139    8  0.530  0.379    17.16    12.52  1  -1.9e-08      0.00 6.916e-01 2.986e-01 1.111e-03 1.581e-03 3.908e-03 -1.000 9.805e-03 -2.761 1.295 -0.345 -1.826 -2.641 -3.324 -4.330 -5.088 -5.242
0.00970 1.00e+09 2.2200090885    2.207  3.167  3.5896  0.925    8  0.530  0.379    27.26    18.69  1 -3.08e-08      0.00 6.916e-01 2.986e-01 1.111e-03 1.581e-03 3.908e-03 -1.000 9.805e-03 -3.149 1.397 -0.445 -2.015 -2.899 -3.665 -4.747 -5.549 -5.726
0.00970 1.00e+09 2.2200198174    2.206  3.323  3.5744  0.708    8  0.530  0.379    43.52    28.00  1 -5.32e-08      0.00 6.916e-01 2.986e-01 1.111e-03 1.581e-03 3.908e-03 -1.000 9.806e-03 -3.539 1.492 -0.504 -2.149 -3.113 -4.003 -5.171 -6.014 -6.215
0.00970 1.00e+09 2.2200329304    2.204  3.434  3.5636  0.553    8  0.531  0.379    60.72    37.34  1 -8.14e-08      0.00 6.916e-01 2.986e-01 1.111e-03 1.581e-03 3.908e-03 -1.000 9.806e-03 -3.816 1.534 -0.513 -2.189 -3.221 -4.234 -5.474 -6.344 -6.562
0.00970 1.00e+09 2.2200484276    2.203  3.495  3.5576  0.468    8  0.531  0.379    72.94    43.74  1 -1.04e-07      0.00 6.916e-01 2.986e-01 1.111e-03 1.581e-03 3.908e-03 -1.000 9.806e-03 -3.967 1.555 -0.503 -2.192 -3.266 -4.358 -5.641 -6.525 -6.753
0.00970 1.00e+09 2.2200663090    2.201  3.522  3.5547  0.429    8  0.532  0.379    79.43    47.08  1 -1.17e-07      0.00 6.916e-01 2.986e-01 1.111e-03 1.581e-03 3.908e-03 -1.000 9.806e-03 -4.036 1.564 -0.485 -2.177 -3.274 -4.410 -5.718 -6.608 -6.841
0.00970 1.00e+09 2.2200865746    2.199  3.538  3.5530  0.406    8  0.533  0.379    83.36    49.09  1 -1.24e-07      0.00 6.916e-01 2.986e-01 1.111e-03 1.581e-03 3.908e-03 -1.000 9.806e-03 -4.074 1.569 -0.467 -2.156 -3.270 -4.436 -5.762 -6.655 -6.890
0.00970 1.00e+09 2.2200870514    2.198  3.385  3.5681  0.620    8  0.533  0.379    52.60    32.96  1 -6.71e-08      0.00 6.916e-01 2.986e-01 1.112e-03 1.581e-03 3.909e-03 -1.000 9.807e-03 -3.691 1.531 -0.506 -2.173 -3.175 -4.130 -5.338 -6.198 -6.409
0.00970 1.00e+09 2.2200887203    2.198  3.271  3.5792  0.778    8  0.533  0.380    37.39    24.54  1 -4.41e-08      0.00 6.916e-01 2.986e-01 1.113e-03 1.581e-03 3.909e-03 -1.000 9.808e-03 -3.408 1.473 -0.482 -2.105 -3.043 -3.889 -5.029 -5.859 -6.052
0.00970 1.00e+09 2.2200922966    2.198  3.051  3.6009  1.084    8  0.533  0.380    19.30    13.86  1 -2.15e-08      0.00 6.915e-01 2.987e-01 1.115e-03 1.581e-03 3.909e-03 -1.000 9.810e-03 -2.858 1.319 -0.376 -1.880 -2.711 -3.410 -4.434 -5.201 -5.362
0.00970 1.00e+09 2.2200977802    2.197  3.013  3.6046  1.137    8  0.533  0.381    17.23    12.56  1 -1.92e-08      0.00 6.915e-01 2.987e-01 1.117e-03 1.581e-03 3.909e-03 -1.000 9.813e-03 -2.763 1.291 -0.349 -1.829 -2.644 -3.326 -4.332 -5.089 -5.243
0.00970 1.00e+09 2.2201051712    2.196  3.080  3.5980  1.043    8  0.533  0.382    21.09    14.96  1 -2.35e-08      0.00 6.914e-01 2.987e-01 1.120e-03 1.581e-03 3.910e-03 -1.000 9.817e-03 -2.931 1.341 -0.396 -1.918 -2.763 -3.474 -4.512 -5.289 -5.454
0.00970 1.00e+09 2.2201149464    2.194  3.231  3.5831  0.833    8  0.534  0.383    33.20    22.14  1 -3.83e-08      0.00 6.914e-01 2.988e-01 1.124e-03 1.581e-03 3.911e-03 -1.000 9.821e-03 -3.307 1.454 -0.469 -2.075 -2.992 -3.803 -4.919 -5.739 -5.927
0.00970 1.00e+09 2.2201268673    2.193  3.382  3.5680  0.621    8  0.534  0.384    52.42    32.86  1 -6.65e-08      0.00 6.913e-01 2.988e-01 1.127e-03 1.581e-03 3.911e-03 -1.000 9.826e-03 -3.685 1.536 -0.499 -2.167 -3.168 -4.124 -5.332 -6.192 -6.403
0.00970 1.00e+09 2.2201414108    2.191  3.489  3.5573  0.471    8  0.535  0.385    72.46    43.46  1 -1.02e-07      0.00 6.913e-01 2.989e-01 1.130e-03 1.581e-03 3.912e-03 -1.000 9.829e-03 -3.952 1.572 -0.483 -2.171 -3.246 -4.341 -5.626 -6.511 -6.739
0.00970 1.00e+09 2.2201585770    2.189  3.546  3.5514  0.389    8  0.535  0.386    86.38    50.59  1 -1.29e-07      0.00 6.913e-01 2.989e-01 1.132e-03 1.581e-03 3.912e-03 -1.000 9.831e-03 -4.096 1.584 -0.438 -2.123 -3.253 -4.447 -5.788 -6.684 -6.921
0.00970 1.00e+09 2.2201783657    2.186  3.572  3.5487  0.353    8  0.536  0.385    93.47    54.15  1 -1.44e-07      0.00 6.913e-01 2.989e-01 1.131e-03 1.581e-03 3.912e-03 -1.000 9.830e-03 -4.159 1.591 -0.410 -2.092 -3.249 -4.491 -5.860 -6.760 -7.002
0.00970 1.00e+09 2.2202010155    2.183  3.585  3.5472  0.333    8  0.537  0.384    97.51    56.15  1 -1.52e-07      0.00 6.913e-01 2.989e-01 1.126e-03 1.581e-03 3.911e-03 -1.000 9.825e-03 -4.192 1.596 -0.392 -2.071 -3.244 -4.513 -5.897 -6.800 -7.044
0.00970 1.00e+09 2.2202014923    2.183  3.444  3.5614  0.531    8  0.537  0.399    63.67    38.85  1 -8.49e-08      0.00 6.907e-01 2.995e-01 1.173e-03 1.581e-03 3.919e-03 -1.000 9.881e-03 -3.840 1.566 -0.480 -2.159 -3.205 -4.248 -5.503 -6.379 -6.600
0.00970 1.00e+09 2.2202036381    2.182  3.331  3.5727  0.688    8  0.537  0.399    45.31    28.95  1 -5.52e-08      0.00 6.907e-01 2.995e-01 1.174e-03 1.581e-03 3.919e-03 -1.000 9.883e-03 -3.559 1.522 -0.486 -2.137 -3.111 -4.017 -5.195 -6.042 -6.246
0.00970 1.00e+09 2.2202074528    2.182  3.114  3.5947  0.994    8  0.537  0.400    23.44    16.38  1 -2.63e-08      0.00 6.906e-01 2.995e-01 1.176e-03 1.581e-03 3.919e-03 -1.000 9.885e-03 -3.015 1.363 -0.415 -1.955 -2.815 -3.548 -4.603 -5.389 -5.559
0.00970 1.00e+09 2.2202134132    2.181  3.074  3.5987  1.049    8  0.538  0.401    20.80    14.77  1 -2.33e-08      0.00 6.906e-01 2.995e-01 1.179e-03 1.581e-03 3.919e-03 -1.000 9.888e-03 -2.915 1.336 -0.393 -1.911 -2.752 -3.461 -4.496 -5.270 -5.434
0.00970 1.00e+09 2.2202219963    2.179  3.139  3.5921  0.958    8  0.538  0.402    25.34    17.52  1 -2.85e-08      0.00 6.906e-01 2.995e-01 1.183e-03 1.581e-03 3.920e-03 -1.000 9.892e-03 -3.078 1.385 -0.426 -1.981 -2.854 -3.603 -4.672 -5.466 -5.639
0.00970 1.00e+09 2.2202327251    2.178  3.284  3.5774  0.753    8  0.538  0.404    39.39    25.65  1 -4.67e-08      0.00 6.906e-01 2.995e-01 1.187e-03 1.581e-03 3.920e-03 -1.000 9.897e-03 -3.441 1.496 -0.474 -2.105 -3.053 -3.916 -5.067 -5.902 -6.098
0.00970 1.00e+09 2.2202463150    2.176  3.430  3.5625  0.547    8  0.539  0.405    61.37    37.62  1 -8.07e-08      0.00 6.905e-01 2.996e-01 1.190e-03 1.581e-03 3.920e-03 -1.000 9.900e-03 -3.805 1.568 -0.476 -2.153 -3.191 -4.219 -5.466 -6.339 -6.559
0.00970 1.00e+09 2.2202627659    2.173  3.532  3.5520  0.403    8  0.540  0.405    83.86    49.26  1 -1.22e-07      0.00 6.905e-01 2.996e-01 1.191e-03 1.581e-03 3.920e-03 -1.000 9.902e-03 -4.061 1.600 -0.423 -2.108 -3.232 -4.416 -5.751 -6.646 -6.883
0.00970 1.00e+09 2.2202818394    2.170  3.586  3.5463  0.325    8  0.540  0.405    99.08    56.89  1 -1.54e-07      0.00 6.905e-01 2.996e-01 1.190e-03 1.581e-03 3.920e-03 -1.000 9.901e-03 -4.196 1.611 -0.369 -2.045 -3.226 -4.511 -5.904 -6.809 -7.054
0.00970 1.00e+09 2.2203042507    2.166  3.609  3.5438  0.292    8  0.541  0.403   106.43    60.51  1 -1.69e-07      0.00 6.906e-01 2.995e-01 1.185e-03 1.581e-03 3.920e-03 -1.000 9.894e-03 -4.252 1.618 -0.341 -2.014 -3.220 -4.550 -5.968 -6.877 -7.127
0.00970 1.00e+09 2.2203295231    2.163  3.619  3.5425  0.275    8  0.542  0.399   110.25    62.37  1 -1.77e-07      0.00 6.906e-01 2.995e-01 1.173e-03 1.581e-03 3.919e-03 -1.000 9.881e-03 -4.279 1.624 -0.324 -1.995 -3.214 -4.567 -5.998 -6.910 -7.162
0.00970 1.00e+09 2.2203299999    2.162  3.492  3.5557  0.455    8  0.542  0.439    74.77    44.58  1 -1.04e-07      0.00 6.895e-01 3.005e-01 1.294e-03 1.579e-03 3.931e-03 -1.000 1.002e-02 -3.960 1.603 -0.447 -2.136 -3.223 -4.341 -5.639 -6.528 -6.758
0.00970 1.00e+09 2.2203321457    2.162  3.381  3.5672  0.612    8  0.542  0.440    53.30    33.28  1 -6.72e-08      0.00 6.895e-01 3.005e-01 1.296e-03 1.579e-03 3.931e-03 -1.000 1.002e-02 -3.683 1.560 -0.475 -2.143 -3.151 -4.118 -5.332 -6.194 -6.406
0.00970 1.00e+09 2.2203361988    2.161  3.166  3.5895  0.916    8  0.543  0.440    27.66    18.87  1 -3.16e-08      0.00 6.894e-01 3.005e-01 1.299e-03 1.579e-03 3.931e-03 -1.000 1.003e-02 -3.146 1.409 -0.439 -2.010 -2.895 -3.662 -4.745 -5.546 -5.724
0.00970 1.00e+09 2.2203426361    2.160  3.125  3.5938  0.975    8  0.543  0.442    24.39    16.93  1 -2.77e-08      0.00 6.894e-01 3.005e-01 1.303e-03 1.579e-03 3.931e-03 -1.000 1.003e-02 -3.042 1.371 -0.423 -1.969 -2.834 -3.573 -4.633 -5.421 -5.593
0.00970 1.00e+09 2.2203514576    2.158  3.188  3.5872  0.885    8  0.543  0.443    29.60    20.01  1  -3.4e-08      0.00 6.894e-01 3.006e-01 1.307e-03 1.579e-03 3.931e-03 -1.000 1.004e-02 -3.201 1.430 -0.447 -2.032 -2.928 -3.710 -4.805 -5.613 -5.794
0.00970 1.00e+09 2.2203629017    2.156  3.328  3.5726  0.685    8  0.544  0.445    45.49    29.00  1 -5.54e-08      0.00 6.894e-01 3.006e-01 1.312e-03 1.579e-03 3.931e-03 -1.000 1.004e-02 -3.551 1.535 -0.475 -2.127 -3.102 -4.009 -5.187 -6.036 -6.239
0.00970 1.00e+09 2.2203772068    2.153  3.469  3.5578  0.486    8  0.544  0.446    69.97    42.08  1  -9.5e-08      0.00 6.894e-01 3.006e-01 1.316e-03 1.579e-03 3.931e-03 -1.000 1.005e-02 -3.902 1.600 -0.450 -2.135 -3.205 -4.293 -5.574 -6.458 -6.686
0.00970 1.00e+09 2.2203943729    2.150  3.567  3.5474  0.345    8  0.545  0.447    94.68    54.64  1 -1.42e-07      0.00 6.894e-01 3.006e-01 1.317e-03 1.579e-03 3.931e-03 -1.000 1.005e-02 -4.147 1.626 -0.360 -2.037 -3.206 -4.470 -5.851 -6.754 -6.998
0.00970 1.00e+09 2.2204146385    2.146  3.618  3.5419  0.271    8  0.546  0.446   111.12    62.74  1 -1.78e-07      0.00 6.894e-01 3.005e-01 1.314e-03 1.579e-03 3.931e-03 -1.000 1.004e-02 -4.275 1.639 -0.301 -1.969 -3.195 -4.558 -5.996 -6.909 -7.162
0.00970 1.00e+09 2.2204380035    2.142  3.639  3.5395  0.240    8  0.547  0.442   118.86    66.49  1 -1.95e-07      0.00 6.895e-01 3.005e-01 1.304e-03 1.579e-03 3.931e-03 -1.000 1.003e-02 -4.327 1.643 -0.257 -1.913 -3.173 -4.583 -6.056 -6.973 -7.230
0.00970 1.00e+09 2.2204647064    2.138  3.648  3.5382  0.225    8  0.548  0.436   122.71    68.33  1 -2.03e-07      0.00 6.895e-01 3.005e-01 1.284e-03 1.580e-03 3.931e-03 -1.000 1.001e-02 -4.350 1.648 -0.231 -1.882 -3.158 -4.591 -6.083 -7.001 -7.260
0.00970 1.00e+09 2.2204651833    2.137  3.534  3.5504  0.388    8  0.548  0.513    86.37    50.44  1 -1.25e-07      0.00 6.879e-01 3.018e-01 1.516e-03 1.576e-03 3.944e-03 -1.000 1.027e-02 -4.065 1.630 -0.379 -2.060 -3.198 -4.409 -5.760 -6.658 -6.897
0.00970 1.00e+09 2.2204673290    2.137  3.425  3.5621  0.544    8  0.548  0.513    61.67    37.69  1 -8.05e-08      0.00 6.879e-01 3.018e-01 1.518e-03 1.576e-03 3.944e-03 -1.000 1.027e-02 -3.791 1.591 -0.453 -2.130 -3.171 -4.203 -5.453 -6.327 -6.547
0.00970 1.00e+09 2.2204713821    2.136  3.213  3.5848  0.846    8  0.548  0.514    32.11    21.44  1 -3.74e-08      0.00 6.879e-01 3.018e-01 1.521e-03 1.576e-03 3.944e-03 -1.000 1.027e-02 -3.261 1.454 -0.457 -2.057 -2.966 -3.763 -4.870 -5.685 -5.870
0.00970 1.00e+09 2.2204773426    2.135  3.170  3.5893  0.907    8  0.548  0.516    28.15    19.14  1 -3.26e-08      0.00 6.879e-01 3.018e-01 1.525e-03 1.576e-03 3.943e-03 -1.000 1.028e-02 -3.154 1.411 -0.443 -2.017 -2.903 -3.671 -4.754 -5.555 -5.734
0.00970 1.00e+09 2.2204859257    2.133  3.231  3.5827  0.818    8  0.548  0.517    34.09    22.57  1    -4e-08      0.00 6.879e-01 3.018e-01 1.530e-03 1.576e-03 3.943e-03 -1.000 1.028e-02 -3.309 1.472 -0.460 -2.070 -2.989 -3.803 -4.922 -5.743 -5.931
0.00970 1.00e+09 2.2204971313    2.130  3.367  3.5681  0.624    8  0.549  0.519    51.85    32.44  1 -6.49e-08      0.00 6.879e-01 3.018e-01 1.534e-03 1.576e-03 3.943e-03 -1.000 1.029e-02 -3.648 1.570 -0.465 -2.132 -3.133 -4.087 -5.295 -6.154 -6.365
0.00970 1.00e+09 2.2205109596    2.127  3.503  3.5535  0.429    8  0.549  0.520    78.90    46.62  1  -1.1e-07      0.00 6.879e-01 3.018e-01 1.537e-03 1.576e-03 3.943e-03 -1.000 1.029e-02 -3.987 1.630 -0.402 -2.087 -3.195 -4.352 -5.672 -6.565 -6.799
0.00970 1.00e+09 2.2205276489    2.124  3.597  3.5432  0.292    8  0.550  0.520   105.91    60.12  1 -1.64e-07      0.00 6.879e-01 3.018e-01 1.537e-03 1.576e-03 3.943e-03 -1.000 1.029e-02 -4.223 1.654 -0.296 -1.965 -3.176 -4.516 -5.940 -6.851 -7.102
0.00970 1.00e+09 2.2205471992    2.120  3.647  3.5377  0.220    8  0.551  0.518   123.74    68.76  1 -2.04e-07      0.00 6.879e-01 3.018e-01 1.532e-03 1.576e-03 3.943e-03 -1.000 1.028e-02 -4.347 1.663 -0.206 -1.853 -3.137 -4.581 -6.082 -7.001 -7.260
0.00970 1.00e+09 2.2205700874    2.115  3.667  3.5353  0.190    8  0.552  0.514   132.11    72.75  1 -2.23e-07      0.00 6.880e-01 3.017e-01 1.519e-03 1.576e-03 3.943e-03 -1.000 1.027e-02 -4.397 1.669 -0.160 -1.795 -3.113 -4.604 -6.140 -7.062 -7.326
0.00970 1.00e+09 2.2205958366    2.110  3.676  3.5341  0.175    8  0.553  0.506   136.30    74.71  1 -2.33e-07      0.00 6.881e-01 3.017e-01 1.495e-03 1.576e-03 3.942e-03 -1.000 1.025e-02 -4.419 1.674 -0.134 -1.763 -3.098 -4.612 -6.166 -7.089 -7.355
0.00970 1.00e+09 2.2205963135    2.109  3.573  3.5453  0.322    8  0.553  0.624    99.24    56.79  1 -1.49e-07      0.00 6.861e-01 3.032e-01 1.851e-03 1.572e-03 3.954e-03 -1.000 1.063e-02 -4.163 1.660 -0.307 -1.978 -3.168 -4.471 -5.874 -6.781 -7.028
0.00970 1.00e+09 2.2205984592    2.109  3.465  3.5570  0.477    8  0.553  0.625    71.02    42.53  1 -9.59e-08      0.00 6.861e-01 3.032e-01 1.853e-03 1.572e-03 3.954e-03 -1.000 1.063e-02 -3.893 1.630 -0.420 -2.106 -3.182 -4.280 -5.567 -6.453 -6.682
0.00970 1.00e+09 2.2206022739    2.108  3.256  3.5798  0.777    8  0.553  0.625    37.14    24.28  1  -4.4e-08      0.00 6.861e-01 3.032e-01 1.855e-03 1.572e-03 3.954e-03 -1.000 1.064e-02 -3.369 1.501 -0.455 -2.077 -3.012 -3.853 -4.989 -5.818 -6.010
0.00970 1.00e+09 2.2206084728    2.106  3.211  3.5846  0.840    8  0.553  0.626    32.42    21.59  1  -3.8e-08      0.00 6.861e-01 3.032e-01 1.858e-03 1.572e-03 3.954e-03 -1.000 1.064e-02 -3.259 1.466 -0.450 -2.052 -2.962 -3.760 -4.868 -5.683 -5.869
0.00970 1.00e+09 2.2206170559    2.104  3.272  3.5780  0.753    8  0.553  0.628    39.13    25.40  1 -4.67e-08      0.00 6.861e-01 3.032e-01 1.861e-03 1.572e-03 3.954e-03 -1.000 1.064e-02 -3.410 1.516 -0.454 -2.084 -3.029 -3.887 -5.034 -5.867 -6.063
0.00970 1.00e+09 2.2206280231    2.102  3.403  3.5635  0.563    8  0.554  0.629    58.93    36.17  1 -7.56e-08      0.00 6.861e-01 3.032e-01 1.864e-03 1.572e-03 3.954e-03 -1.000 1.065e-02 -3.739 1.604 -0.437 -2.111 -3.143 -4.157 -5.397 -6.267 -6.485
0.00970 1.00e+09 2.2206416130    2.098  3.535  3.5491  0.374    8  0.554  0.629    88.66    51.49  1 -1.28e-07      0.00 6.861e-01 3.032e-01 1.865e-03 1.572e-03 3.953e-03 -1.000 1.065e-02 -4.066 1.659 -0.338 -2.016 -3.167 -4.401 -5.765 -6.666 -6.906
0.00970 1.00e+09 2.2206583023    2.094  3.626  3.5390  0.241    8  0.555  0.628   118.00    65.91  1 -1.89e-07      0.00 6.862e-01 3.032e-01 1.863e-03 1.572e-03 3.953e-03 -1.000 1.064e-02 -4.295 1.681 -0.208 -1.859 -3.125 -4.544 -6.025 -6.942 -7.200
0.00970 1.00e+09 2.2206776142    2.090  3.673  3.5336  0.171    8  0.556  0.626   137.19    75.06  1 -2.33e-07      0.00 6.862e-01 3.032e-01 1.856e-03 1.572e-03 3.953e-03 -1.000 1.064e-02 -4.413 1.690 -0.107 -1.733 -3.075 -4.599 -6.162 -7.086 -7.353
0.00970 1.00e+09 2.2207002640    2.084  3.692  3.5313  0.142    8  0.557  0.621   146.10    79.23  1 -2.54e-07      0.00 6.862e-01 3.031e-01 1.842e-03 1.572e-03 3.953e-03 -1.000 1.062e-02 -4.461 1.697 -0.060 -1.674 -3.050 -4.620 -6.217 -7.144 -7.415
0.00970 1.00e+09 2.2207257748    2.078  3.701  3.5301  0.128    8  0.557  0.613   150.52    81.27  1 -2.64e-07      0.00 6.863e-01 3.031e-01 1.818e-03 1.573e-03 3.953e-03 -1.000 1.060e-02 -4.481 1.703 -0.034 -1.642 -3.034 -4.627 -6.241 -7.170 -7.443
0.00970 1.00e+09 2.2207262516    2.078  3.609  3.5402  0.260    8  0.557  0.769   113.18    63.52  1 -1.77e-07      0.00 6.842e-01 3.048e-01 2.286e-03 1.568e-03 3.963e-03 -1.000 1.110e-02 -4.252 1.692 -0.217 -1.874 -3.121 -4.516 -5.978 -6.894 -7.149
0.00970 1.00e+09 2.2207281590    2.078  3.502  3.5520  0.413    8  0.558  0.769    81.23    47.68  1 -1.13e-07      0.00 6.842e-01 3.047e-01 2.286e-03 1.568e-03 3.963e-03 -1.000 1.110e-02 -3.985 1.665 -0.354 -2.035 -3.158 -4.340 -5.675 -6.570 -6.807
0.00970 1.00e+09 2.2207319736    2.077  3.295  3.5749  0.711    8  0.558  0.769    42.70    27.35  1 -5.14e-08      0.00 6.842e-01 3.047e-01 2.287e-03 1.568e-03 3.963e-03 -1.000 1.110e-02 -3.468 1.552 -0.442 -2.086 -3.048 -3.934 -5.100 -5.941 -6.142
0.00970 1.00e+09 2.2207376957    2.075  3.250  3.5798  0.776    8  0.558  0.770    37.11    24.23  1 -4.39e-08      0.00 6.842e-01 3.047e-01 2.288e-03 1.568e-03 3.963e-03 -1.000 1.110e-02 -3.355 1.515 -0.441 -2.063 -2.999 -3.839 -4.975 -5.803 -5.996
0.00970 1.00e+09 2.2207458019    2.073  3.309  3.5732  0.690    8  0.558  0.770    44.70    28.45  1 -5.42e-08      0.00 6.842e-01 3.047e-01 2.289e-03 1.568e-03 3.963e-03 -1.000 1.110e-02 -3.503 1.566 -0.441 -2.091 -3.062 -3.963 -5.138 -5.984 -6.187
0.00970 1.00e+09 2.2207565308    2.070  3.437  3.5590  0.504    8  0.559  0.770    66.70    40.20  1 -8.77e-08      0.00 6.842e-01 3.047e-01 2.289e-03 1.568e-03 3.962e-03 -1.000 1.110e-02 -3.824 1.643 -0.404 -2.086 -3.147 -4.220 -5.493 -6.375 -6.600
0.00970 1.00e+09 2.2207694054    2.066  3.565  3.5447  0.319    8  0.559  0.770    99.39    56.74  1 -1.48e-07      0.00 6.842e-01 3.047e-01 2.287e-03 1.568e-03 3.962e-03 -1.000 1.110e-02 -4.142 1.691 -0.270 -1.939 -3.134 -4.446 -5.854 -6.762 -7.010
0.00970 1.00e+09 2.2207853794    2.062  3.653  3.5347  0.190    8  0.560  0.768   131.39    72.21  1 -2.16e-07      0.00 6.842e-01 3.047e-01 2.283e-03 1.568e-03 3.962e-03 -1.000 1.109e-02 -4.363 1.709 -0.107 -1.737 -3.062 -4.563 -6.108 -7.031 -7.295
0.00970 1.00e+09 2.2208037376    2.057  3.699  3.5294  0.121    8  0.560  0.766   152.27    82.00  1 -2.66e-07      0.00 6.842e-01 3.047e-01 2.275e-03 1.568e-03 3.962e-03 -1.000 1.109e-02 -4.479 1.720 -0.003 -1.607 -3.009 -4.616 -6.240 -7.171 -7.445
0.00970 1.00e+09 2.2208251953    2.051  3.718  3.5271  0.092    8  0.561  0.761   162.10    86.53  1  -2.9e-07      0.00 6.843e-01 3.046e-01 2.261e-03 1.568e-03 3.962e-03 -1.000 1.107e-02 -4.526 1.727 0.052 -1.537 -2.977 -4.628 -6.295 -7.228 -7.506
0.00970 1.00e+09 2.2208497524    2.045  3.727  3.5259  0.078    8  0.562  0.753   167.14    88.82  1 -3.02e-07      0.00 6.844e-01 3.046e-01 2.239e-03 1.568e-03 3.962e-03 -1.000 1.105e-02 -4.546 1.732 0.089 -1.490 -2.954 -4.626 -6.320 -7.254 -7.534
0.00970 1.00e+09 2.2208502293    2.044  3.645  3.5351  0.196    8  0.562  0.936   129.42    71.20  1 -2.11e-07      0.00 6.821e-01 3.063e-01 2.787e-03 1.563e-03 3.970e-03 -1.000 1.163e-02 -4.342 1.720 -0.101 -1.732 -3.052 -4.546 -6.085 -7.008 -7.272
0.00970 1.00e+09 2.2208521366    2.044  3.539  3.5470  0.349    8  0.562  0.936    93.05    53.53  1 -1.34e-07      0.00 6.821e-01 3.063e-01 2.786e-03 1.563e-03 3.970e-03 -1.000 1.163e-02 -4.078 1.698 -0.280 -1.954 -3.126 -4.398 -5.783 -6.688 -6.932
0.00970 1.00e+09 2.2208557129    2.043  3.335  3.5699  0.645    8  0.562  0.936    49.12    30.82  1 -6.05e-08      0.00 6.821e-01 3.063e-01 2.786e-03 1.563e-03 3.970e-03 -1.000 1.163e-02 -3.567 1.604 -0.430 -2.094 -3.084 -4.015 -5.209 -6.064 -6.273
0.00970 1.00e+09 2.2208614349    2.041  3.288  3.5751  0.712    8  0.563  0.935    42.52    27.20  1 -5.12e-08      0.00 6.821e-01 3.063e-01 2.785e-03 1.563e-03 3.970e-03 -1.000 1.163e-02 -3.451 1.565 -0.429 -2.072 -3.033 -3.918 -5.082 -5.923 -6.123
0.00970 1.00e+09 2.2208690643    2.038  3.346  3.5685  0.627    8  0.563  0.935    51.09    31.87  1 -6.33e-08      0.00 6.821e-01 3.063e-01 2.784e-03 1.563e-03 3.970e-03 -1.000 1.163e-02 -3.596 1.613 -0.422 -2.089 -3.087 -4.037 -5.242 -6.101 -6.311
0.00970 1.00e+09 2.2208793163    2.035  3.471  3.5545  0.446    8  0.563  0.934    75.44    44.64  1 -1.02e-07      0.00 6.821e-01 3.063e-01 2.781e-03 1.563e-03 3.969e-03 -1.000 1.163e-02 -3.907 1.680 -0.359 -2.045 -3.142 -4.280 -5.589 -6.480 -6.712
0.00970 1.00e+09 2.2208917141    2.031  3.594  3.5409  0.267    8  0.564  0.933   110.92    62.27  1 -1.71e-07      0.00 6.821e-01 3.063e-01 2.777e-03 1.563e-03 3.969e-03 -1.000 1.162e-02 -4.215 1.714 -0.206 -1.866 -3.104 -4.487 -5.940 -6.854 -7.109
0.00970 1.00e+09 2.2209069729    2.026  3.680  3.5315  0.143    8  0.564  0.931   144.87    78.42  1  -2.5e-07      0.00 6.821e-01 3.062e-01 2.770e-03 1.563e-03 3.969e-03 -1.000 1.161e-02 -4.429 1.725 -0.038 -1.653 -3.026 -4.591 -6.184 -7.111 -7.382
0.00970 1.00e+09 2.2209248543    2.021  3.724  3.5268  0.079    8  0.565  0.927   166.33    88.34  1 -3.07e-07      0.00 6.822e-01 3.062e-01 2.761e-03 1.563e-03 3.969e-03 -1.000 1.160e-02 -4.540 1.728 0.057 -1.532 -2.979 -4.636 -6.310 -7.243 -7.522
0.00970 1.00e+09 2.2209453583    2.014  3.741  3.5250  0.053    8  0.566  0.923   175.83    92.66  1 -3.34e-07      0.00 6.822e-01 3.062e-01 2.747e-03 1.563e-03 3.969e-03 -1.000 1.159e-02 -4.584 1.727 0.101 -1.475 -2.957 -4.647 -6.360 -7.295 -7.577
0.00970 1.00e+09 2.2209689617    2.007  3.749  3.5244  0.041    8  0.567  0.917   180.17    94.59  1 -3.49e-07      0.00 6.823e-01 3.061e-01 2.728e-03 1.563e-03 3.969e-03 -1.000 1.157e-02 -4.602 1.725 0.115 -1.456 -2.952 -4.653 -6.381 -7.316 -7.600
0.00970 1.00e+09 2.2209694386    2.007  3.678  3.5319  0.142    8  0.567  1.115   140.10    81.38  1 -2.53e-07      0.00 6.799e-01 3.079e-01 3.323e-03 1.558e-03 3.975e-03  7.622 1.220e-02 -4.425 999.999 -0.719 -2.731 -3.760 -4.640 -6.035 -6.966 -7.260
0.00970 1.00e+09 2.2209715843    2.006  3.573  3.5430  0.291    8  0.567  1.115    99.05    62.72  1  -1.6e-07      0.00 6.799e-01 3.079e-01 3.324e-03 1.558e-03 3.975e-03  7.623 1.220e-02 -4.162 999.999 -0.638 -2.617 -3.600 -4.438 -5.783 -6.668 -6.942
0.00970 1.00e+09 2.2209753990    2.005  3.371  3.5643  0.578    8  0.567  1.115    50.86    38.03  1 -7.02e-08      0.00 6.799e-01 3.079e-01 3.325e-03 1.558e-03 3.975e-03  7.624 1.221e-02 -3.657 999.999 -0.461 -2.383 -3.283 -4.044 -5.288 -6.087 -6.327
0.00970 1.00e+09 2.2209815979    2.003  3.324  3.5690  0.644    8  0.567  1.116    43.64    33.89  1 -5.86e-08      0.00 6.799e-01 3.079e-01 3.326e-03 1.558e-03 3.975e-03  7.626 1.221e-02 -3.539 999.999 -0.412 -2.321 -3.204 -3.949 -5.170 -5.951 -6.184
0.00970 1.00e+09 2.2209899426    2.000  3.381  3.5622  0.559    8  0.568  1.116    53.23    39.33  1 -7.25e-08      0.00 6.799e-01 3.079e-01 3.328e-03 1.558e-03 3.975e-03  7.629 1.221e-02 -3.683 999.999 -0.455 -2.382 -3.290 -4.059 -5.313 -6.121 -6.364
0.00970 1.00e+09 2.2210009098    1.996  3.503  3.5479  0.379    8  0.568  1.117    80.67    53.72  1 -1.17e-07      0.00 6.799e-01 3.079e-01 3.331e-03 1.558e-03 3.975e-03  7.632 1.221e-02 -3.986 999.999 -0.541 -2.506 -3.470 -4.289 -5.610 -6.476 -6.741
0.00970 1.00e+09 2.2210144997    1.992  3.622  3.5333  0.200    8  0.569  1.118   122.34    73.40  1 -1.93e-07      0.00 6.799e-01 3.079e-01 3.333e-03 1.558e-03 3.975e-03  7.635 1.221e-02 -4.286 999.999 -0.603 -2.611 -3.634 -4.509 -5.898 -6.823 -7.114
0.00970 1.00e+09 2.2210309505    1.986  3.706  3.5222  0.071    8  0.570  1.119   164.94    91.80  1 -2.76e-07      0.00 6.799e-01 3.079e-01 3.336e-03 1.558e-03 3.975e-03  7.638 1.222e-02 -4.494 999.999 -0.627 -2.669 -3.736 -4.658 -6.096 -7.063 -7.375
0.00970 1.00e+09 2.2210502625    1.980  3.749  3.5151 -0.002    8  0.570  1.120   195.32   104.16  1 -3.32e-07      0.00 6.799e-01 3.079e-01 3.338e-03 1.558e-03 3.975e-03  7.640 1.222e-02 -4.602 999.999 -0.613 -2.679 -3.776 -4.730 -6.199 -7.192 -7.516
0.00970 1.00e+09 2.2210726738    1.972  3.766  3.5104 -0.039    8  0.571  1.120   213.04   111.10  1 -3.55e-07      0.00 6.799e-01 3.079e-01 3.339e-03 1.558e-03 3.975e-03  7.642 1.222e-02 -4.646 999.999 -0.565 -2.656 -3.775 -4.751 -6.244 -7.251 -7.583
0.00970 1.00e+09 2.2210981846    1.964  3.774  3.5066 -0.065    8  0.572  1.120   225.76   115.95  1 -3.63e-07      0.00 6.799e-01 3.079e-01 3.339e-03 1.558e-03 3.975e-03  7.642 1.222e-02 -4.666 999.999 -0.510 -2.620 -3.757 -4.751 -6.264 -7.283 -7.622
0.00970 1.00e+09 2.2210986614    1.964  3.717  3.5136  0.021    8  0.572  1.324   185.01    99.85  1  -2.8e-07      0.00 6.775e-01 3.097e-01 3.953e-03 1.552e-03 3.980e-03  8.076 1.288e-02 -4.521 999.999 -0.507 -2.579 -3.682 -4.643 -6.118 -7.115 -7.442
0.00970 1.00e+09 2.2211005688    1.963  3.610  3.5265  0.179    8  0.573  1.324   128.23    75.83  1 -1.75e-07      0.00 6.775e-01 3.097e-01 3.953e-03 1.552e-03 3.980e-03  8.076 1.288e-02 -4.255 999.999 -0.460 -2.488 -3.538 -4.442 -5.861 -6.812 -7.116
0.00970 1.00e+09 2.2211041451    1.962  3.411  3.5507  0.474    8  0.573  1.324    64.51    45.27  1 -7.77e-08      0.00 6.775e-01 3.097e-01 3.953e-03 1.552e-03 3.980e-03  8.076 1.287e-02 -3.758 999.999 -0.355 -2.313 -3.266 -4.074 -5.383 -6.237 -6.498
0.00970 1.00e+09 2.2211098671    1.960  3.362  3.5564  0.546    8  0.573  1.324    54.66    39.97  1 -6.45e-08      0.00 6.775e-01 3.097e-01 3.952e-03 1.552e-03 3.980e-03  8.076 1.287e-02 -3.636 999.999 -0.323 -2.264 -3.194 -3.982 -5.264 -6.095 -6.347
0.00970 1.00e+09 2.2211179733    1.957  3.419  3.5489  0.459    8  0.573  1.324    66.85    46.48  1 -7.97e-08      0.00 6.775e-01 3.097e-01 3.952e-03 1.552e-03 3.980e-03  8.075 1.287e-02 -3.776 999.999 -0.347 -2.309 -3.269 -4.084 -5.401 -6.262 -6.526
0.00970 1.00e+09 2.2211282253    1.953  3.536  3.5335  0.279    8  0.574  1.324   101.51    63.57  1 -1.27e-07      0.00 6.775e-01 3.097e-01 3.952e-03 1.552e-03 3.980e-03  8.075 1.287e-02 -4.070 999.999 -0.391 -2.398 -3.420 -4.294 -5.682 -6.606 -6.897
0.00970 1.00e+09 2.2211408615    1.948  3.651  3.5179  0.100    8  0.574  1.324   153.77    86.79  1 -2.06e-07      0.00 6.775e-01 3.097e-01 3.951e-03 1.552e-03 3.980e-03  8.075 1.287e-02 -4.358 999.999 -0.419 -2.475 -3.559 -4.500 -5.957 -6.940 -7.260
0.00970 1.00e+09 2.2211563587    1.943  3.731  3.5063 -0.027    8  0.575  1.324   206.51   108.23  1 -2.91e-07      0.00 6.775e-01 3.097e-01 3.951e-03 1.552e-03 3.980e-03  8.075 1.287e-02 -4.557 999.999 -0.406 -2.511 -3.648 -4.643 -6.153 -7.173 -7.513
0.00970 1.00e+09 2.2211744785    1.936  3.771  3.4992 -0.098    8  0.576  1.324   243.16   122.27  1 -3.47e-07      0.00 6.775e-01 3.097e-01 3.951e-03 1.552e-03 3.980e-03  8.075 1.287e-02 -4.659 999.999 -0.375 -2.516 -3.686 -4.712 -6.260 -7.298 -7.649
0.00970 1.00e+09 2.2211954594    1.929  3.788  3.4949 -0.133    8  0.577  1.323   263.47   129.76  0  -3.7e-07      0.00 6.775e-01 3.097e-01 3.951e-03 1.552e-03 3.980e-03  8.075 1.287e-02 -4.699 999.999 -0.341 -2.500 -3.689 -4.735 -6.304 -7.351 -7.709
0.00970 1.00e+09 2.2212193012    1.921  3.794  3.4916 -0.155    8  0.578  1.323   277.13   134.67  0 -3.77e-07      0.00 6.775e-01 3.097e-01 3.951e-03 1.552e-03 3.980e-03  8.075 1.287e-02 -4.716 999.999 -0.300 -2.473 -3.678 -4.737 -6.323 -7.378 -7.742
0.00970 1.00e+09 2.2212197781    1.920  3.750  3.4976 -0.086    8  0.578  1.526   236.39   119.52  1 -3.09e-07      0.00 6.751e-01 3.114e-01 4.560e-03 1.547e-03 3.984e-03  8.288 1.353e-02 -4.605 999.999 -0.302 -2.443 -3.620 -4.657 -6.207 -7.247 -7.602
0.00970 1.00e+09 2.2212214470    1.920  3.643  3.5122  0.079    8  0.578  1.526   160.91    89.54  1 -1.93e-07      0.00 6.751e-01 3.114e-01 4.560e-03 1.547e-03 3.984e-03  8.288 1.353e-02 -4.337 999.999 -0.302 -2.375 -3.484 -4.455 -5.934 -6.934 -7.265
0.00970 1.00e+09 2.2212250233    1.918  3.447  3.5389  0.382    8  0.579  1.526    79.68    52.83  1 -8.66e-08      0.00 6.751e-01 3.114e-01 4.560e-03 1.547e-03 3.984e-03  8.288 1.353e-02 -3.847 999.999 -0.257 -2.244 -3.246 -4.102 -5.463 -6.364 -6.648
0.00970 1.00e+09 2.2212302685    1.916  3.397  3.5455  0.458    8  0.579  1.526    66.77    46.25  1 -7.16e-08      0.00 6.751e-01 3.114e-01 4.559e-03 1.547e-03 3.984e-03  8.288 1.353e-02 -3.722 999.999 -0.239 -2.208 -3.183 -4.014 -5.344 -6.218 -6.490
0.00970 1.00e+09 2.2212376595    1.913  3.452  3.5375  0.369    8  0.579  1.525    81.95    53.93  1 -8.85e-08      0.00 6.751e-01 3.114e-01 4.558e-03 1.547e-03 3.984e-03  8.287 1.352e-02 -3.861 999.999 -0.249 -2.240 -3.247 -4.109 -5.476 -6.383 -6.669
0.00970 1.00e+09 2.2212471962    1.910  3.567  3.5212  0.189    8  0.580  1.525   124.55    73.80  1  -1.4e-07      0.00 6.751e-01 3.114e-01 4.557e-03 1.547e-03 3.984e-03  8.287 1.352e-02 -4.146 999.999 -0.266 -2.307 -3.378 -4.308 -5.748 -6.718 -7.033
0.00970 1.00e+09 2.2212591171    1.905  3.678  3.5049  0.011    8  0.580  1.525   188.23   100.58  1 -2.24e-07      0.00 6.751e-01 3.114e-01 4.556e-03 1.547e-03 3.984e-03  8.287 1.352e-02 -4.426 999.999 -0.264 -2.364 -3.506 -4.511 -6.020 -7.043 -7.387
0.00970 1.00e+09 2.2212734222    1.899  3.755  3.4931 -0.114    8  0.581  1.525   251.73   125.03  1 -3.14e-07      0.00 6.751e-01 3.114e-01 4.556e-03 1.547e-03 3.984e-03  8.287 1.352e-02 -4.618 999.999 -0.243 -2.400 -3.596 -4.653 -6.222 -7.271 -7.635
0.00970 1.00e+09 2.2212901115    1.893  3.795  3.4862 -0.183    8  0.582  1.525   295.08   140.77  0 -3.74e-07      0.00 6.751e-01 3.114e-01 4.556e-03 1.547e-03 3.984e-03  8.287 1.352e-02 -4.717 999.999 -0.224 -2.411 -3.638 -4.726 -6.327 -7.384 -7.761
0.00970 1.00e+09 2.2213096619    1.885  3.811  3.4825 -0.216    8  0.583  1.525   318.39   148.92  0 -4.01e-07      0.00 6.751e-01 3.114e-01 4.558e-03 1.547e-03 3.984e-03  8.287 1.352e-02 -4.758 999.999 -0.201 -2.404 -3.650 -4.760 -6.372 -7.431 -7.817
0.00970 1.00e+09 2.2213318348    1.877  3.819  3.4798 -0.236    8  0.584  1.526   333.53   154.07  0 -4.14e-07      0.00 6.751e-01 3.114e-01 4.561e-03 1.547e-03 3.984e-03  8.288 1.353e-02 -4.777 999.999 -0.190 -2.399 -3.656 -4.789 -6.396 -7.448 -7.848
0.00970 1.00e+09 2.2213323116    1.877  3.787  3.4844 -0.186    8  0.584  1.723   296.99   141.21  0 -3.59e-07      0.00 6.728e-01 3.130e-01 5.151e-03 1.542e-03 3.987e-03  8.428 1.416e-02 -4.698 999.999 -0.188 -2.372 -3.607 -4.711 -6.309 -7.363 -7.749
0.00970 1.00e+09 2.2213339806    1.876  3.679  3.5001 -0.015    8  0.584  1.722   199.66   104.81  1 -2.23e-07      0.00 6.728e-01 3.130e-01 5.151e-03 1.542e-03 3.987e-03  8.427 1.416e-02 -4.427 999.999 -0.190 -2.304 -3.467 -4.498 -6.025 -7.057 -7.411
0.00970 1.00e+09 2.2213373184    1.874  3.486  3.5281  0.290    8  0.584  1.722    98.30    61.57  1    -1e-07      0.00 6.728e-01 3.130e-01 5.151e-03 1.542e-03 3.987e-03  8.427 1.416e-02 -3.945 999.999 -0.183 -2.197 -3.240 -4.145 -5.552 -6.495 -6.799
0.00970 1.00e+09 2.2213423252    1.872  3.435  3.5354  0.369    8  0.585  1.722    81.64    53.54  1 -8.24e-08      0.00 6.728e-01 3.130e-01 5.150e-03 1.542e-03 3.987e-03  8.427 1.416e-02 -3.817 999.999 -0.174 -2.166 -3.181 -4.056 -5.429 -6.344 -6.636
0.00970 1.00e+09 2.2213494778    1.869  3.489  3.5271  0.281    8  0.585  1.722   100.32    62.48  1 -1.02e-07      0.00 6.728e-01 3.130e-01 5.149e-03 1.542e-03 3.987e-03  8.427 1.416e-02 -3.953 999.999 -0.175 -2.192 -3.239 -4.149 -5.560 -6.507 -6.813
0.00970 1.00e+09 2.2213587761    1.864  3.600  3.5103  0.102    8  0.586  1.722   151.89    85.26  1  -1.6e-07      0.00 6.728e-01 3.130e-01 5.149e-03 1.542e-03 3.987e-03  8.427 1.416e-02 -4.230 999.999 -0.170 -2.244 -3.361 -4.346 -5.827 -6.831 -7.168
0.00970 1.00e+09 2.2213702202    1.859  3.708  3.4938 -0.073    8  0.586  1.722   228.04   115.60  1 -2.53e-07      0.00 6.728e-01 3.130e-01 5.149e-03 1.542e-03 3.987e-03  8.427 1.416e-02 -4.499 999.999 -0.141 -2.289 -3.482 -4.542 -6.103 -7.149 -7.514
0.00970 1.00e+09 2.2213840485    1.853  3.782  3.4820 -0.196    8  0.587  1.722   303.07   143.01  0 -3.51e-07      0.00 6.728e-01 3.130e-01 5.150e-03 1.542e-03 3.987e-03  8.427 1.416e-02 -4.684 999.999 -0.131 -2.327 -3.573 -4.687 -6.297 -7.355 -7.744
0.00970 1.00e+09 2.2214004993    1.845  3.820  3.4752 -0.263    8  0.588  1.723   353.67   160.46  0 -4.16e-07      0.00 6.728e-01 3.130e-01 5.153e-03 1.542e-03 3.987e-03  8.428 1.417e-02 -4.779 999.999 -0.161 -2.368 -3.643 -4.812 -6.406 -7.444 -7.867
0.00970 1.00e+09 2.2214193344    1.837  3.835  3.4717 -0.295    8  0.589  1.725   380.56   169.38  0 -4.46e-07      0.00 6.728e-01 3.131e-01 5.158e-03 1.542e-03 3.987e-03  8.429 1.417e-02 -4.818 999.999 -0.170 -2.377 -3.666 -4.854 -6.448 -7.477 -7.912
0.00970 1.00e+09 2.2214407921    1.827  3.843  3.4692 -0.314    8  0.590  1.727   397.85   174.94  0 -4.61e-07      0.00 6.727e-01 3.131e-01 5.166e-03 1.542e-03 3.987e-03  8.430 1.418e-02 -4.837 999.999 -0.150 -2.364 -3.662 -4.854 -6.465 -7.498 -7.933
0.00970 1.00e+09 2.2214412689    1.827  3.824  3.4720 -0.284    8  0.590  1.913   371.27   166.08  0 -4.24e-07      0.00 6.706e-01 3.146e-01 5.724e-03 1.537e-03 3.990e-03  8.531 1.479e-02 -4.790 999.999 -0.149 -2.353 -3.639 -4.827 -6.419 -7.448 -7.882
0.00970 1.00e+09 2.2214429379    1.825  3.715  3.4886 -0.109    8  0.591  1.912   247.06   122.31  0 -2.62e-07      0.00 6.706e-01 3.146e-01 5.723e-03 1.537e-03 3.990e-03  8.531 1.478e-02 -4.518 999.999 -0.113 -2.259 -3.470 -4.561 -6.124 -7.167 -7.550
0.00970 1.00e+09 2.2214460373    1.822  3.525  3.5176  0.196    8  0.591  1.912   121.53    71.79  1 -1.19e-07      0.00 6.706e-01 3.146e-01 5.721e-03 1.537e-03 3.990e-03  8.530 1.478e-02 -4.043 999.999 -0.114 -2.154 -3.239 -4.196 -5.643 -6.622 -6.948
0.00970 1.00e+09 2.2214508057    1.818  3.472  3.5255  0.279    8  0.591  1.911   100.19    62.08  1 -9.66e-08      0.00 6.706e-01 3.146e-01 5.719e-03 1.537e-03 3.990e-03  8.530 1.478e-02 -3.911 999.999 -0.111 -2.126 -3.180 -4.102 -5.517 -6.469 -6.780
0.00970 1.00e+09 2.2214574814    1.812  3.526  3.5168  0.189    8  0.592  1.910   123.38    72.53  1  -1.2e-07      0.00 6.706e-01 3.146e-01 5.716e-03 1.537e-03 3.990e-03  8.529 1.478e-02 -4.045 999.999 -0.103 -2.145 -3.235 -4.195 -5.646 -6.627 -6.954
0.00970 1.00e+09 2.2214663029    1.804  3.633  3.4997  0.012    8  0.592  1.909   186.09    98.66  1 -1.87e-07      0.00 6.706e-01 3.146e-01 5.713e-03 1.537e-03 3.990e-03  8.529 1.477e-02 -4.313 999.999 -0.087 -2.191 -3.353 -4.391 -5.911 -6.939 -7.298
0.00970 1.00e+09 2.2214772701    1.794  3.736  3.4829 -0.161    8  0.593  1.909   277.78   133.13  0 -2.92e-07      0.00 6.706e-01 3.146e-01 5.712e-03 1.537e-03 3.990e-03  8.529 1.477e-02 -4.571 999.999 -0.072 -2.241 -3.478 -4.596 -6.182 -7.230 -7.625
0.00970 1.00e+09 2.2214903831    1.782  3.807  3.4709 -0.282    8  0.594  1.909   367.72   164.12  0    -4e-07      0.00 6.706e-01 3.146e-01 5.712e-03 1.537e-03 3.990e-03  8.529 1.477e-02 -4.747 999.999 -0.094 -2.298 -3.587 -4.777 -6.374 -7.404 -7.839
0.00970 1.00e+09 2.2215058804    1.768  3.843  3.4640 -0.349    8  0.595  1.910   428.89   183.94  0 -4.73e-07      0.00 6.706e-01 3.146e-01 5.716e-03 1.537e-03 3.990e-03  8.529 1.478e-02 -4.837 999.999 -0.093 -2.307 -3.621 -4.832 -6.461 -7.495 -7.938
0.00970 1.00e+09 2.2215237617    1.752  3.857  3.4603 -0.382    8  0.596  1.913   462.70   194.38  0 -6.65e-07      0.00 6.706e-01 3.146e-01 5.724e-03 1.537e-03 3.990e-03  8.531 1.479e-02 -4.873 999.999 -0.080 -2.304 -3.634 -4.858 -6.500 -7.531 -7.980
0.00970 1.00e+09 2.2215440273    1.734  3.864  3.4577 -0.404    8  0.597  1.918   485.83   201.23  0 -9.21e-07      0.00 6.705e-01 3.147e-01 5.739e-03 1.537e-03 3.990e-03  8.533 1.480e-02 -4.890 999.999 -0.058 -2.294 -3.635 -4.871 -6.520 -7.547 -7.999
0.00970 1.00e+09 2.2215445042    1.733  3.859  3.4584 -0.396    8  0.597  2.077   476.83   198.39  0 -8.17e-07      0.00 6.686e-01 3.160e-01 6.220e-03 1.532e-03 3.993e-03  8.604 1.533e-02 -4.877 999.999 -0.064 -2.292 -3.629 -4.864 -6.505 -7.530 -7.984
0.00970 1.00e+09 2.2215459347    1.728  3.749  3.4759 -0.218    8  0.597  2.076   314.98   145.25  0  -3.2e-07      0.00 6.687e-01 3.160e-01 6.216e-03 1.532e-03 3.993e-03  8.604 1.532e-02 -4.602 999.999 0.012 -2.190 -3.460 -4.618 -6.222 -7.272 -7.685
0.00970 1.00e+09 2.2215487957    1.718  3.562  3.5056  0.085    8  0.598  2.074   155.73    85.51  1 -1.46e-07      0.00 6.687e-01 3.160e-01 6.210e-03 1.532e-03 3.993e-03  8.603 1.532e-02 -4.136 999.999 -0.005 -2.086 -3.225 -4.240 -5.733 -6.746 -7.097
0.00970 1.00e+09 2.2215533257    1.702  3.508  3.5139  0.168    8  0.598  2.071   128.16    73.76  1 -1.19e-07      0.00 6.687e-01 3.160e-01 6.201e-03 1.533e-03 3.992e-03  8.602 1.531e-02 -4.001 999.999 -0.010 -2.061 -3.163 -4.141 -5.601 -6.589 -6.924
0.00970 1.00e+09 2.2215595245    1.681  3.561  3.5047  0.073    8  0.598  2.068   159.48    86.71  1  -1.5e-07      0.00 6.688e-01 3.159e-01 6.191e-03 1.533e-03 3.992e-03  8.600 1.529e-02 -4.133 999.999 0.013 -2.072 -3.214 -4.234 -5.730 -6.746 -7.098
0.00970 1.00e+09 2.2215673923    1.653  3.665  3.4870 -0.108    8  0.599  2.064   242.11   118.25  0 -2.37e-07      0.00 6.688e-01 3.159e-01 6.180e-03 1.533e-03 3.992e-03  8.599 1.528e-02 -4.391 999.999 0.022 -2.120 -3.336 -4.439 -5.999 -7.038 -7.429
0.00970 1.00e+09 2.2215774059    1.620  3.763  3.4697 -0.285    8  0.600  2.061   363.99   159.96  0 -3.75e-07      0.00 6.688e-01 3.159e-01 6.172e-03 1.533e-03 3.992e-03  8.598 1.527e-02 -4.639 999.999 0.023 -2.179 -3.472 -4.668 -6.265 -7.293 -7.731
0.00970 1.00e+09 2.2215895653    1.580  3.831  3.4572 -0.413    8  0.601  2.060   487.91   198.36  0 -1.02e-06      0.00 6.688e-01 3.159e-01 6.170e-03 1.533e-03 3.992e-03  8.597 1.527e-02 -4.807 999.999 0.026 -2.210 -3.552 -4.792 -6.438 -7.462 -7.918
0.00970 1.00e+09 2.2216038704    1.535  3.865  3.4497 -0.490    8  0.602  2.063   580.40   224.64  0 -3.01e-06      0.00 6.688e-01 3.159e-01 6.176e-03 1.533e-03 3.992e-03  8.598 1.528e-02 -4.893 999.999 0.079 -2.206 -3.588 -4.849 -6.534 -7.554 -8.016
0.00970 1.00e+09 2.2216200829    1.485  3.879  3.4453 -0.536    8  0.603  2.070   642.96   240.89  0 -5.54e-06      0.00 6.687e-01 3.160e-01 6.198e-03 1.533e-03 3.992e-03  8.601 1.530e-02 -4.928 999.999 0.098 -2.201 -3.599 -4.884 -6.572 -7.578 -8.052
0.00970 1.00e+09 2.2216389179    1.429  3.886  3.4417 -0.574    8  0.605  2.084   697.11   253.83  0 -8.82e-06      0.00 6.686e-01 3.161e-01 6.239e-03 1.532e-03 3.993e-03  8.607 1.535e-02 -4.944 999.999 0.110 -2.193 -3.602 -4.905 -6.593 -7.587 -8.070
0.00970 1.00e+09 2.2216391563    1.426  3.894  3.4407 -0.587    8  0.605  2.163   718.93   259.64  0 -1.04e-05      0.00 6.676e-01 3.168e-01 6.480e-03 1.530e-03 3.994e-03  8.638 1.561e-02 -4.965 999.999 0.103 -2.204 -3.617 -4.924 -6.615 -7.607 -8.092
0.00970 1.00e+09 2.2216405869    1.412  3.784  3.4606 -0.401    8  0.605  2.162   465.96   187.12  0 -8.28e-07      0.00 6.676e-01 3.167e-01 6.477e-03 1.530e-03 3.994e-03  8.638 1.561e-02 -4.689 999.999 0.095 -2.125 -3.453 -4.681 -6.317 -7.345 -7.798
0.00970 1.00e+09 2.2216434479    1.387  3.601  3.4942 -0.092    8  0.605  2.160   226.52   108.45  0 -2.45e-07      0.00 6.677e-01 3.167e-01 6.471e-03 1.530e-03 3.994e-03  8.637 1.560e-02 -4.232 999.999 0.100 -2.033 -3.224 -4.294 -5.837 -6.872 -7.246
0.00970 1.00e+09 2.2216475010    1.348  3.545  3.5077  0.006    8  0.605  2.158   179.80    90.59  0 -2.12e-07      0.00 6.677e-01 3.167e-01 6.464e-03 1.530e-03 3.994e-03  8.636 1.559e-02 -4.093 999.999 0.002 -2.071 -3.201 -4.208 -5.690 -6.696 -7.044
0.00970 1.00e+09 2.2216532230    1.296  3.597  3.5046 -0.076    8  0.606  2.155   215.90   102.95  0 -2.95e-07      0.00 6.677e-01 3.167e-01 6.454e-03 1.530e-03 3.994e-03  8.635 1.558e-02 -4.222 999.999 -0.057 -2.152 -3.300 -4.323 -5.824 -6.835 -7.191
0.00970 1.00e+09 2.2216608524    1.232  3.696  3.4952 -0.235    8  0.607  2.152   310.42   133.45  0 -5.25e-07      0.00 6.678e-01 3.167e-01 6.445e-03 1.530e-03 3.994e-03  8.634 1.557e-02 -4.471 999.999 -0.123 -2.267 -3.465 -4.539 -6.082 -7.107 -7.486
0.00970 1.00e+09 2.2216701508    1.156  3.790  3.4883 -0.384    8  0.608  2.149   435.70   169.10  0 -9.55e-07      0.00 6.678e-01 3.166e-01 6.438e-03 1.531e-03 3.994e-03  8.633 1.556e-02 -4.706 999.999 -0.219 -2.407 -3.642 -4.747 -6.330 -7.364 -7.758
0.00970 1.00e+09 2.2216813564    1.071  3.854  3.4884 -0.480    8  0.609  2.149   540.39   194.06  0 -2.32e-06      0.00 6.678e-01 3.166e-01 6.435e-03 1.531e-03 3.994e-03  8.633 1.556e-02 -4.864 999.999 -0.353 -2.555 -3.798 -4.905 -6.496 -7.527 -7.923
0.00970 1.00e+09 2.2216947079    0.980  3.886  3.4957 -0.522    8  0.610  2.150   591.45   200.92  0 -3.89e-06      0.00 6.678e-01 3.166e-01 6.441e-03 1.530e-03 3.994e-03  8.633 1.557e-02 -4.944 999.999 -0.506 -2.706 -3.927 -5.000 -6.576 -7.596 -7.974
0.00970 1.00e+09 2.2217099667    0.883  3.899  3.5084 -0.529    8  0.612  2.157   601.06   193.87  0 -4.11e-06      0.00 6.677e-01 3.167e-01 6.460e-03 1.530e-03 3.994e-03  8.636 1.559e-02 -4.977 999.999 -0.725 -2.889 -4.058 -5.075 -6.602 -7.595 -7.946
0.00970 1.00e+09 2.2217273712    0.784  3.905  3.5243 -0.523    8  0.613  2.169   599.34   179.28  0 -4.99e-06      0.00 6.676e-01 3.168e-01 6.497e-03 1.530e-03 3.994e-03  8.641 1.563e-02 -4.991 999.999 -1.095 -3.152 -4.232 -5.176 -6.608 -7.549 -7.874
0.00970 1.00e+09 2.2217521667    0.616 -9.999  4.1004  1.782    9  0.616  2.179     0.00     0.00 -1    -1e-30      0.00 6.675e-01 3.169e-01 6.527e-03 1.530e-03 3.994e-03  8.644 1.566e-02 29.767 29.910 30.434 30.546 30.573 30.620 30.770 30.805 30.842
#isochrone terminated
