# File generated by CMD 3.1 (http://stev.oapd.inaf.it/cmd) on Wed Dec 12 18:06:26 CET 2018
# isochrones PARSEC release v1.2S + COLIBRI release PR16, as in Marigo et al. 2017
# Basic reference: Marigo et al. (2017), ApJ, 835, 77
# Photometric system: <i>UBVRIJHK</i> (cf. Maiz-Apellaniz 2006 + Bessell 1990)
# O-rich circumstellar dust ignored
# C-rich circumstellar dust ignored
# Kind of output: isochrone tables
# Zini  Age      Mini            Mass   logL    logTe  logg  label   McoreTP C_O  period0 period1 pmode  Mloss  tau1m   X   Y   Xc  Xn  Xo  Cexcess  Z 	 mbolmag  Umag    Bmag    Vmag    Rmag    Imag    Jmag    Hmag    Kmag
0.00970 1.00e+07 0.0900000036    0.090 -2.020  3.4164  4.030    0  0.000  0.545     0.00     0.00 -1 -3.91e-15      0.00 7.238e-01 2.665e-01 1.749e-03 4.719e-04 4.280e-03 -1.000 9.727e-03 9.820 16.560 15.184 13.543 11.916 9.862 7.774 7.288 6.906
0.00970 1.00e+07 0.0953723565    0.095 -1.988  3.4200  4.037    0  0.000  0.545     0.00     0.00 -1 -4.06e-15      0.00 7.238e-01 2.665e-01 1.749e-03 4.719e-04 4.280e-03 -1.000 9.727e-03 9.739 16.389 15.023 13.387 11.780 9.753 7.701 7.214 6.836
0.00970 1.00e+07 0.1000000015    0.100 -1.960  3.4229  4.041    0  0.000  0.545     0.00     0.00 -1 -4.21e-15      0.00 7.238e-01 2.665e-01 1.749e-03 4.719e-04 4.280e-03 -1.000 9.727e-03 9.670 16.244 14.887 13.257 11.666 9.660 7.639 7.151 6.776
0.00970 1.00e+07 0.1200000048    0.120 -1.851  3.4348  4.059    0  0.000  0.545     0.00     0.00 -1 -4.84e-15      0.00 7.238e-01 2.665e-01 1.749e-03 4.719e-04 4.280e-03 -1.000 9.727e-03 9.397 16.111 14.486 12.775 11.216 9.267 7.392 6.887 6.543
0.00970 1.00e+07 0.1359095275    0.136 -1.771  3.4443  4.072    0  0.000  0.545     0.00     0.00 -1 -5.38e-15      0.00 7.238e-01 2.665e-01 1.749e-03 4.719e-04 4.280e-03 -1.000 9.727e-03 9.199 16.518 14.342 12.454 10.883 8.942 7.209 6.674 6.376
0.00970 1.00e+07 0.1415355057    0.141 -1.746  3.4474  4.077    0  0.000  0.545     0.00     0.00 -1 -5.55e-15      0.00 7.238e-01 2.665e-01 1.749e-03 4.719e-04 4.280e-03 -1.000 9.727e-03 9.136 16.405 14.219 12.328 10.776 8.858 7.154 6.616 6.322
0.00970 1.00e+07 0.1529088169    0.153 -1.698  3.4526  4.083    0  0.000  0.545     0.00     0.00 -1 -5.88e-15      0.00 7.238e-01 2.665e-01 1.749e-03 4.719e-04 4.280e-03 -1.000 9.727e-03 9.016 16.198 13.994 12.098 10.580 8.700 7.047 6.503 6.215
0.00970 1.00e+07 0.1546463221    0.155 -1.691  3.4534  4.084    0  0.000  0.545     0.00     0.00 -1 -5.93e-15      0.00 7.238e-01 2.665e-01 1.749e-03 4.719e-04 4.280e-03 -1.000 9.727e-03 8.999 16.168 13.961 12.064 10.551 8.677 7.032 6.487 6.200
0.00970 1.00e+07 0.1570560634    0.157 -1.681  3.4545  4.085    0  0.000  0.545     0.00     0.00 -1 -6.04e-15      0.00 7.238e-01 2.665e-01 1.749e-03 4.719e-04 4.280e-03 -1.000 9.727e-03 8.973 16.124 13.913 12.016 10.510 8.644 7.009 6.463 6.178
0.00970 1.00e+07 0.1728000790    0.173 -1.621  3.4609  4.092    0  0.000  0.545     0.00     0.00 -1  -6.6e-15      0.00 7.238e-01 2.665e-01 1.749e-03 4.719e-04 4.280e-03 -1.000 9.727e-03 8.821 15.796 13.614 11.727 10.266 8.454 6.874 6.324 6.043
0.00970 1.00e+07 0.1872236282    0.187 -1.570  3.4663  4.097    0  0.000  0.545     0.00     0.00 -1 -7.08e-15      0.00 7.238e-01 2.665e-01 1.749e-03 4.719e-04 4.280e-03 -1.000 9.727e-03 8.694 15.451 13.343 11.482 10.063 8.303 6.763 6.211 5.931
0.00970 1.00e+07 0.2140856385    0.214 -1.487  3.4754  4.109    0  0.000  0.545     0.00     0.00 -1  -7.9e-15      0.00 7.238e-01 2.665e-01 1.749e-03 4.719e-04 4.280e-03 -1.000 9.727e-03 8.488 14.894 12.904 11.085 9.733 8.058 6.581 6.027 5.750
0.00970 1.00e+07 0.2329293787    0.233 -1.434  3.4814  4.117    0  0.000  0.545     0.00     0.00 -1 -8.49e-15      0.00 7.238e-01 2.665e-01 1.749e-03 4.719e-04 4.280e-03 -1.000 9.727e-03 8.355 14.547 12.626 10.834 9.522 7.902 6.464 5.909 5.634
0.00970 1.00e+07 0.2538069785    0.254 -1.380  3.4874  4.124    0  0.000  0.545     0.00     0.00 -1 -9.13e-15      0.00 7.238e-01 2.665e-01 1.749e-03 4.719e-04 4.280e-03 -1.000 9.727e-03 8.220 14.200 12.348 10.583 9.309 7.745 6.345 5.789 5.516
0.00970 1.00e+07 0.2786535919    0.279 -1.321  3.4936  4.131    0  0.000  0.545     0.00     0.00 -1  -9.9e-15      0.00 7.238e-01 2.665e-01 1.749e-03 4.719e-04 4.280e-03 -1.000 9.727e-03 8.073 13.856 12.064 10.326 9.087 7.577 6.214 5.656 5.386
0.00970 1.00e+07 0.3000000119    0.300 -1.274  3.4988  4.137    0  0.000  0.545     0.00     0.00 -1 -1.06e-14      0.00 7.238e-01 2.665e-01 1.749e-03 4.719e-04 4.280e-03 -1.000 9.727e-03 7.956 13.577 11.835 10.119 8.908 7.444 6.111 5.552 5.285
0.00970 1.00e+07 0.3260444105    0.326 -1.224  3.5045  4.145    0  0.000  0.545     0.00     0.00 -1 -1.13e-14      0.00 7.238e-01 2.665e-01 1.749e-03 4.719e-04 4.280e-03 -1.000 9.727e-03 7.829 13.286 11.592 9.900 8.717 7.300 5.997 5.438 5.173
0.00970 1.00e+07 0.3500000238    0.350 -1.179  3.5094  4.151    0  0.000  0.545     0.00     0.00 -1  -1.2e-14      0.00 7.238e-01 2.665e-01 1.749e-03 4.719e-04 4.280e-03 -1.000 9.727e-03 7.718 13.038 11.383 9.711 8.551 7.174 5.897 5.337 5.076
0.00970 1.00e+07 0.3748229742    0.375 -1.136  3.5146  4.158    0  0.000  0.545     0.00     0.00 -1 -1.27e-14      0.00 7.238e-01 2.665e-01 1.749e-03 4.719e-04 4.280e-03 -1.000 9.727e-03 7.610 12.790 11.175 9.523 8.388 7.052 5.802 5.241 4.983
0.00970 1.00e+07 0.4000000358    0.400 -1.095  3.5195  4.165    0  0.000  0.545     0.00     0.00 -1 -1.34e-14      0.00 7.238e-01 2.665e-01 1.749e-03 4.719e-04 4.280e-03 -1.000 9.727e-03 7.507 12.567 10.983 9.351 8.234 6.936 5.710 5.148 4.893
0.00970 1.00e+07 0.4158078432    0.416 -1.071  3.5224  4.170    0  0.000  0.545     0.00     0.00 -1 -1.38e-14      0.00 7.238e-01 2.665e-01 1.749e-03 4.719e-04 4.280e-03 -1.000 9.727e-03 7.448 12.438 10.871 9.250 8.145 6.870 5.658 5.094 4.841
0.00970 1.00e+07 0.4500000179    0.450 -1.022  3.5285  4.179    0  0.000  0.545     0.00     0.00 -1 -1.46e-14      0.00 7.238e-01 2.665e-01 1.749e-03 4.719e-04 4.280e-03 -1.000 9.727e-03 7.326 12.172 10.642 9.043 7.962 6.732 5.549 4.984 4.734
0.00970 1.00e+07 0.4566241205    0.457 -1.014  3.5296  4.182    0  0.000  0.545     0.00     0.00 -1 -1.48e-14      0.00 7.238e-01 2.665e-01 1.749e-03 4.719e-04 4.280e-03 -1.000 9.727e-03 7.305 12.126 10.602 9.008 7.930 6.708 5.531 4.965 4.716
0.00970 1.00e+07 0.5000000000    0.500 -0.958  3.5368  4.195    0  0.000  0.545     0.00     0.00 -1 -1.58e-14      0.00 7.238e-01 2.665e-01 1.749e-03 4.719e-04 4.280e-03 -1.000 9.727e-03 7.166 11.832 10.344 8.775 7.722 6.554 5.410 4.841 4.596
0.00970 1.00e+07 0.5186005235    0.519 -0.936  3.5403  4.202    0  0.000  0.545     0.00     0.00 -1 -1.62e-14      0.00 7.238e-01 2.665e-01 1.749e-03 4.719e-04 4.280e-03 -1.000 9.727e-03 7.110 11.702 10.232 8.675 7.633 6.491 5.363 4.792 4.549
0.00970 1.00e+07 0.5429382920    0.543 -0.908  3.5441  4.209    0  0.000  0.545     0.00     0.00 -1 -1.68e-14      0.00 7.238e-01 2.665e-01 1.749e-03 4.719e-04 4.280e-03 -1.000 9.727e-03 7.039 11.558 10.103 8.559 7.528 6.413 5.301 4.728 4.487
0.00970 1.00e+07 0.5500000119    0.550 -0.899  3.5451  4.209    0  0.000  0.545     0.00     0.00 -1  -1.7e-14      0.00 7.238e-01 2.665e-01 1.749e-03 4.719e-04 4.280e-03 -1.000 9.727e-03 7.017 11.517 10.066 8.525 7.497 6.389 5.281 4.708 4.468
0.00970 1.00e+07 0.5693074465    0.569 -0.875  3.5490  4.217    0  0.000  0.545     0.00     0.00 -1 -1.75e-14      0.00 7.238e-01 2.665e-01 1.749e-03 4.719e-04 4.280e-03 -1.000 9.727e-03 6.959 11.391 9.953 8.423 7.406 6.324 5.233 4.657 4.419
0.00970 1.00e+07 0.6000000238    0.600 -0.839  3.5542  4.224    0  0.000  0.545     0.00     0.00 -1 -1.84e-14      0.00 7.238e-01 2.665e-01 1.749e-03 4.719e-04 4.280e-03 -1.000 9.727e-03 6.868 11.209 9.788 8.274 7.272 6.224 5.155 4.576 4.342
0.00970 1.00e+07 0.6139996052    0.614 -0.823  3.5572  4.230    0  0.000  0.545     0.00     0.00 -1 -1.87e-14      0.00 7.238e-01 2.665e-01 1.749e-03 4.719e-04 4.280e-03 -1.000 9.727e-03 6.827 11.117 9.705 8.200 7.206 6.179 5.121 4.540 4.308
0.00970 1.00e+07 0.6499999762    0.650 -0.782  3.5639  4.240    0  0.000  0.545     0.00     0.00 -1 -1.98e-14      0.00 7.238e-01 2.665e-01 1.749e-03 4.719e-04 4.280e-03 -1.000 9.727e-03 6.724 10.916 9.520 8.033 7.055 6.069 5.037 4.451 4.224
0.00970 1.00e+07 0.6503773928    0.651 -0.781  3.5640  4.240    0  0.000  0.545     0.00     0.00 -1 -1.98e-14      0.00 7.238e-01 2.665e-01 1.749e-03 4.719e-04 4.280e-03 -1.000 9.727e-03 6.723 10.914 9.518 8.031 7.053 6.068 5.036 4.450 4.223
0.00970 1.00e+07 0.6930592656    0.693 -0.722  3.5745  4.251    0  0.000  0.545     0.00     0.00 -1 -2.17e-14      0.00 7.238e-01 2.665e-01 1.749e-03 4.719e-04 4.280e-03 -1.000 9.727e-03 6.574 10.611 9.277 7.833 6.869 5.910 4.893 4.305 4.091
0.00970 1.00e+07 0.7000000477    0.700 -0.714  3.5759  4.253    0  0.000  0.545     0.00     0.00 -1  -2.2e-14      0.00 7.238e-01 2.665e-01 1.749e-03 4.719e-04 4.280e-03 -1.000 9.727e-03 6.555 10.572 9.252 7.816 6.852 5.890 4.870 4.283 4.071
0.00970 1.00e+07 0.7029345632    0.703 -0.705  3.5790  4.258    0  0.000  0.544     0.00     0.00 -1 -2.23e-14      0.00 7.238e-01 2.665e-01 1.748e-03 4.718e-04 4.280e-03 -1.000 9.727e-03 6.532 10.503 9.216 7.799 6.835 5.865 4.840 4.253 4.048
0.00970 1.00e+07 0.7500000000    0.750 -0.557  3.6286  4.337    0  0.000  0.537     0.00     0.00 -1 -2.76e-14      0.00 7.238e-01 2.665e-01 1.726e-03 4.713e-04 4.281e-03 -1.000 9.727e-03 6.163 9.043 8.056 6.879 6.127 5.513 4.650 3.934 3.835
0.00970 1.00e+07 0.7848010659    0.785 -0.521  3.6327  4.337    0  0.000  0.537     0.00     0.00 -1 -2.94e-14      0.00 7.238e-01 2.665e-01 1.726e-03 4.713e-04 4.281e-03 -1.000 9.727e-03 6.073 8.881 7.917 6.757 6.020 5.420 4.571 3.864 3.767
0.00970 1.00e+07 0.7996897697    0.800 -0.504  3.6345  4.335    0  0.000  0.537     0.00     0.00 -1 -3.03e-14      0.00 7.238e-01 2.665e-01 1.726e-03 4.713e-04 4.281e-03 -1.000 9.727e-03 6.029 8.805 7.852 6.699 5.969 5.375 4.531 3.828 3.733
0.00970 1.00e+07 0.8488073349    0.849 -0.447  3.6416  4.332    0  0.000  0.537     0.00     0.00 -1 -3.37e-14      0.00 7.238e-01 2.665e-01 1.726e-03 4.713e-04 4.281e-03 -1.000 9.727e-03 5.887 8.536 7.625 6.502 5.797 5.226 4.408 3.721 3.631
0.00970 1.00e+07 0.8493795395    0.849 -0.446  3.6417  4.332    0  0.000  0.537     0.00     0.00 -1 -3.38e-14      0.00 7.238e-01 2.665e-01 1.726e-03 4.713e-04 4.281e-03 -1.000 9.727e-03 5.885 8.533 7.623 6.500 5.795 5.225 4.406 3.720 3.629
0.00970 1.00e+07 0.8617105484    0.861 -0.431  3.6438  4.332    0  0.000  0.537     0.00     0.00 -1 -3.47e-14      0.00 7.238e-01 2.665e-01 1.726e-03 4.713e-04 4.281e-03 -1.000 9.727e-03 5.848 8.458 7.561 6.447 5.749 5.186 4.375 3.694 3.605
0.00970 1.00e+07 0.8990693092    0.899 -0.377  3.6511  4.325    0  0.000  0.537     0.00     0.00 -1 -3.87e-14      0.00 7.238e-01 2.665e-01 1.726e-03 4.713e-04 4.281e-03 -1.000 9.727e-03 5.712 8.188 7.338 6.255 5.584 5.042 4.257 3.596 3.512
0.00970 1.00e+07 0.9381767511    0.938 -0.328  3.6586  4.325    0  0.000  0.537     0.00     0.00 -1 -4.23e-14      0.00 7.238e-01 2.665e-01 1.726e-03 4.713e-04 4.281e-03 -1.000 9.727e-03 5.590 7.933 7.135 6.081 5.436 4.914 4.156 3.519 3.439
0.00970 1.00e+07 0.9487590790    0.949 -0.313  3.6610  4.324    0  0.000  0.537     0.00     0.00 -1 -4.36e-14      0.00 7.238e-01 2.665e-01 1.726e-03 4.713e-04 4.281e-03 -1.000 9.727e-03 5.552 7.854 7.072 6.027 5.390 4.874 4.125 3.495 3.417
0.00970 1.00e+07 0.9816334844    0.982 -0.266  3.6685  4.322    0  0.000  0.537     0.00     0.00 -1 -4.77e-14      0.00 7.238e-01 2.665e-01 1.726e-03 4.713e-04 4.281e-03 -1.000 9.727e-03 5.434 7.603 6.876 5.859 5.248 4.749 4.027 3.423 3.349
0.00970 1.00e+07 0.9984488487    0.999 -0.236  3.6731  4.318    0  0.000  0.537     0.00     0.00 -1 -5.08e-14      0.00 7.238e-01 2.665e-01 1.726e-03 4.713e-04 4.281e-03 -1.000 9.727e-03 5.361 7.450 6.758 5.758 5.162 4.673 3.968 3.379 3.307
0.00970 1.00e+07 1.0481386185    1.048 -0.153  3.6865  4.309    0  0.000  0.537     0.00     0.00 -1 -5.65e-14      0.00 7.238e-01 2.665e-01 1.726e-03 4.713e-04 4.281e-03 -1.000 9.727e-03 5.151 7.010 6.420 5.470 4.917 4.456 3.800 3.254 3.189
0.00970 1.00e+07 1.0875797272    1.087 -0.085  3.6974  4.301    0  0.000  0.537     0.00     0.00 -1 -6.12e-14      0.00 7.238e-01 2.665e-01 1.726e-03 4.713e-04 4.281e-03 -1.000 9.727e-03 4.983 6.660 6.155 5.246 4.725 4.286 3.667 3.155 3.095
0.00970 1.00e+07 1.0978283882    1.097 -0.067  3.7004  4.299    0  0.000  0.537     0.00     0.00 -1 -6.27e-14      0.00 7.238e-01 2.665e-01 1.726e-03 4.713e-04 4.281e-03 -1.000 9.727e-03 4.937 6.567 6.085 5.188 4.675 4.241 3.631 3.128 3.070
0.00970 1.00e+07 1.1150892973    1.115 -0.036  3.7052  4.294    0  0.000  0.537     0.00     0.00 -1  -6.5e-14      0.00 7.238e-01 2.665e-01 1.726e-03 4.713e-04 4.281e-03 -1.000 9.727e-03 4.861 6.414 5.970 5.092 4.591 4.166 3.572 3.083 3.027
0.00970 1.00e+07 1.1475181580    1.147  0.026  3.7148  4.283    0  0.000  0.537     0.00     0.00 -1 -7.07e-14      0.00 7.238e-01 2.665e-01 1.726e-03 4.713e-04 4.281e-03 -1.000 9.727e-03 4.706 6.110 5.739 4.900 4.423 4.015 3.453 2.992 2.939
0.00970 1.00e+07 1.1882177591    1.188  0.108  3.7271  4.265    0  0.000  0.538     0.00     0.00 -1 -7.94e-14      0.00 7.238e-01 2.665e-01 1.726e-03 4.713e-04 4.281e-03 -1.000 9.727e-03 4.500 5.719 5.441 4.652 4.205 3.817 3.294 2.866 2.819
0.00970 1.00e+07 1.1972079277    1.197  0.128  3.7300  4.260    0  0.000  0.538     0.00     0.00 -1 -8.18e-14      0.00 7.238e-01 2.665e-01 1.726e-03 4.713e-04 4.281e-03 -1.000 9.727e-03 4.451 5.630 5.371 4.595 4.154 3.771 3.256 2.836 2.790
0.00970 1.00e+07 1.2176604271    1.218  0.173  3.7363  4.248    0  0.000  0.538     0.00     0.00 -1 -8.73e-14      0.00 7.238e-01 2.665e-01 1.726e-03 4.713e-04 4.281e-03 -1.000 9.727e-03 4.338 5.428 5.214 4.465 4.038 3.665 3.170 2.765 2.721
0.00970 1.00e+07 1.2459834814    1.246  0.240  3.7453  4.227    0  0.000  0.538     0.00     0.00 -1 -9.72e-14      0.00 7.238e-01 2.665e-01 1.726e-03 4.713e-04 4.281e-03 -1.000 9.727e-03 4.171 5.143 4.986 4.278 3.869 3.511 3.041 2.658 2.618
0.00970 1.00e+07 1.2468976974    1.247  0.242  3.7456  4.226    0  0.000  0.538     0.00     0.00 -1 -9.75e-14      0.00 7.238e-01 2.665e-01 1.726e-03 4.713e-04 4.281e-03 -1.000 9.727e-03 4.165 5.134 4.979 4.271 3.863 3.505 3.036 2.655 2.614
0.00970 1.00e+07 1.2714711428    1.272  0.304  3.7535  4.204    0  0.000  0.538     0.00     0.00 -1 -1.08e-13      0.00 7.238e-01 2.665e-01 1.726e-03 4.713e-04 4.281e-03 -1.000 9.727e-03 4.010 4.882 4.773 4.100 3.708 3.363 2.916 2.552 2.515
0.00970 1.00e+07 1.2965873480    1.297  0.373  3.7618  4.177    0  0.000  0.538     0.00     0.00 -1 -1.22e-13      0.00 7.238e-01 2.665e-01 1.726e-03 4.713e-04 4.281e-03 -1.000 9.727e-03 3.837 4.616 4.548 3.912 3.537 3.205 2.780 2.436 2.401
0.00970 1.00e+07 1.2985858917    1.299  0.379  3.7625  4.175    0  0.000  0.538     0.00     0.00 -1 -1.23e-13      0.00 7.238e-01 2.665e-01 1.726e-03 4.713e-04 4.281e-03 -1.000 9.727e-03 3.823 4.594 4.530 3.897 3.523 3.192 2.769 2.426 2.392
0.00970 1.00e+07 1.3214672804    1.322  0.448  3.7703  4.144    0  0.000  0.538     0.00     0.00 -1 -1.39e-13      0.00 7.238e-01 2.665e-01 1.726e-03 4.713e-04 4.281e-03 -1.000 9.727e-03 3.651 4.342 4.312 3.712 3.353 3.035 2.633 2.307 2.275
0.00970 1.00e+07 1.3428962231    1.343  0.516  3.7778  4.114    0  0.000  0.538     0.00     0.00 -1 -1.58e-13      0.00 7.238e-01 2.665e-01 1.726e-03 4.713e-04 4.281e-03 -1.000 9.727e-03 3.480 4.099 4.097 3.531 3.187 2.880 2.498 2.189 2.159
0.00970 1.00e+07 1.3462773561    1.347  0.527  3.7791  4.109    0  0.000  0.538     0.00     0.00 -1 -1.61e-13      0.00 7.238e-01 2.665e-01 1.726e-03 4.713e-04 4.281e-03 -1.000 9.727e-03 3.453 4.060 4.063 3.501 3.160 2.856 2.476 2.170 2.141
0.00970 1.00e+07 1.3582057953    1.359  0.566  3.7834  4.091    0  0.000  0.538     0.00     0.00 -1 -1.73e-13      0.00 7.238e-01 2.665e-01 1.726e-03 4.713e-04 4.281e-03 -1.000 9.727e-03 3.356 3.928 3.942 3.399 3.066 2.768 2.400 2.103 2.075
0.00970 1.00e+07 1.3789294958    1.379  0.633  3.7913  4.063    0  0.000  0.538     0.00     0.00 -1 -1.94e-13      0.00 7.238e-01 2.665e-01 1.726e-03 4.713e-04 4.280e-03 -1.000 9.727e-03 3.189 3.702 3.734 3.223 2.905 2.620 2.271 1.992 1.966
0.00970 1.00e+07 1.3959670067    1.396  0.686  3.7982  4.042    0  0.000  0.538     0.00     0.00 -1 -2.12e-13      0.00 7.238e-01 2.665e-01 1.726e-03 4.713e-04 4.280e-03 -1.000 9.727e-03 3.055 3.524 3.567 3.082 2.777 2.504 2.172 1.907 1.883
0.00970 1.00e+07 1.3967504501    1.397  0.688  3.7985  4.041    0  0.000  0.538     0.00     0.00 -1 -2.13e-13      0.00 7.238e-01 2.665e-01 1.726e-03 4.713e-04 4.280e-03 -1.000 9.727e-03 3.049 3.516 3.559 3.076 2.772 2.498 2.167 1.903 1.879
0.00970 1.00e+07 1.4186900854    1.419  0.753  3.8081  4.021    0  0.000  0.538     0.00     0.00 -1 -2.32e-13      0.00 7.238e-01 2.665e-01 1.726e-03 4.713e-04 4.280e-03 -1.000 9.727e-03 2.887 3.299 3.352 2.904 2.618 2.360 2.053 1.808 1.787
0.00970 1.00e+07 1.4373502731    1.438  0.805  3.8172  4.011    0  0.000  0.538     0.00     0.00 -1 -2.46e-13      0.00 7.238e-01 2.665e-01 1.726e-03 4.713e-04 4.280e-03 -1.000 9.727e-03 2.757 3.129 3.182 2.766 2.498 2.256 1.969 1.744 1.724
0.00970 1.00e+07 1.4456568956    1.446  0.826  3.8218  4.011    0  0.000  0.538     0.00     0.00 -1  -2.5e-13      0.00 7.238e-01 2.665e-01 1.726e-03 4.713e-04 4.280e-03 -1.000 9.727e-03 2.705 3.056 3.111 2.711 2.450 2.216 1.940 1.724 1.705
0.00970 1.00e+07 1.4552602768    1.456  0.850  3.8274  4.013    0  0.000  0.538     0.00     0.00 -1 -2.52e-13      0.00 7.238e-01 2.665e-01 1.726e-03 4.713e-04 4.280e-03 -1.000 9.727e-03 2.645 2.977 3.030 2.647 2.398 2.173 1.910 1.705 1.687
0.00970 1.00e+07 1.4762344360    1.477  0.893  3.8417  4.033    0  0.000  0.538     0.00     0.00 -1 -2.47e-13      0.00 7.238e-01 2.665e-01 1.726e-03 4.713e-04 4.280e-03 -1.000 9.727e-03 2.538 2.824 2.870 2.529 2.308 2.108 1.878 1.702 1.686
0.00970 1.00e+07 1.4906407595    1.491  0.917  3.8530  4.059    0  0.000  0.538     0.00     0.00 -1 -2.37e-13      0.00 7.238e-01 2.665e-01 1.726e-03 4.713e-04 4.280e-03 -1.000 9.727e-03 2.478 2.735 2.772 2.463 2.263 2.083 1.878 1.723 1.709
0.00970 1.00e+07 1.4953466654    1.496  0.923  3.8568  4.069    0  0.000  0.538     0.00     0.00 -1 -2.32e-13      0.00 7.238e-01 2.665e-01 1.726e-03 4.713e-04 4.280e-03 -1.000 9.727e-03 2.463 2.713 2.746 2.446 2.254 2.080 1.884 1.736 1.723
0.00970 1.00e+07 1.4956543446    1.496  0.923  3.8570  4.070    0  0.000  0.538     0.00     0.00 -1 -2.32e-13      0.00 7.238e-01 2.665e-01 1.726e-03 4.713e-04 4.280e-03 -1.000 9.727e-03 2.462 2.712 2.744 2.445 2.253 2.080 1.884 1.737 1.724
0.00970 1.00e+07 1.5192718506    1.520  0.932  3.8724  4.129    0  0.000  0.538     0.00     0.00 -1 -1.93e-13      0.00 7.238e-01 2.665e-01 1.726e-03 4.713e-04 4.280e-03 -1.000 9.727e-03 2.440 2.661 2.679 2.419 2.256 2.110 1.947 1.827 1.816
0.00970 1.00e+07 1.5450363159    1.545  0.915  3.8818  4.191    0  0.000  0.538     0.00     0.00 -1 -1.49e-13      0.00 7.238e-01 2.665e-01 1.726e-03 4.713e-04 4.280e-03 -1.000 9.727e-03 2.481 2.687 2.700 2.461 2.315 2.185 2.041 1.937 1.927
0.00970 1.00e+07 1.5506179333    1.551  0.910  3.8832  4.204    0  0.000  0.538     0.00     0.00 -1 -1.38e-13      0.00 7.238e-01 2.665e-01 1.726e-03 4.713e-04 4.280e-03 -1.000 9.727e-03 2.496 2.700 2.712 2.476 2.332 2.204 2.064 1.962 1.952
0.00970 1.00e+07 1.5667365789    1.567  0.888  3.8844  4.235    0  0.000  0.538     0.00     0.00 -1 -1.11e-13      0.00 7.238e-01 2.665e-01 1.726e-03 4.713e-04 4.280e-03 -1.000 9.727e-03 2.551 2.752 2.767 2.532 2.390 2.264 2.126 2.025 2.016
0.00970 1.00e+07 1.5829638243    1.583  0.869  3.8845  4.258    0  0.000  0.538     0.00     0.00 -1 -9.06e-14      0.00 7.238e-01 2.665e-01 1.726e-03 4.713e-04 4.280e-03 -1.000 9.727e-03 2.597 2.797 2.815 2.579 2.437 2.310 2.172 2.071 2.062
0.00970 1.00e+07 1.5947260857    1.595  0.871  3.8859  4.265    0  0.000  0.538     0.00     0.00 -1 -8.21e-14      0.00 7.238e-01 2.665e-01 1.726e-03 4.712e-04 4.280e-03 -1.000 9.727e-03 2.592 2.790 2.807 2.574 2.435 2.310 2.176 2.077 2.068
0.00970 1.00e+07 1.6247729063    1.625  0.877  3.8898  4.283    0  0.000  0.538     0.00     0.00 -1  -5.4e-14      0.00 7.238e-01 2.665e-01 1.726e-03 4.712e-04 4.280e-03 -1.000 9.727e-03 2.578 2.771 2.785 2.561 2.428 2.311 2.184 2.092 2.083
0.00970 1.00e+07 1.6444157362    1.644  0.909  3.8974  4.287    0  0.000  0.538     0.00     0.00 -1 -4.42e-14      0.00 7.238e-01 2.665e-01 1.726e-03 4.712e-04 4.280e-03 -1.000 9.727e-03 2.498 2.685 2.687 2.482 2.364 2.260 2.148 2.068 2.060
0.00970 1.00e+07 1.6538403034    1.654  0.925  3.9012  4.288    0  0.000  0.538     0.00     0.00 -1 -6.75e-17      0.00 7.238e-01 2.665e-01 1.726e-03 4.712e-04 4.280e-03 -1.000 9.727e-03 2.458 2.641 2.638 2.442 2.332 2.236 2.131 2.057 2.049
0.00970 1.00e+07 1.6852803230    1.685  0.988  3.9177  4.299    0  0.000  0.538     0.00     0.00 -1  -3.5e-26      0.00 7.238e-01 2.665e-01 1.726e-03 4.712e-04 4.280e-03 -1.000 9.727e-03 2.300 2.471 2.448 2.296 2.216 2.148 2.073 2.022 2.016
0.00970 1.00e+07 1.6941056252    1.694  1.007  3.9229  4.304    0  0.000  0.538     0.00     0.00 -1 -9.22e-29      0.00 7.238e-01 2.665e-01 1.726e-03 4.712e-04 4.280e-03 -1.000 9.727e-03 2.253 2.421 2.395 2.256 2.186 2.125 2.059 2.015 2.009
0.00970 1.00e+07 1.7029558420    1.702  1.026  3.9282  4.308    0  0.000  0.538     0.00     0.00 -1 -4.08e-29      0.00 7.238e-01 2.665e-01 1.726e-03 4.712e-04 4.280e-03 -1.000 9.727e-03 2.206 2.371 2.343 2.217 2.156 2.104 2.046 2.009 2.002
0.00970 1.00e+07 1.7373449802    1.737  1.085  3.9472  4.334    0  0.000  0.538     0.00     0.00 -1 -1.79e-30      0.00 7.238e-01 2.665e-01 1.726e-03 4.712e-04 4.280e-03 -1.000 9.722e-03 2.059 2.214 2.192 2.110 2.078 2.050 2.022 2.003 1.999
0.00970 1.00e+07 1.7437953949    1.743  1.094  3.9505  4.339    0  0.000  0.538     0.00     0.00 -1    -1e-30      0.00 7.238e-01 2.665e-01 1.726e-03 4.712e-04 4.280e-03 -1.000 9.719e-03 2.035 2.189 2.171 2.096 2.067 2.043 2.020 2.004 2.000
0.00970 1.00e+07 1.7453842163    1.745  1.096  3.9513  4.341    0  0.000  0.538     0.00     0.00 -1    -1e-30      0.00 7.238e-01 2.665e-01 1.726e-03 4.712e-04 4.280e-03 -1.000 9.719e-03 2.029 2.183 2.166 2.093 2.065 2.042 2.019 2.004 2.001
0.00970 1.00e+07 1.7934851646    1.793  1.132  3.9654  4.373    0  0.000  0.538     0.00     0.00 -1    -1e-30      0.00 7.238e-01 2.664e-01 1.726e-03 4.712e-04 4.280e-03 -1.000 9.727e-03 1.940 2.092 2.098 2.050 2.037 2.028 2.025 2.020 2.019
0.00970 1.00e+07 1.8431749344    1.842  1.169  3.9767  4.393    0  0.000  0.538     0.00     0.00 -1    -1e-30      0.00 7.239e-01 2.664e-01 1.726e-03 4.712e-04 4.279e-03 -1.000 9.727e-03 1.847 2.001 2.029 1.999 1.996 1.998 2.009 2.011 2.012
0.00970 1.00e+07 1.8948794603    1.894  1.199  3.9853  4.409    0  0.000  0.538     0.00     0.00 -1    -1e-30      0.00 7.239e-01 2.664e-01 1.726e-03 4.712e-04 4.279e-03 -1.000 9.727e-03 1.772 1.930 1.978 1.960 1.963 1.971 1.993 1.999 2.002
0.00970 1.00e+07 1.9004822969    1.900  1.203  3.9861  4.410    0  0.000  0.538     0.00     0.00 -1    -1e-30      0.00 7.239e-01 2.664e-01 1.726e-03 4.712e-04 4.279e-03 -1.000 9.727e-03 1.763 1.921 1.971 1.955 1.959 1.967 1.990 1.996 2.000
0.00970 1.00e+07 1.9465835094    1.946  1.245  3.9947  4.413    0  0.000  0.538     0.00     0.00 -1    -1e-30      0.00 7.238e-01 2.664e-01 1.725e-03 4.711e-04 4.280e-03 -1.000 9.727e-03 1.658 1.820 1.891 1.888 1.897 1.912 1.944 1.955 1.960
0.00970 1.00e+07 1.9982879162    1.999  1.290  4.0037  4.416    0  0.000  0.538     0.00     0.00 -1    -1e-30      0.00 7.239e-01 2.664e-01 1.725e-03 4.711e-04 4.279e-03 -1.000 9.715e-03 1.545 1.711 1.807 1.817 1.831 1.851 1.894 1.909 1.917
0.00970 1.00e+07 2.0499920845    2.050  1.334  4.0122  4.417    0  0.000  0.538     0.00     0.00 -1    -1e-30      0.00 7.239e-01 2.664e-01 1.725e-03 4.711e-04 4.279e-03 -1.000 9.656e-03 1.436 1.607 1.728 1.748 1.767 1.792 1.844 1.862 1.872
0.00970 1.00e+07 2.1016964912    2.101  1.376  4.0206  4.418    0  0.000  0.538     0.00     0.00 -1    -1e-30      0.00 7.239e-01 2.664e-01 1.725e-03 4.711e-04 4.279e-03 -1.000 9.726e-03 1.329 1.507 1.652 1.683 1.704 1.734 1.796 1.817 1.829
0.00970 1.00e+07 2.1534006596    2.152  1.418  4.0286  4.419    0  0.000  0.538     0.00     0.00 -1    -1e-30      0.00 7.239e-01 2.664e-01 1.725e-03 4.711e-04 4.279e-03 -1.000 9.727e-03 1.224 1.409 1.579 1.618 1.643 1.677 1.747 1.770 1.785
0.00970 1.00e+07 2.2051050663    2.204  1.459  4.0363  4.420    0  0.000  0.538     0.00     0.00 -1    -1e-30      0.00 7.239e-01 2.664e-01 1.725e-03 4.711e-04 4.279e-03 -1.000 9.727e-03 1.123 1.315 1.509 1.556 1.584 1.621 1.699 1.725 1.742
0.00970 1.00e+07 2.2568092346    2.256  1.498  4.0437  4.420    0  0.000  0.538     0.00     0.00 -1    -1e-30      0.00 7.239e-01 2.664e-01 1.725e-03 4.711e-04 4.279e-03 -1.000 9.727e-03 1.025 1.226 1.443 1.497 1.527 1.567 1.653 1.681 1.700
0.00970 1.00e+07 2.3085136414    2.307  1.536  4.0509  4.420    0  0.000  0.538     0.00     0.00 -1    -1e-30      0.00 7.239e-01 2.664e-01 1.725e-03 4.711e-04 4.279e-03 -1.000 9.726e-03 0.929 1.139 1.378 1.439 1.471 1.514 1.607 1.637 1.658
0.00970 1.00e+07 2.3602178097    2.359  1.573  4.0578  4.420    0  0.000  0.538     0.00     0.00 -1    -1e-30      0.00 7.239e-01 2.664e-01 1.725e-03 4.710e-04 4.279e-03 -1.000 9.726e-03 0.837 1.056 1.316 1.382 1.416 1.462 1.562 1.594 1.617
0.00970 1.00e+07 2.4119219780    2.411  1.610  4.0644  4.420    0  0.000  0.538     0.00     0.00 -1    -1e-30      0.00 7.239e-01 2.664e-01 1.725e-03 4.711e-04 4.279e-03 -1.000 9.723e-03 0.746 0.975 1.256 1.328 1.363 1.412 1.518 1.552 1.576
0.00970 1.00e+07 2.4636263847    2.462  1.644  4.0707  4.420    0  0.000  0.538     0.00     0.00 -1    -1e-30      0.00 7.239e-01 2.664e-01 1.725e-03 4.711e-04 4.279e-03 -1.000 9.723e-03 0.660 0.899 1.199 1.275 1.312 1.363 1.475 1.511 1.537
0.00970 1.00e+07 2.6704435349    2.669  1.777  4.0945  4.418    1  0.000  0.538     0.00     0.00 -1    -1e-30      0.00 7.238e-01 2.665e-01 1.727e-03 4.713e-04 4.281e-03 -1.000 9.727e-03 0.328 0.611 0.982 1.073 1.115 1.175 1.309 1.350 1.382
0.00970 1.00e+07 2.8772606850    2.877  1.899  4.1157  4.413    0  0.000  0.538     0.00     0.00 -1    -1e-30      0.00 7.238e-01 2.665e-01 1.727e-03 4.713e-04 4.281e-03 -1.000 9.727e-03 0.022 0.352 0.783 0.885 0.933 0.999 1.151 1.198 1.233
0.00970 1.00e+07 3.0840775967    3.083  2.013  4.1350  4.406    0  0.000  0.538     0.00     0.00 -1    -1e-30      0.00 7.238e-01 2.665e-01 1.727e-03 4.713e-04 4.281e-03 -1.000 9.727e-03 -0.262 0.119 0.599 0.711 0.763 0.836 1.003 1.054 1.093
0.00970 1.00e+07 3.2908947468    3.289  2.118  4.1523  4.399    1  0.000  0.538     0.00     0.00 -1    -1e-30      0.00 7.238e-01 2.665e-01 1.727e-03 4.713e-04 4.281e-03 -1.000 9.727e-03 -0.524 -0.094 0.428 0.550 0.605 0.684 0.864 0.918 0.961
0.00970 1.00e+07 3.4977121353    3.495  2.217  4.1691  4.393    1  0.000  0.538     0.00     0.00 -1    -1e-30      0.00 7.238e-01 2.665e-01 1.727e-03 4.713e-04 4.281e-03 -1.000 9.727e-03 -0.771 -0.290 0.271 0.401 0.460 0.544 0.736 0.794 0.840
0.00970 1.00e+07 3.7045288086    3.702  2.309  4.1840  4.386    1  0.000  0.538     0.00     0.00 -1    -1e-30      0.00 7.238e-01 2.665e-01 1.727e-03 4.713e-04 4.281e-03 -1.000 9.727e-03 -1.002 -0.472 0.121 0.259 0.322 0.409 0.612 0.674 0.722
0.00970 1.00e+07 3.9113461971    3.910  2.395  4.1974  4.377    1  0.000  0.538     0.00     0.00 -1    -1e-30      0.00 7.238e-01 2.665e-01 1.727e-03 4.713e-04 4.281e-03 -1.000 9.727e-03 -1.218 -0.643 -0.022 0.123 0.189 0.280 0.492 0.557 0.607
0.00970 1.00e+07 4.1181631088    4.117  2.477  4.2106  4.370    1  0.000  0.538     0.00     0.00 -1    -1e-30      0.00 7.238e-01 2.665e-01 1.727e-03 4.713e-04 4.281e-03 -1.000 9.727e-03 -1.423 -0.801 -0.155 -0.003 0.066 0.161 0.383 0.450 0.503
0.00970 1.00e+07 4.3249802589    4.323  2.554  4.2223  4.361    1  0.000  0.538     0.00     0.00 -1    -1e-30      0.00 7.238e-01 2.665e-01 1.727e-03 4.713e-04 4.281e-03 -1.000 9.727e-03 -1.616 -0.953 -0.284 -0.126 -0.054 0.045 0.274 0.343 0.398
0.00970 1.00e+07 4.5317978859    4.529  2.629  4.2340  4.354    1  0.000  0.538     0.00     0.00 -1    -1e-30      0.00 7.238e-01 2.665e-01 1.727e-03 4.713e-04 4.281e-03 -1.000 9.727e-03 -1.802 -1.096 -0.405 -0.241 -0.167 -0.064 0.173 0.244 0.301
0.00970 1.00e+07 4.7386150360    4.737  2.699  4.2449  4.346    1  0.000  0.538     0.00     0.00 -1    -1e-30      0.00 7.238e-01 2.665e-01 1.727e-03 4.713e-04 4.281e-03 -1.000 9.727e-03 -1.978 -1.232 -0.521 -0.352 -0.275 -0.169 0.075 0.149 0.207
0.00970 1.00e+07 4.9454317093    4.945  2.767  4.2555  4.339    1  0.000  0.538     0.00     0.00 -1    -1e-30      0.00 7.238e-01 2.665e-01 1.727e-03 4.713e-04 4.281e-03 -1.000 9.727e-03 -2.147 -1.362 -0.632 -0.458 -0.378 -0.269 -0.018 0.057 0.118
0.00970 1.00e+07 5.1522483826    5.152  2.831  4.2654  4.332    1  0.000  0.538     0.00     0.00 -1    -1e-30      0.00 7.238e-01 2.665e-01 1.727e-03 4.713e-04 4.281e-03 -1.000 9.727e-03 -2.308 -1.487 -0.740 -0.561 -0.478 -0.366 -0.109 -0.032 0.031
0.00970 1.00e+07 5.3590660095    5.360  2.893  4.2746  4.325    1  0.000  0.538     0.00     0.00 -1    -1e-30      0.00 7.238e-01 2.665e-01 1.727e-03 4.713e-04 4.281e-03 -1.000 9.727e-03 -2.463 -1.608 -0.844 -0.660 -0.576 -0.460 -0.198 -0.119 -0.054
0.00970 1.00e+07 5.5658826828    5.567  2.953  4.2835  4.317    1  0.000  0.538     0.00     0.00 -1    -1e-30      0.00 7.238e-01 2.665e-01 1.727e-03 4.713e-04 4.281e-03 -1.000 9.727e-03 -2.611 -1.723 -0.944 -0.756 -0.670 -0.552 -0.284 -0.203 -0.137
0.00970 1.00e+07 5.7727003098    5.774  3.010  4.2921  4.310    1  0.000  0.538     0.00     0.00 -1    -1e-30      0.00 7.238e-01 2.665e-01 1.727e-03 4.713e-04 4.281e-03 -1.000 9.727e-03 -2.755 -1.835 -1.041 -0.849 -0.760 -0.640 -0.367 -0.284 -0.216
0.00970 1.00e+07 5.9086761475    5.910  3.047  4.2975  4.305    1  0.000  0.538     0.00     0.00 -1    -1e-30      0.00 7.238e-01 2.665e-01 1.727e-03 4.713e-04 4.281e-03 -1.000 9.727e-03 -2.846 -1.907 -1.103 -0.909 -0.819 -0.696 -0.420 -0.336 -0.268
0.00970 1.00e+07 5.9703021049    5.972  3.063  4.2999  4.303    1  0.000  0.538     0.00     0.00 -1    -1e-30      0.00 7.238e-01 2.665e-01 1.727e-03 4.713e-04 4.281e-03 -1.000 9.727e-03 -2.887 -1.939 -1.131 -0.936 -0.845 -0.722 -0.444 -0.360 -0.291
0.00970 1.00e+07 6.0671143532    6.068  3.088  4.3036  4.300    1  0.000  0.538     0.00     0.00 -1    -1e-30      0.00 7.238e-01 2.665e-01 1.727e-03 4.713e-04 4.281e-03 -1.000 9.727e-03 -2.950 -1.989 -1.174 -0.977 -0.886 -0.761 -0.481 -0.396 -0.327
0.00970 1.00e+07 6.1679029465    6.169  3.114  4.3074  4.296    1  0.000  0.538     0.00     0.00 -1    -1e-30      0.00 7.238e-01 2.665e-01 1.727e-03 4.713e-04 4.281e-03 -1.000 9.727e-03 -3.015 -2.039 -1.218 -1.020 -0.927 -0.802 -0.519 -0.433 -0.363
0.00970 1.00e+07 6.3655042648    6.366  3.163  4.3147  4.289    1  0.000  0.538     0.00     0.00 -1    -1e-30      0.00 7.238e-01 2.665e-01 1.727e-03 4.713e-04 4.281e-03 -1.000 9.727e-03 -3.138 -2.136 -1.303 -1.101 -1.007 -0.880 -0.592 -0.505 -0.433
0.00970 1.00e+07 6.5631055832    6.557  3.210  4.3214  4.283    1  0.000  0.538     0.00     0.00 -1    -1e-30      0.00 7.238e-01 2.665e-01 1.727e-03 4.713e-04 4.281e-03 -1.000 9.727e-03 -3.254 -2.228 -1.383 -1.178 -1.082 -0.953 -0.661 -0.573 -0.500
0.00970 1.00e+07 6.6836252213    6.677  3.238  4.3255  4.279    1  0.000  0.538     0.00     0.00 -1    -1e-30      0.00 7.238e-01 2.665e-01 1.727e-03 4.713e-04 4.281e-03 -1.000 9.727e-03 -3.325 -2.284 -1.432 -1.225 -1.129 -0.998 -0.704 -0.614 -0.541
0.00970 1.00e+07 7.1559100151    7.145  3.345  4.3408  4.263    1  0.000  0.538     0.00     0.00 -1    -1e-30      0.00 7.238e-01 2.665e-01 1.727e-03 4.713e-04 4.281e-03 -1.000 9.727e-03 -3.591 -2.495 -1.618 -1.405 -1.305 -1.169 -0.866 -0.773 -0.696
0.00970 1.00e+07 7.4876465797    7.478  3.415  4.3507  4.251    1  0.000  0.538     0.00     0.00 -1    -1e-30      0.00 7.238e-01 2.665e-01 1.727e-03 4.713e-04 4.281e-03 -1.000 9.727e-03 -3.769 -2.637 -1.744 -1.526 -1.423 -1.285 -0.976 -0.881 -0.802
0.00970 1.00e+07 8.1439170837    8.138  3.549  4.3691  4.228    1  0.000  0.538     0.00     0.00 -1    -1e-30      0.00 7.238e-01 2.665e-01 1.727e-03 4.713e-04 4.281e-03 -1.000 9.727e-03 -4.102 -2.906 -1.983 -1.757 -1.651 -1.508 -1.188 -1.088 -1.005
0.00970 1.00e+07 8.5902938843    8.583  3.633  4.3802  4.212    1  0.000  0.538     0.00     0.00 -1    -1e-30      0.00 7.238e-01 2.665e-01 1.727e-03 4.713e-04 4.281e-03 -1.000 9.727e-03 -4.312 -3.076 -2.136 -1.906 -1.798 -1.651 -1.325 -1.222 -1.138
0.00970 1.00e+07 9.1319236755    9.123  3.731  4.3928  4.190    1  0.000  0.538     0.00     0.00 -1    -1e-30      0.00 7.238e-01 2.665e-01 1.727e-03 4.713e-04 4.281e-03 -1.000 9.727e-03 -4.558 -3.279 -2.318 -2.084 -1.973 -1.823 -1.489 -1.384 -1.296
0.00970 1.00e+07 9.3741788864    9.365  3.773  4.3980  4.181    1  0.000  0.538     0.00     0.00 -1    -1e-30      0.00 7.238e-01 2.665e-01 1.727e-03 4.713e-04 4.281e-03 -1.000 9.727e-03 -4.662 -3.365 -2.397 -2.160 -2.048 -1.897 -1.560 -1.453 -1.365
0.00970 1.00e+07 9.9391899109    9.930  3.867  4.4092  4.157    1  0.000  0.538     0.00     0.00 -1    -1e-30      0.00 7.238e-01 2.665e-01 1.727e-03 4.713e-04 4.281e-03 -1.000 9.727e-03 -4.897 -3.562 -2.577 -2.335 -2.220 -2.067 -1.724 -1.615 -1.525
0.00970 1.00e+07 10.1199302673   10.111  3.896  4.4125  4.149    1  0.000  0.538     0.00     0.00 -1    -1e-30      0.00 7.238e-01 2.665e-01 1.727e-03 4.713e-04 4.281e-03 -1.000 9.727e-03 -4.971 -3.624 -2.634 -2.391 -2.275 -2.121 -1.776 -1.667 -1.576
0.00970 1.00e+07 10.4180707932   10.402  3.941  4.4177  4.137    1  0.000  0.538     0.00     0.00 -1    -1e-30      0.00 7.238e-01 2.665e-01 1.727e-03 4.713e-04 4.281e-03 -1.000 9.727e-03 -5.083 -3.719 -2.722 -2.476 -2.360 -2.204 -1.856 -1.746 -1.653
0.00970 1.00e+07 10.9698591232   10.939  4.022  4.4266  4.114    1  0.000  0.538     0.00     0.00 -1    -1e-30      0.00 7.238e-01 2.665e-01 1.727e-03 4.713e-04 4.281e-03 -1.000 9.727e-03 -5.284 -3.891 -2.881 -2.632 -2.514 -2.355 -2.002 -1.890 -1.796
0.00970 1.00e+07 11.1079368591   11.073  4.042  4.4286  4.107    1  0.000  0.538     0.00     0.00 -1    -1e-30      0.00 7.238e-01 2.665e-01 1.727e-03 4.713e-04 4.281e-03 -1.000 9.727e-03 -5.334 -3.934 -2.921 -2.671 -2.552 -2.393 -2.039 -1.926 -1.832
0.00970 1.00e+07 11.3764572144   11.349  4.083  4.4326  4.093    1  0.000  0.538     0.00     0.00 -1 -1.95e-30      0.00 7.238e-01 2.665e-01 1.727e-03 4.713e-04 4.281e-03 -1.000 9.727e-03 -5.437 -4.025 -3.006 -2.753 -2.634 -2.474 -2.117 -2.004 -1.909
0.00970 1.00e+07 11.7384195328   11.723  4.138  4.4375  4.071    1  0.000  0.538     0.00     0.00 -1 -4.71e-30      0.00 7.238e-01 2.665e-01 1.727e-03 4.713e-04 4.281e-03 -1.000 9.727e-03 -5.575 -4.148 -3.122 -2.867 -2.747 -2.585 -2.226 -2.111 -2.015
0.00970 1.00e+07 12.0959444046   12.091  4.192  4.4418  4.048    1  0.000  0.538     0.00     0.00 -1 -1.09e-29      0.00 7.238e-01 2.665e-01 1.728e-03 4.713e-04 4.281e-03 -1.000 9.727e-03 -5.710 -4.271 -3.239 -2.981 -2.861 -2.697 -2.336 -2.220 -2.123
0.00970 1.00e+07 12.3876447678   12.379  4.231  4.4448  4.031    1  0.000  0.539     0.00     0.00 -1 -1.96e-26      0.00 7.238e-01 2.665e-01 1.731e-03 4.714e-04 4.281e-03 -1.000 9.727e-03 -5.808 -4.361 -3.324 -3.065 -2.944 -2.780 -2.416 -2.300 -2.203
0.00970 1.00e+07 12.9317207336   12.913  4.303  4.4498  3.997    1  0.000  0.541     0.00     0.00 -1 -1.47e-20      0.00 7.238e-01 2.665e-01 1.737e-03 4.715e-04 4.280e-03 -1.000 9.727e-03 -5.988 -4.529 -3.484 -3.223 -3.100 -2.935 -2.568 -2.451 -2.353
0.00970 1.00e+07 13.4370031357   13.407  4.369  4.4532  3.961    1  0.000  0.543     0.00     0.00 -1  -2.6e-15      0.00 7.238e-01 2.665e-01 1.742e-03 4.717e-04 4.280e-03 -1.000 9.727e-03 -6.153 -4.689 -3.637 -3.374 -3.251 -3.085 -2.716 -2.598 -2.499
0.00970 1.00e+07 13.8857622147   13.844  4.427  4.4551  3.924    1  0.000  0.544     0.00     0.00 -1  -8.4e-11      0.00 7.238e-01 2.665e-01 1.747e-03 4.718e-04 4.280e-03 -1.000 9.727e-03 -6.298 -4.834 -3.778 -3.515 -3.391 -3.224 -2.854 -2.736 -2.636
0.00970 1.00e+07 14.0719575882   14.026  4.451  4.4556  3.908    1  0.000  0.545     0.00     0.00 -1 -5.69e-09      0.00 7.238e-01 2.665e-01 1.749e-03 4.719e-04 4.280e-03 -1.000 9.727e-03 -6.358 -4.896 -3.838 -3.574 -3.450 -3.284 -2.913 -2.795 -2.695
0.00970 1.00e+07 14.3284873962   14.278  4.482  4.4560  3.887    1  0.000  0.545     0.00     0.00 -1 -6.54e-09      0.00 7.238e-01 2.665e-01 1.749e-03 4.719e-04 4.280e-03 -1.000 9.727e-03 -6.435 -4.975 -3.915 -3.651 -3.528 -3.361 -2.990 -2.872 -2.772
0.00970 1.00e+07 14.7913904190   14.732  4.538  4.4560  3.845    1  0.000  0.545     0.00     0.00 -1 -8.25e-09      0.00 7.238e-01 2.665e-01 1.749e-03 4.719e-04 4.280e-03 -1.000 9.727e-03 -6.574 -5.120 -4.058 -3.794 -3.671 -3.504 -3.133 -3.015 -2.915
0.00970 1.00e+07 15.1779413223   15.110  4.584  4.4546  3.804    1  0.000  0.545     0.00     0.00 -1 -9.97e-09      0.00 7.238e-01 2.665e-01 1.749e-03 4.719e-04 4.280e-03 -1.000 9.727e-03 -6.690 -5.248 -4.185 -3.921 -3.799 -3.633 -3.262 -3.144 -3.044
0.00970 1.00e+07 15.6642847061   15.584  4.642  4.4512  3.745    1  0.000  0.545     0.00     0.00 -1 -1.25e-08      0.00 7.238e-01 2.665e-01 1.749e-03 4.719e-04 4.280e-03 -1.000 9.727e-03 -6.836 -5.414 -4.351 -4.089 -3.968 -3.803 -3.434 -3.316 -3.217
0.00970 1.00e+07 16.0479717255   15.956  4.688  4.4471  3.693    1  0.000  0.545     0.00     0.00 -1 -1.46e-08      0.00 7.238e-01 2.665e-01 1.749e-03 4.719e-04 4.280e-03 -1.000 9.727e-03 -6.950 -5.549 -4.488 -4.228 -4.108 -3.944 -3.577 -3.460 -3.361
0.00970 1.00e+07 16.2659358978   16.163  4.712  4.4443  3.664    1  0.000  0.545     0.00     0.00 -1 -1.58e-08      0.00 7.238e-01 2.665e-01 1.749e-03 4.719e-04 4.280e-03 -1.000 9.727e-03 -7.010 -5.622 -4.563 -4.304 -4.184 -4.021 -3.656 -3.539 -3.441
0.00970 1.00e+07 16.6496410370   16.526  4.756  4.4371  3.601    1  0.000  0.545     0.00     0.00 -1 -1.77e-08      0.00 7.238e-01 2.665e-01 1.749e-03 4.719e-04 4.280e-03 -1.000 9.727e-03 -7.119 -5.762 -4.710 -4.453 -4.335 -4.174 -3.812 -3.697 -3.600
0.00970 1.00e+07 17.0061264038   16.862  4.796  4.4286  3.535    1  0.000  0.545     0.00     0.00 -1 -1.93e-08      0.00 7.238e-01 2.665e-01 1.749e-03 4.719e-04 4.280e-03 -1.000 9.727e-03 -7.220 -5.899 -4.855 -4.601 -4.485 -4.327 -3.969 -3.856 -3.760
0.00970 1.00e+07 17.3490657806   17.185  4.835  4.4186  3.465    1  0.000  0.545     0.00     0.00 -1 -2.04e-08      0.00 7.238e-01 2.665e-01 1.749e-03 4.719e-04 4.280e-03 -1.000 9.727e-03 -7.317 -6.037 -5.002 -4.753 -4.639 -4.484 -4.132 -4.021 -3.927
0.00970 1.00e+07 17.6342735291   17.452  4.868  4.4078  3.396    1  0.000  0.545     0.00     0.00 -1 -2.09e-08      0.00 7.238e-01 2.665e-01 1.749e-03 4.719e-04 4.280e-03 -1.000 9.727e-03 -7.399 -6.171 -5.141 -4.898 -4.788 -4.637 -4.290 -4.182 -4.090
0.00970 1.00e+07 17.8943309784   17.697  4.898  4.3971  3.328    1  0.000  0.545     0.00     0.00 -1  -2.1e-08      0.00 7.238e-01 2.665e-01 1.749e-03 4.719e-04 4.280e-03 -1.000 9.727e-03 -7.476 -6.296 -5.274 -5.036 -4.929 -4.782 -4.440 -4.334 -4.244
0.00970 1.00e+07 18.0239849091   17.819  4.914  4.3930  3.298    1  0.000  0.545     0.00     0.00 -1 -2.14e-08      0.00 7.238e-01 2.665e-01 1.749e-03 4.719e-04 4.280e-03 -1.000 9.727e-03 -7.516 -6.355 -5.336 -5.099 -4.994 -4.848 -4.508 -4.403 -4.314
0.00970 1.00e+07 18.1751213074   17.960  4.932  4.3882  3.265    1  0.000  0.545     0.00     0.00 -1 -2.18e-08      0.00 7.238e-01 2.665e-01 1.749e-03 4.719e-04 4.280e-03 -1.000 9.727e-03 -7.559 -6.419 -5.404 -5.170 -5.066 -4.922 -4.584 -4.480 -4.392
0.00970 1.00e+07 18.2072372437   17.990  4.935  4.3873  3.259    1  0.000  0.545     0.00     0.00 -1 -2.19e-08      0.00 7.238e-01 2.665e-01 1.749e-03 4.719e-04 4.280e-03 -1.000 9.727e-03 -7.569 -6.433 -5.418 -5.184 -5.081 -4.937 -4.600 -4.496 -4.408
0.00970 1.00e+07 18.3408222198   18.115  4.956  4.3978  3.283    1  0.000  0.545     0.00     0.00 -1 -2.74e-08      0.00 7.238e-01 2.665e-01 1.749e-03 4.719e-04 4.280e-03 -1.000 9.727e-03 -7.619 -6.445 -5.417 -5.179 -5.074 -4.927 -4.584 -4.478 -4.388
0.00970 1.00e+07 18.3668155670   18.140  4.964  4.4084  3.318    1  0.000  0.545     0.00     0.00 -1 -3.24e-08      0.00 7.238e-01 2.665e-01 1.749e-03 4.719e-04 4.280e-03 -1.000 9.727e-03 -7.641 -6.426 -5.386 -5.144 -5.036 -4.886 -4.538 -4.430 -4.337
0.00970 1.00e+07 18.3771400452   18.149  4.973  4.4185  3.349    1  0.000  0.545     0.00     0.00 -1  -3.8e-08      0.00 7.238e-01 2.665e-01 1.749e-03 4.719e-04 4.280e-03 -1.000 9.727e-03 -7.663 -6.400 -5.355 -5.108 -4.996 -4.842 -4.489 -4.378 -4.284
0.00970 1.00e+07 18.3826541901   18.154  4.988  4.4305  3.383    1  0.000  0.545     0.00     0.00 -1 -4.68e-08      0.00 7.238e-01 2.665e-01 1.749e-03 4.719e-04 4.280e-03 -1.000 9.727e-03 -7.700 -6.385 -5.332 -5.078 -4.962 -4.804 -4.445 -4.331 -4.235
0.00970 1.00e+07 18.3854045868   18.157  5.003  4.4410  3.410    1  0.000  0.545     0.00     0.00 -1 -5.66e-08      0.00 7.238e-01 2.665e-01 1.749e-03 4.719e-04 4.280e-03 -1.000 9.727e-03 -7.737 -6.384 -5.321 -5.062 -4.944 -4.782 -4.417 -4.300 -4.203
0.00970 1.00e+07 18.3864974976   18.158  5.004  4.4430  3.417    1  0.000  0.545     0.00     0.00 -1 -5.83e-08      0.00 7.238e-01 2.665e-01 1.749e-03 4.719e-04 4.280e-03 -1.000 9.727e-03 -7.740 -6.382 -5.315 -5.056 -4.937 -4.775 -4.409 -4.292 -4.194
0.00970 1.00e+07 18.3900184631   18.161  4.990  4.4330  3.391    2  0.000  0.545     0.00     0.00 -1    -5e-08      0.00 7.238e-01 2.665e-01 1.749e-03 4.719e-04 4.280e-03 -1.000 9.727e-03 -7.706 -6.381 -5.326 -5.071 -4.954 -4.795 -4.434 -4.320 -4.223
0.00970 1.00e+07 18.3916606903   18.162  4.987  4.4202  3.343    2  0.000  0.545     0.00     0.00 -1 -4.28e-08      0.00 7.238e-01 2.665e-01 1.749e-03 4.719e-04 4.280e-03 -1.000 9.727e-03 -7.698 -6.428 -5.382 -5.133 -5.021 -4.867 -4.513 -4.401 -4.307
0.00970 1.00e+07 18.3928508759   18.163  4.989  4.4089  3.296    2  0.000  0.545     0.00     0.00 -1 -3.77e-08      0.00 7.238e-01 2.665e-01 1.749e-03 4.719e-04 4.280e-03 -1.000 9.727e-03 -7.703 -6.491 -5.448 -5.206 -5.098 -4.949 -4.600 -4.492 -4.399
0.00970 1.00e+07 18.3940811157   18.165  4.995  4.3960  3.239    2  0.000  0.545     0.00     0.00 -1 -3.32e-08      0.00 7.238e-01 2.665e-01 1.749e-03 4.719e-04 4.280e-03 -1.000 9.727e-03 -7.717 -6.556 -5.527 -5.290 -5.185 -5.039 -4.697 -4.591 -4.501
0.00970 1.00e+07 18.3949565887   18.166  4.999  4.3859  3.194    2  0.000  0.545     0.00     0.00 -1    -3e-08      0.00 7.238e-01 2.665e-01 1.749e-03 4.719e-04 4.280e-03 -1.000 9.727e-03 -7.728 -6.608 -5.589 -5.356 -5.254 -5.110 -4.774 -4.670 -4.582
0.00970 1.00e+07 18.3960304260   18.167  5.003  4.3726  3.137    2  0.000  0.545     0.00     0.00 -1 -2.58e-08      0.00 7.238e-01 2.665e-01 1.749e-03 4.719e-04 4.280e-03 -1.000 9.727e-03 -7.737 -6.670 -5.667 -5.439 -5.340 -5.201 -4.871 -4.771 -4.684
0.00970 1.00e+07 18.3967590332   18.167  5.005  4.3631  3.097    2  0.000  0.545     0.00     0.00 -1  -5.9e-08      0.00 7.238e-01 2.665e-01 1.749e-03 4.719e-04 4.280e-03 -1.000 9.727e-03 -7.742 -6.713 -5.720 -5.496 -5.400 -5.263 -4.938 -4.840 -4.755
0.00970 1.00e+07 18.3976783752   18.168  5.007  4.3505  3.044    2  0.000  0.545     0.00     0.00 -1 -3.57e-07      0.00 7.238e-01 2.665e-01 1.749e-03 4.719e-04 4.280e-03 -1.000 9.727e-03 -7.747 -6.767 -5.791 -5.572 -5.478 -5.344 -5.026 -4.930 -4.848
0.00970 1.00e+07 18.3984050751   18.168  5.008  4.3400  3.001    2  0.000  0.545     0.00     0.00 -1 -3.84e-07      0.00 7.238e-01 2.665e-01 1.749e-03 4.719e-04 4.280e-03 -1.000 9.727e-03 -7.750 -6.811 -5.848 -5.633 -5.541 -5.410 -5.098 -5.004 -4.923
0.00970 1.00e+07 18.3991432190   18.169  5.009  4.3286  2.954    2  0.000  0.545     0.00     0.00 -1 -4.76e-07      0.00 7.238e-01 2.665e-01 1.749e-03 4.719e-04 4.280e-03 -1.000 9.727e-03 -7.753 -6.849 -5.908 -5.696 -5.606 -5.478 -5.172 -5.080 -5.001
0.00970 1.00e+07 18.3997097015   18.169  5.010  4.3195  2.917    2  0.000  0.545     0.00     0.00 -1 -4.83e-07      0.00 7.238e-01 2.665e-01 1.749e-03 4.719e-04 4.280e-03 -1.000 9.727e-03 -7.754 -6.879 -5.955 -5.746 -5.657 -5.531 -5.231 -5.141 -5.064
0.00970 1.00e+07 18.4002876282   18.169  5.010  4.3097  2.878    2  0.000  0.545     0.00     0.00 -1 -4.68e-07      0.00 7.238e-01 2.665e-01 1.749e-03 4.719e-04 4.280e-03 -1.000 9.727e-03 -7.756 -6.912 -6.006 -5.800 -5.713 -5.590 -5.296 -5.208 -5.133
0.00970 1.00e+07 18.4008522034   18.169  5.011  4.2996  2.837    2  0.000  0.545     0.00     0.00 -1 -4.58e-07      0.00 7.238e-01 2.665e-01 1.749e-03 4.719e-04 4.280e-03 -1.000 9.727e-03 -7.757 -6.947 -6.057 -5.855 -5.771 -5.651 -5.362 -5.277 -5.205
0.00970 1.00e+07 18.4014263153   18.170  5.011  4.2890  2.794    2  0.000  0.545     0.00     0.00 -1 -4.49e-07      0.00 7.238e-01 2.665e-01 1.749e-03 4.719e-04 4.280e-03 -1.000 9.727e-03 -7.757 -6.997 -6.113 -5.917 -5.837 -5.722 -5.440 -5.357 -5.286
0.00970 1.00e+07 18.4020099640   18.170  5.011  4.2775  2.748    2  0.000  0.545     0.00     0.00 -1 -4.39e-07      0.00 7.238e-01 2.665e-01 1.749e-03 4.719e-04 4.280e-03 -1.000 9.727e-03 -7.758 -7.051 -6.173 -5.984 -5.910 -5.799 -5.523 -5.444 -5.374
0.00970 1.00e+07 18.4026107788   18.171  5.011  4.2652  2.699    2  0.000  0.545     0.00     0.00 -1 -4.24e-07      0.00 7.238e-01 2.665e-01 1.749e-03 4.719e-04 4.280e-03 -1.000 9.727e-03 -7.758 -7.102 -6.237 -6.055 -5.984 -5.878 -5.609 -5.533 -5.466
0.00970 1.00e+07 18.4032287598   18.171  5.011  4.2517  2.645    2  0.000  0.545     0.00     0.00 -1  -4.1e-07      0.00 7.238e-01 2.665e-01 1.749e-03 4.719e-04 4.280e-03 -1.000 9.727e-03 -7.758 -7.150 -6.306 -6.130 -6.063 -5.961 -5.701 -5.628 -5.564
0.00970 1.00e+07 18.4036560059   18.172  5.011  4.2419  2.606    2  0.000  0.545     0.00     0.00 -1 -4.01e-07      0.00 7.238e-01 2.665e-01 1.749e-03 4.719e-04 4.280e-03 -1.000 9.727e-03 -7.757 -7.184 -6.356 -6.184 -6.119 -6.022 -5.767 -5.697 -5.634
0.00970 1.00e+07 18.4041023254   18.172  5.010  4.2313  2.564    2  0.000  0.545     0.00     0.00 -1 -3.88e-07      0.00 7.238e-01 2.665e-01 1.749e-03 4.719e-04 4.280e-03 -1.000 9.727e-03 -7.756 -7.221 -6.411 -6.243 -6.181 -6.087 -5.840 -5.773 -5.712
0.00970 1.00e+07 18.4045734406   18.172  5.010  4.2195  2.517    2  0.000  0.545     0.00     0.00 -1 -3.78e-07      0.00 7.238e-01 2.665e-01 1.749e-03 4.719e-04 4.280e-03 -1.000 9.727e-03 -7.755 -7.261 -6.471 -6.308 -6.250 -6.160 -5.921 -5.856 -5.798
0.00970 1.00e+07 18.4050960541   18.173  5.009  4.2057  2.463    2  0.000  0.545     0.00     0.00 -1 -3.66e-07      0.00 7.238e-01 2.665e-01 1.749e-03 4.719e-04 4.280e-03 -1.000 9.727e-03 -7.753 -7.303 -6.541 -6.383 -6.329 -6.244 -6.014 -5.954 -5.898
0.00970 1.00e+07 18.4057159424   18.173  5.008  4.1882  2.394    2  0.000  0.545     0.00     0.00 -1 -3.49e-07      0.00 7.238e-01 2.665e-01 1.749e-03 4.719e-04 4.280e-03 -1.000 9.727e-03 -7.751 -7.354 -6.629 -6.478 -6.428 -6.350 -6.133 -6.076 -6.024
0.00970 1.00e+07 18.4060802460   18.173  5.008  4.1775  2.351    2  0.000  0.545     0.00     0.00 -1 -3.42e-07      0.00 7.238e-01 2.665e-01 1.749e-03 4.719e-04 4.280e-03 -1.000 9.727e-03 -7.749 -7.386 -6.683 -6.537 -6.490 -6.416 -6.206 -6.153 -6.102
0.00970 1.00e+07 18.4064903259   18.174  5.007  4.1647  2.301    2  0.000  0.545     0.00     0.00 -1 -3.32e-07      0.00 7.238e-01 2.665e-01 1.749e-03 4.719e-04 4.280e-03 -1.000 9.727e-03 -7.747 -7.429 -6.742 -6.605 -6.563 -6.495 -6.294 -6.244 -6.195
0.00970 1.00e+07 18.4069461823   18.174  5.006  4.1500  2.243    2  0.000  0.545     0.00     0.00 -1 -3.16e-07      0.00 7.238e-01 2.665e-01 1.749e-03 4.719e-04 4.280e-03 -1.000 9.727e-03 -7.745 -7.482 -6.807 -6.681 -6.647 -6.587 -6.395 -6.350 -6.305
0.00970 1.00e+07 18.4074573517   18.174  5.005  4.1325  2.174    2  0.000  0.545     0.00     0.00 -1 -3.04e-07      0.00 7.238e-01 2.665e-01 1.749e-03 4.719e-04 4.280e-03 -1.000 9.727e-03 -7.742 -7.529 -6.896 -6.778 -6.748 -6.693 -6.515 -6.475 -6.432
0.00970 1.00e+07 18.4080257416   18.175  5.004  4.1116  2.092    2  0.000  0.545     0.00     0.00 -1 -2.88e-07      0.00 7.238e-01 2.665e-01 1.749e-03 4.719e-04 4.280e-03 -1.000 9.727e-03 -7.739 -7.569 -7.014 -6.898 -6.868 -6.818 -6.658 -6.620 -6.581
0.00970 1.00e+07 18.4086647034   18.176  5.002  4.0868  1.994    2  0.000  0.545     0.00     0.00 -1 -2.81e-07      0.00 7.238e-01 2.665e-01 1.749e-03 4.719e-04 4.280e-03 -1.000 9.727e-03 -7.736 -7.628 -7.137 -7.031 -7.008 -6.967 -6.827 -6.797 -6.762
0.00970 1.00e+07 18.4092426300   18.176  5.001  4.0626  1.899    2  0.000  0.545     0.00     0.00 -1 -2.78e-07      0.00 7.238e-01 2.665e-01 1.749e-03 4.719e-04 4.280e-03 -1.000 9.727e-03 -7.733 -7.707 -7.222 -7.143 -7.137 -7.113 -6.991 -6.971 -6.941
0.00970 1.00e+07 18.4098911285   18.176  5.000  4.0337  1.784    2  0.000  0.545     0.00     0.00 -1 -4.23e-07      0.00 7.238e-01 2.665e-01 1.749e-03 4.719e-04 4.280e-03 -1.000 9.727e-03 -7.730 -7.750 -7.354 -7.288 -7.289 -7.277 -7.183 -7.171 -7.146
0.00970 1.00e+07 18.4106140137   18.176  4.999  3.9988  1.646    2  0.000  0.545     0.00     0.00 -1 -1.33e-06      0.00 7.238e-01 2.665e-01 1.749e-03 4.719e-04 4.280e-03 -1.000 9.727e-03 -7.727 -7.770 -7.505 -7.453 -7.460 -7.461 -7.407 -7.406 -7.387
0.00970 1.00e+07 18.4114246368   18.175  4.997  3.9567  1.479    2  0.000  0.545     0.00     0.00 -1 -2.33e-06      0.00 7.238e-01 2.665e-01 1.749e-03 4.719e-04 4.280e-03 -1.000 9.727e-03 -7.723 -7.774 -7.636 -7.621 -7.647 -7.673 -7.671 -7.689 -7.680
0.00970 1.00e+07 18.4122848511   18.174  4.995  3.9094  1.292    2  0.000  0.545     0.00     0.00 -1 -2.42e-06      0.00 7.238e-01 2.665e-01 1.749e-03 4.719e-04 4.280e-03 -1.000 9.727e-03 -7.717 -7.707 -7.734 -7.770 -7.820 -7.882 -7.953 -7.998 -8.004
0.00970 1.00e+07 18.4131584167   18.174  4.991  3.8582  1.091    2  0.000  0.545     0.00     0.00 -1 -2.15e-06      0.00 7.238e-01 2.665e-01 1.749e-03 4.719e-04 4.280e-03 -1.000 9.727e-03 -7.708 -7.483 -7.686 -7.821 -7.935 -8.062 -8.243 -8.343 -8.366
0.00970 1.00e+07 18.4140110016   18.174  4.985  3.8038  0.880    2  0.000  0.545     0.00     0.00 -1 -1.84e-06      0.00 7.238e-01 2.665e-01 1.749e-03 4.719e-04 4.280e-03 -1.000 9.727e-03 -7.692 -7.089 -7.387 -7.769 -8.010 -8.238 -8.543 -8.737 -8.775
0.00970 1.00e+07 18.4144172668   18.174  4.979  3.7775  0.780    2  0.000  0.545     0.00     0.00 -1 -1.61e-06      0.00 7.238e-01 2.665e-01 1.749e-03 4.719e-04 4.280e-03 -1.000 9.727e-03 -7.679 -6.828 -7.183 -7.711 -8.021 -8.301 -8.673 -8.923 -8.968
0.00970 1.00e+07 18.4146442413   18.174  4.976  3.7624  0.724    2  0.000  0.545     0.00     0.00 -1 -1.51e-06      0.00 7.238e-01 2.665e-01 1.749e-03 4.719e-04 4.280e-03 -1.000 9.727e-03 -7.669 -6.643 -7.050 -7.666 -8.016 -8.326 -8.739 -9.025 -9.073
0.00970 1.00e+07 18.4148998260   18.174  4.971  3.7452  0.660    2  0.000  0.545     0.00     0.00 -1 -1.44e-06      0.00 7.238e-01 2.665e-01 1.749e-03 4.719e-04 4.280e-03 -1.000 9.727e-03 -7.656 -6.394 -6.882 -7.606 -8.003 -8.347 -8.810 -9.139 -9.192
0.00970 1.00e+07 18.4151992798   18.174  4.963  3.7252  0.587    2  0.000  0.545     0.00     0.00 -1 -1.26e-06      0.00 7.238e-01 2.665e-01 1.749e-03 4.719e-04 4.280e-03 -1.000 9.727e-03 -7.637 -6.047 -6.664 -7.522 -7.973 -8.358 -8.880 -9.263 -9.319
0.00970 1.00e+07 18.4153785706   18.174  4.957  3.7132  0.545    2  0.000  0.545     0.00     0.00 -1 -1.19e-06      0.00 7.238e-01 2.665e-01 1.749e-03 4.719e-04 4.280e-03 -1.000 9.727e-03 -7.624 -5.807 -6.522 -7.461 -7.946 -8.354 -8.915 -9.331 -9.389
0.00970 1.00e+07 18.4155750275   18.174  4.951  3.6998  0.497    2  0.000  0.545     0.00     0.00 -1  -1.1e-06      0.00 7.238e-01 2.665e-01 1.749e-03 4.719e-04 4.280e-03 -1.000 9.727e-03 -7.608 -5.521 -6.357 -7.389 -7.910 -8.344 -8.951 -9.406 -9.467
0.00970 1.00e+07 18.4157981873   18.174  4.944  3.6843  0.443    2  0.000  0.545     0.00     0.00 -1 -1.02e-06      0.00 7.238e-01 2.665e-01 1.749e-03 4.719e-04 4.280e-03 -1.000 9.727e-03 -7.589 -5.160 -6.156 -7.296 -7.860 -8.323 -8.988 -9.486 -9.553
0.00970 1.00e+07 18.4160461426   18.174  4.934  3.6678  0.387    2  0.000  0.545     0.00     0.00 -1 -9.44e-07      0.00 7.238e-01 2.665e-01 1.749e-03 4.719e-04 4.280e-03 -1.000 9.727e-03 -7.565 -4.723 -5.919 -7.176 -7.789 -8.286 -9.019 -9.563 -9.643
0.00970 1.00e+07 18.4163246155   18.174  4.921  3.6512  0.334    2  0.000  0.545     0.00     0.00 -1 -8.56e-07      0.00 7.238e-01 2.665e-01 1.749e-03 4.719e-04 4.280e-03 -1.000 9.727e-03 -7.532 -4.209 -5.647 -7.025 -7.694 -8.230 -9.038 -9.623 -9.724
0.00970 1.00e+07 18.4166336060   18.174  4.902  3.6364  0.293    2  0.000  0.545     0.00     0.00 -1 -7.75e-07      0.00 7.238e-01 2.665e-01 1.749e-03 4.719e-04 4.280e-03 -1.000 9.727e-03 -7.486 -3.683 -5.365 -6.848 -7.574 -8.153 -9.032 -9.653 -9.777
0.00970 1.00e+07 18.4169807434   18.174  4.878  3.6247  0.270    2  0.000  0.545     0.00     0.00 -1 -6.76e-07      0.00 7.238e-01 2.665e-01 1.749e-03 4.719e-04 4.280e-03 -1.000 9.727e-03 -7.425 -3.240 -5.111 -6.672 -7.446 -8.063 -8.998 -9.648 -9.792
0.00970 1.00e+07 18.4177169800   18.175  4.842  3.6115  0.254    2  0.000  0.545     0.00     0.00 -1 -5.31e-07      0.00 7.238e-01 2.665e-01 1.749e-03 4.719e-04 4.280e-03 -1.000 9.727e-03 -7.334 -2.741 -4.797 -6.436 -7.268 -7.934 -8.931 -9.619 -9.785
0.00970 1.00e+07 18.4185218811   18.175  4.821  3.6011  0.233    2  0.000  0.545     0.00     0.00 -1 -4.41e-07      0.00 7.238e-01 2.665e-01 1.748e-03 4.719e-04 4.280e-03 -1.000 9.727e-03 -7.281 -2.399 -4.563 -6.255 -7.134 -7.847 -8.894 -9.617 -9.797
0.00970 1.00e+07 18.4187736511   18.176  4.829  3.5977  0.211    2  0.000  0.541     0.00     0.00 -1 -4.31e-07      0.00 7.238e-01 2.665e-01 1.738e-03 4.767e-04 4.279e-03 -1.000 9.727e-03 -7.303 -2.311 -4.520 -6.233 -7.127 -7.858 -8.922 -9.655 -9.840
0.00970 1.00e+07 18.4196166992   18.176  4.891  3.5863  0.104    3  0.000  0.501     0.00     0.00 -1 -4.47e-07      0.00 7.113e-01 2.790e-01 1.535e-03 8.597e-04 4.085e-03 -1.000 9.746e-03 -7.457 -2.107 -4.434 -6.215 -7.170 -7.973 -9.097 -9.864 -10.068
0.00970 1.00e+07 18.4199466705   18.176  4.927  3.5820  0.050    3  0.000  0.467     0.00     0.00 -1 -4.76e-07      0.00 7.005e-01 2.897e-01 1.373e-03 1.188e-03 3.919e-03 -1.000 9.746e-03 -7.549 -2.060 -4.426 -6.234 -7.214 -8.049 -9.197 -9.977 -10.187
0.00970 1.00e+07 18.4204139709   18.176  4.973  3.5778 -0.012    3  0.000  0.433     0.00     0.00 -1 -6.88e-07      0.00 6.845e-01 3.057e-01 1.195e-03 1.611e-03 3.681e-03 -1.000 9.746e-03 -7.663 -2.038 -4.435 -6.268 -7.274 -8.148 -9.321 -10.112 -10.330
0.00970 1.00e+07 18.4212684631   18.177  5.009  3.5738 -0.064    3  0.000  0.416     0.00     0.00 -1 -9.47e-07      0.00 6.767e-01 3.136e-01 1.111e-03 1.813e-03 3.564e-03 -1.000 9.746e-03 -7.752 -2.004 -4.421 -6.277 -7.311 -8.222 -9.420 -10.220 -10.445
0.00970 1.00e+07 18.4225521088   18.177  5.026  3.5720 -0.088    3  0.000  0.406     0.00     0.00 -1 -1.08e-06      0.00 6.698e-01 3.204e-01 1.056e-03 1.966e-03 3.467e-03 -1.000 9.797e-03 -7.795 -1.992 -4.416 -6.284 -7.330 -8.259 -9.467 -10.272 -10.500
0.00970 1.00e+07 18.4237346649   18.177  5.029  3.5718 -0.092    3  0.000  0.404     0.00     0.00 -1 -1.11e-06      0.00 6.682e-01 3.221e-01 1.043e-03 2.002e-03 3.444e-03 -1.000 9.739e-03 -7.802 -1.990 -4.416 -6.285 -7.333 -8.264 -9.474 -10.280 -10.509
0.00970 1.00e+07 18.4239616394   18.177  5.029  3.5717 -0.092    3  0.000  0.404     0.00     0.00 -1 -1.12e-06      0.00 6.681e-01 3.222e-01 1.042e-03 2.004e-03 3.443e-03 -1.000 9.746e-03 -7.802 -1.990 -4.416 -6.285 -7.333 -8.265 -9.475 -10.281 -10.510
0.00970 1.00e+07 18.4414196014   18.182  5.013  3.5741 -0.067    4  0.000  0.404     0.00     0.00 -1 -1.04e-06      0.00 6.681e-01 3.221e-01 1.043e-03 2.001e-03 3.444e-03 -1.000 9.747e-03 -7.763 -2.017 -4.435 -6.292 -7.324 -8.234 -9.430 -10.230 -10.454
0.00970 1.00e+07 18.5066757202   18.206  4.974  3.5814  0.002    4  0.000  0.405     0.00     0.00 -1 -8.69e-07      0.00 6.685e-01 3.217e-01 1.047e-03 1.991e-03 3.450e-03 -1.000 9.750e-03 -7.665 -2.120 -4.514 -6.336 -7.323 -8.164 -9.317 -10.096 -10.309
0.00970 1.00e+07 18.5185241699   18.211  4.972  3.5828  0.009    4  0.000  0.405     0.00     0.00 -1 -8.61e-07      0.00 6.686e-01 3.217e-01 1.048e-03 1.989e-03 3.451e-03 -1.000 9.750e-03 -7.661 -2.146 -4.537 -6.355 -7.335 -8.165 -9.310 -10.085 -10.295
0.00970 1.00e+07 18.5224437714   18.212  4.972  3.5835  0.012    4  0.000  0.405     0.00     0.00 -1 -8.62e-07      0.00 6.686e-01 3.217e-01 1.048e-03 1.988e-03 3.451e-03 -1.000 9.750e-03 -7.661 -2.163 -4.552 -6.368 -7.344 -8.167 -9.309 -10.081 -10.291
0.00970 1.00e+07 18.5236225128   18.212  4.973  3.5841  0.014    4  0.000  0.405     0.00     0.00 -1 -8.65e-07      0.00 6.686e-01 3.217e-01 1.048e-03 1.988e-03 3.452e-03 -1.000 9.751e-03 -7.662 -2.176 -4.565 -6.379 -7.352 -8.171 -9.309 -10.079 -10.288
0.00970 1.00e+07 18.5242195129   18.213  4.973  3.5847  0.016    4  0.000  0.405     0.00     0.00 -1 -8.66e-07      0.00 6.686e-01 3.216e-01 1.048e-03 1.988e-03 3.452e-03 -1.000 9.751e-03 -7.662 -2.194 -4.578 -6.389 -7.359 -8.174 -9.308 -10.076 -10.284
0.00970 1.00e+07 18.5244750977   18.213  4.973  3.5852  0.018    4  0.000  0.405     0.00     0.00 -1 -8.68e-07      0.00 6.686e-01 3.216e-01 1.048e-03 1.988e-03 3.452e-03 -1.000 9.751e-03 -7.662 -2.206 -4.587 -6.396 -7.363 -8.175 -9.308 -10.074 -10.282
0.00970 1.00e+07 18.5248012543   18.213  4.973  3.5860  0.022    4  0.000  0.405     0.00     0.00 -1 -8.69e-07      0.00 6.686e-01 3.216e-01 1.048e-03 1.988e-03 3.452e-03 -1.000 9.751e-03 -7.662 -2.228 -4.604 -6.408 -7.372 -8.178 -9.307 -10.070 -10.276
0.00970 1.00e+07 18.5249958038   18.213  4.973  3.5867  0.024    4  0.000  0.405     0.00     0.00 -1 -8.71e-07      0.00 6.686e-01 3.216e-01 1.048e-03 1.988e-03 3.452e-03 -1.000 9.751e-03 -7.662 -2.246 -4.617 -6.418 -7.378 -8.181 -9.306 -10.067 -10.272
0.00970 1.00e+07 18.5252075195   18.213  4.973  3.5877  0.028    4  0.000  0.405     0.00     0.00 -1 -8.72e-07      0.00 6.686e-01 3.216e-01 1.048e-03 1.988e-03 3.452e-03 -1.000 9.751e-03 -7.662 -2.271 -4.635 -6.432 -7.387 -8.184 -9.304 -10.062 -10.266
0.00970 1.00e+07 18.5254478455   18.213  4.973  3.5887  0.033    4  0.000  0.405     0.00     0.00 -1 -8.73e-07      0.00 6.686e-01 3.216e-01 1.049e-03 1.988e-03 3.452e-03 -1.000 9.751e-03 -7.661 -2.298 -4.655 -6.447 -7.397 -8.187 -9.302 -10.056 -10.259
0.00970 1.00e+07 18.5257186890   18.213  4.972  3.5898  0.037    4  0.000  0.405     0.00     0.00 -1 -8.75e-07      0.00 6.686e-01 3.216e-01 1.049e-03 1.988e-03 3.452e-03 -1.000 9.751e-03 -7.661 -2.325 -4.675 -6.462 -7.407 -8.191 -9.300 -10.051 -10.252
0.00970 1.00e+07 18.5260162354   18.213  4.972  3.5908  0.041    4  0.000  0.405     0.00     0.00 -1 -8.76e-07      0.00 6.686e-01 3.216e-01 1.049e-03 1.988e-03 3.452e-03 -1.000 9.751e-03 -7.661 -2.351 -4.694 -6.476 -7.416 -8.194 -9.298 -10.046 -10.245
0.00970 1.00e+07 18.5263519287   18.213  4.972  3.5918  0.045    4  0.000  0.405     0.00     0.00 -1 -8.78e-07      0.00 6.686e-01 3.216e-01 1.049e-03 1.988e-03 3.452e-03 -1.000 9.751e-03 -7.660 -2.377 -4.713 -6.490 -7.426 -8.197 -9.296 -10.040 -10.238
0.00970 1.00e+07 18.5267276764   18.213  4.972  3.5928  0.050    4  0.000  0.405     0.00     0.00 -1 -8.79e-07      0.00 6.686e-01 3.216e-01 1.049e-03 1.988e-03 3.452e-03 -1.000 9.751e-03 -7.660 -2.403 -4.731 -6.505 -7.435 -8.200 -9.294 -10.035 -10.232
0.00970 1.00e+07 18.5271453857   18.213  4.972  3.5938  0.054    4  0.000  0.405     0.00     0.00 -1  -8.8e-07      0.00 6.686e-01 3.216e-01 1.049e-03 1.988e-03 3.452e-03 -1.000 9.751e-03 -7.660 -2.428 -4.750 -6.519 -7.444 -8.204 -9.293 -10.030 -10.225
0.00970 1.00e+07 18.5276145935   18.214  4.972  3.5948  0.058    4  0.000  0.405     0.00     0.00 -1 -8.82e-07      0.00 6.686e-01 3.216e-01 1.049e-03 1.987e-03 3.452e-03 -1.000 9.751e-03 -7.659 -2.453 -4.769 -6.532 -7.453 -8.207 -9.291 -10.025 -10.218
0.00970 1.00e+07 18.5281410217   18.214  4.972  3.5958  0.062    4  0.000  0.405     0.00     0.00 -1 -8.83e-07      0.00 6.686e-01 3.216e-01 1.049e-03 1.987e-03 3.452e-03 -1.000 9.751e-03 -7.659 -2.479 -4.787 -6.547 -7.462 -8.210 -9.289 -10.019 -10.212
0.00970 1.00e+07 18.5287227631   18.214  4.971  3.5968  0.066    4  0.000  0.405     0.00     0.00 -1 -8.85e-07      0.00 6.686e-01 3.216e-01 1.049e-03 1.987e-03 3.452e-03 -1.000 9.751e-03 -7.658 -2.505 -4.806 -6.561 -7.472 -8.213 -9.286 -10.014 -10.205
0.00970 1.00e+07 18.5293788910   18.214  4.971  3.5978  0.070    4  0.000  0.405     0.00     0.00 -1 -8.85e-07      0.00 6.686e-01 3.216e-01 1.049e-03 1.987e-03 3.452e-03 -1.000 9.751e-03 -7.658 -2.530 -4.824 -6.574 -7.480 -8.216 -9.284 -10.009 -10.198
0.00970 1.00e+07 18.5301113129   18.214  4.971  3.5987  0.074    4  0.000  0.405     0.00     0.00 -1 -8.86e-07      0.00 6.686e-01 3.216e-01 1.049e-03 1.987e-03 3.452e-03 -1.000 9.751e-03 -7.657 -2.557 -4.841 -6.586 -7.487 -8.218 -9.282 -10.003 -10.191
0.00970 1.00e+07 18.5309295654   18.215  4.970  3.5996  0.078    4  0.000  0.405     0.00     0.00 -1 -8.86e-07      0.00 6.686e-01 3.216e-01 1.049e-03 1.987e-03 3.452e-03 -1.000 9.751e-03 -7.656 -2.583 -4.856 -6.596 -7.494 -8.220 -9.280 -9.998 -10.185
0.00970 1.00e+07 18.5318450928   18.215  4.970  3.6004  0.082    4  0.000  0.405     0.00     0.00 -1 -8.87e-07      0.00 6.686e-01 3.216e-01 1.049e-03 1.987e-03 3.452e-03 -1.000 9.751e-03 -7.655 -2.607 -4.870 -6.605 -7.499 -8.222 -9.278 -9.994 -10.179
0.00970 1.00e+07 18.5328655243   18.215  4.970  3.6011  0.085    4  0.000  0.405     0.00     0.00 -1 -8.87e-07      0.00 6.686e-01 3.216e-01 1.049e-03 1.987e-03 3.452e-03 -1.000 9.751e-03 -7.654 -2.628 -4.883 -6.614 -7.504 -8.223 -9.276 -9.989 -10.173
0.00970 1.00e+07 18.5340099335   18.216  4.969  3.6018  0.088    4  0.000  0.405     0.00     0.00 -1 -8.86e-07      0.00 6.687e-01 3.216e-01 1.049e-03 1.986e-03 3.453e-03 -1.000 9.751e-03 -7.653 -2.648 -4.895 -6.621 -7.509 -8.224 -9.273 -9.985 -10.168
0.00970 1.00e+07 18.5352897644   18.216  4.969  3.6024  0.091    4  0.000  0.405     0.00     0.00 -1 -8.06e-07      0.00 6.687e-01 3.216e-01 1.049e-03 1.986e-03 3.453e-03 -1.000 9.751e-03 -7.652 -2.665 -4.905 -6.628 -7.512 -8.225 -9.271 -9.981 -10.163
0.00970 1.00e+07 18.5367164612   18.217  4.968  3.6030  0.094    4  0.000  0.405     0.00     0.00 -1 -8.04e-07      0.00 6.687e-01 3.216e-01 1.049e-03 1.986e-03 3.453e-03 -1.000 9.751e-03 -7.651 -2.681 -4.914 -6.634 -7.516 -8.226 -9.269 -9.977 -10.159
0.00970 1.00e+07 18.5401039124   18.218  4.967  3.6039  0.099    4  0.000  0.405     0.00     0.00 -1 -8.01e-07      0.00 6.687e-01 3.216e-01 1.049e-03 1.985e-03 3.453e-03 -1.000 9.751e-03 -7.649 -2.708 -4.929 -6.643 -7.521 -8.226 -9.265 -9.970 -10.150
0.00970 1.00e+07 18.5468330383   18.221  4.966  3.6051  0.105    4  0.000  0.405     0.00     0.00 -1 -7.94e-07      0.00 6.687e-01 3.215e-01 1.050e-03 1.984e-03 3.454e-03 -1.000 9.752e-03 -7.644 -2.741 -4.947 -6.654 -7.526 -8.226 -9.259 -9.960 -10.138
0.00970 1.00e+07 18.5557136536   18.225  4.963  3.6063  0.112    4  0.000  0.405     0.00     0.00 -1 -7.84e-07      0.00 6.688e-01 3.215e-01 1.050e-03 1.983e-03 3.454e-03 -1.000 9.752e-03 -7.638 -2.772 -4.963 -6.663 -7.529 -8.224 -9.251 -9.949 -10.125
0.00970 1.00e+07 18.5970153809   18.241  4.987  3.6133  0.118    5  0.000  0.406     0.00     0.00 -1 -8.58e-07      0.00 6.690e-01 3.212e-01 1.053e-03 1.977e-03 3.458e-03 -1.000 9.754e-03 -7.696 -3.025 -5.142 -6.806 -7.641 -8.304 -9.298 -9.973 -10.139
0.00970 1.00e+07 18.6030693054   18.243  5.014  3.6167  0.104    5  0.000  0.406     0.00     0.00 -1 -9.87e-07      0.00 6.690e-01 3.212e-01 1.053e-03 1.976e-03 3.459e-03 -1.000 9.754e-03 -7.765 -3.185 -5.263 -6.911 -7.732 -8.384 -9.361 -10.026 -10.186
0.00970 1.00e+07 18.6054725647   18.244  5.035  3.6198  0.095    5  0.000  0.406     0.00     0.00 -1 -1.13e-06      0.00 6.691e-01 3.212e-01 1.053e-03 1.975e-03 3.459e-03 -1.000 9.754e-03 -7.818 -3.327 -5.366 -6.997 -7.806 -8.446 -9.409 -10.064 -10.219
0.00970 1.00e+07 18.6072673798   18.244  5.056  3.6254  0.097    5  0.000  0.406     0.00     0.00 -1 -1.26e-06      0.00 6.691e-01 3.212e-01 1.053e-03 1.975e-03 3.459e-03 -1.000 9.754e-03 -7.869 -3.553 -5.513 -7.111 -7.895 -8.515 -9.451 -10.090 -10.236
0.00970 1.00e+07 18.6078929901   18.244  5.068  3.6317  0.110    5  0.000  0.406     0.00     0.00 -1 -1.37e-06      0.00 6.691e-01 3.212e-01 1.053e-03 1.975e-03 3.459e-03 -1.000 9.754e-03 -7.899 -3.802 -5.652 -7.204 -7.962 -8.560 -9.465 -10.089 -10.224
0.00970 1.00e+07 18.6083297729   18.243  5.075  3.6411  0.140    5  0.000  0.406     0.00     0.00 -1 -1.45e-06      0.00 6.691e-01 3.212e-01 1.053e-03 1.975e-03 3.459e-03 -1.000 9.754e-03 -7.918 -4.149 -5.832 -7.316 -8.033 -8.601 -9.461 -10.063 -10.181
0.00970 1.00e+07 18.6085128784   18.243  5.078  3.6475  0.163    5  0.000  0.406     0.00     0.00 -1 -1.49e-06      0.00 6.691e-01 3.212e-01 1.053e-03 1.975e-03 3.459e-03 -1.000 9.754e-03 -7.925 -4.377 -5.945 -7.379 -8.071 -8.621 -9.449 -10.036 -10.144
0.00970 1.00e+07 18.6087131500   18.244  5.081  3.6573  0.200    5  0.000  0.406     0.00     0.00 -1 -1.53e-06      0.00 6.691e-01 3.212e-01 1.053e-03 1.975e-03 3.459e-03 -1.000 9.754e-03 -7.931 -4.706 -6.108 -7.466 -8.121 -8.644 -9.426 -9.989 -10.083
0.00970 1.00e+07 18.6089191437   18.243  5.083  3.6706  0.251    5  0.000  0.406     0.00     0.00 -1 -1.59e-06      0.00 6.691e-01 3.212e-01 1.053e-03 1.975e-03 3.459e-03 -1.000 9.754e-03 -7.937 -5.099 -6.304 -7.561 -8.172 -8.665 -9.386 -9.917 -9.996
0.00970 1.00e+07 18.6091518402   18.243  5.082  3.6902  0.330    5  0.000  0.406     0.00     0.00 -1 -1.66e-06      0.00 6.691e-01 3.212e-01 1.053e-03 1.975e-03 3.459e-03 -1.000 9.754e-03 -7.935 -5.595 -6.558 -7.670 -8.221 -8.674 -9.316 -9.793 -9.858
0.00970 1.00e+07 18.6094112396   18.243  5.080  3.7135  0.425    5  0.000  0.406     0.00     0.00 -1 -1.75e-06      0.00 6.691e-01 3.212e-01 1.054e-03 1.975e-03 3.459e-03 -1.000 9.754e-03 -7.930 -6.088 -6.824 -7.769 -8.255 -8.663 -9.223 -9.633 -9.692
0.00970 1.00e+07 18.6097011566   18.243  5.079  3.7356  0.515    5  0.000  0.406     0.00     0.00 -1 -1.82e-06      0.00 6.691e-01 3.212e-01 1.054e-03 1.975e-03 3.459e-03 -1.000 9.754e-03 -7.926 -6.497 -7.058 -7.849 -8.272 -8.636 -9.125 -9.475 -9.531
0.00970 1.00e+07 18.6100254059   18.243  5.078  3.7562  0.598    5  0.000  0.406     0.00     0.00 -1 -1.93e-06      0.00 6.691e-01 3.212e-01 1.054e-03 1.975e-03 3.459e-03 -1.000 9.754e-03 -7.925 -6.804 -7.252 -7.909 -8.275 -8.597 -9.027 -9.325 -9.376
0.00970 1.00e+07 18.6103858948   18.242  5.078  3.7758  0.676    5  0.000  0.406     0.00     0.00 -1 -2.01e-06      0.00 6.691e-01 3.212e-01 1.054e-03 1.975e-03 3.459e-03 -1.000 9.754e-03 -7.925 -7.047 -7.419 -7.957 -8.270 -8.552 -8.928 -9.179 -9.225
0.00970 1.00e+07 18.6107902527   18.242  5.078  3.7950  0.753    5  0.000  0.406     0.00     0.00 -1 -2.12e-06      0.00 6.691e-01 3.212e-01 1.054e-03 1.974e-03 3.459e-03 -1.000 9.754e-03 -7.926 -7.244 -7.566 -7.993 -8.255 -8.499 -8.825 -9.033 -9.074
0.00970 1.00e+07 18.6112442017   18.242  5.078  3.8145  0.831    5  0.000  0.406     0.00     0.00 -1 -2.21e-06      0.00 6.691e-01 3.212e-01 1.054e-03 1.974e-03 3.459e-03 -1.000 9.754e-03 -7.926 -7.412 -7.697 -8.017 -8.229 -8.435 -8.714 -8.884 -8.920
0.00970 1.00e+07 18.6117496490   18.241  5.078  3.8345  0.911    5  0.000  0.406     0.00     0.00 -1 -2.31e-06      0.00 6.691e-01 3.212e-01 1.054e-03 1.974e-03 3.459e-03 -1.000 9.754e-03 -7.925 -7.561 -7.810 -8.033 -8.196 -8.364 -8.596 -8.731 -8.762
0.00970 1.00e+07 18.6123161316   18.240  5.077  3.8542  0.990    5  0.000  0.406     0.00     0.00 -1 -2.44e-06      0.00 6.691e-01 3.212e-01 1.054e-03 1.974e-03 3.460e-03 -1.000 9.754e-03 -7.924 -7.682 -7.892 -8.038 -8.159 -8.292 -8.480 -8.585 -8.609
0.00970 1.00e+07 18.6129455566   18.240  5.077  3.8730  1.067    5  0.000  0.406     0.00     0.00 -1 -2.54e-06      0.00 6.691e-01 3.212e-01 1.054e-03 1.974e-03 3.460e-03 -1.000 9.755e-03 -7.921 -7.781 -7.940 -8.031 -8.118 -8.221 -8.368 -8.447 -8.466
0.00970 1.00e+07 18.6136531830   18.239  5.075  3.8908  1.139    5  0.000  0.406     0.00     0.00 -1 -2.65e-06      0.00 6.691e-01 3.211e-01 1.054e-03 1.974e-03 3.460e-03 -1.000 9.755e-03 -7.918 -7.855 -7.952 -8.010 -8.074 -8.154 -8.261 -8.321 -8.334
0.00970 1.00e+07 18.6144409180   18.237  5.073  3.9075  1.207    5  0.000  0.406     0.00     0.00 -1 -2.77e-06      0.00 6.691e-01 3.211e-01 1.054e-03 1.974e-03 3.460e-03 -1.000 9.755e-03 -7.914 -7.903 -7.926 -7.970 -8.024 -8.088 -8.161 -8.207 -8.213
0.00970 1.00e+07 18.6153240204   18.238  5.071  3.9227  1.270    5  0.000  0.406     0.00     0.00 -1 -6.18e-07      0.00 6.691e-01 3.211e-01 1.054e-03 1.974e-03 3.460e-03 -1.000 9.755e-03 -7.909 -7.930 -7.899 -7.923 -7.967 -8.019 -8.066 -8.102 -8.103
0.00970 1.00e+07 18.6163101196   18.239  5.069  3.9364  1.327    5  0.000  0.406     0.00     0.00 -1 -6.37e-07      0.00 6.691e-01 3.211e-01 1.054e-03 1.974e-03 3.460e-03 -1.000 9.755e-03 -7.903 -7.945 -7.873 -7.877 -7.910 -7.950 -7.977 -8.005 -8.002
0.00970 1.00e+07 18.6174106598   18.239  5.067  3.9485  1.378    5  0.000  0.406     0.00     0.00 -1 -6.49e-07      0.00 6.691e-01 3.211e-01 1.054e-03 1.973e-03 3.460e-03 -1.000 9.755e-03 -7.898 -7.953 -7.822 -7.822 -7.856 -7.891 -7.897 -7.919 -7.913
0.00970 1.00e+07 18.6186447144   18.240  5.065  3.9589  1.421    5  0.000  0.406     0.00     0.00 -1 -6.72e-07      0.00 6.691e-01 3.211e-01 1.054e-03 1.973e-03 3.460e-03 -1.000 9.755e-03 -7.893 -7.943 -7.804 -7.785 -7.808 -7.832 -7.828 -7.844 -7.835
0.00970 1.00e+07 18.6200199127   18.240  5.064  3.9673  1.456    5  0.000  0.406     0.00     0.00 -1 -6.77e-07      0.00 6.691e-01 3.211e-01 1.054e-03 1.973e-03 3.460e-03 -1.000 9.755e-03 -7.890 -7.936 -7.783 -7.751 -7.768 -7.785 -7.771 -7.783 -7.771
0.00970 1.00e+07 18.6215572357   18.241  5.064  3.9740  1.483    5  0.000  0.406     0.00     0.00 -1 -6.97e-07      0.00 6.691e-01 3.211e-01 1.054e-03 1.973e-03 3.460e-03 -1.000 9.755e-03 -7.889 -7.934 -7.766 -7.726 -7.738 -7.750 -7.728 -7.736 -7.723
0.00970 1.00e+07 18.6252002716   18.242  5.064  3.9999  1.586    5  0.000  0.406     0.00     0.00 -1 -7.44e-07      0.00 6.692e-01 3.211e-01 1.054e-03 1.972e-03 3.461e-03 -1.000 9.755e-03 -7.891 -7.934 -7.664 -7.612 -7.619 -7.620 -7.564 -7.563 -7.544
0.00970 1.00e+07 18.6354179382   18.247  5.060  4.0374  1.741    5  0.000  0.406     0.00     0.00 -1 -6.39e-07      0.00 6.692e-01 3.210e-01 1.055e-03 1.971e-03 3.462e-03 -1.000 9.756e-03 -7.881 -7.896 -7.487 -7.420 -7.420 -7.406 -7.309 -7.295 -7.270
0.00970 1.00e+07 18.6631221771   18.260  5.060  4.0420  1.760    5  0.000  0.407     0.00     0.00 -1 -6.68e-07      0.00 6.694e-01 3.209e-01 1.057e-03 1.966e-03 3.464e-03 -1.000 9.757e-03 -7.879 -7.888 -7.464 -7.395 -7.394 -7.378 -7.276 -7.262 -7.236
0.00970 1.00e+07 18.6839313507   18.270  5.061  4.0377  1.742    5  0.000  0.407     0.00     0.00 -1 -6.75e-07      0.00 6.695e-01 3.208e-01 1.058e-03 1.963e-03 3.466e-03 -1.000 9.758e-03 -7.881 -7.896 -7.486 -7.419 -7.419 -7.405 -7.307 -7.294 -7.268
0.00970 1.00e+07 18.7835445404   18.314  5.062  4.0000  1.591    6  0.000  0.408     0.00     0.00 -1 -7.03e-07      0.00 6.700e-01 3.202e-01 1.064e-03 1.948e-03 3.475e-03 -1.000 9.762e-03 -7.885 -7.928 -7.658 -7.606 -7.613 -7.613 -7.558 -7.556 -7.537
0.00970 1.00e+07 18.9777107239   18.375  5.069  3.9301  1.306    6  0.000  0.411     0.00     0.00 -1 -8.43e-07      0.00 6.711e-01 3.191e-01 1.075e-03 1.918e-03 3.492e-03 -1.000 9.770e-03 -7.901 -7.934 -7.886 -7.896 -7.933 -7.977 -8.014 -8.044 -8.044
0.00970 1.00e+07 19.1272907257   18.393  5.073  3.8688  1.057    6  0.000  0.412     0.00     0.00 -1 -9.48e-07      0.00 6.719e-01 3.183e-01 1.084e-03 1.895e-03 3.505e-03 -1.000 9.777e-03 -7.912 -7.750 -7.922 -8.024 -8.118 -8.228 -8.383 -8.468 -8.488
0.00970 1.00e+07 19.2190837860   18.403  5.070  3.8130  0.837    6  0.000  0.413     0.00     0.00 -1 -9.12e-07      0.00 6.724e-01 3.178e-01 1.089e-03 1.881e-03 3.513e-03 -1.000 9.781e-03 -7.905 -7.379 -7.665 -7.995 -8.211 -8.420 -8.702 -8.875 -8.912
0.00970 1.00e+07 19.2828807831   18.409  5.077  3.7875  0.728    6  0.000  0.414     0.00     0.00 -1 -9.65e-07      0.00 6.727e-01 3.175e-01 1.093e-03 1.872e-03 3.519e-03 -1.000 9.783e-03 -7.923 -7.169 -7.508 -7.978 -8.259 -8.518 -8.863 -9.088 -9.131
0.00970 1.00e+07 19.3354759216   18.412  5.082  3.7669  0.641    6  0.000  0.415     0.00     0.00 -1    -1e-06      0.00 6.730e-01 3.172e-01 1.096e-03 1.864e-03 3.523e-03 -1.000 9.786e-03 -7.934 -6.954 -7.356 -7.945 -8.282 -8.582 -8.982 -9.254 -9.302
0.00970 1.00e+07 19.3773345947   18.414  5.085  3.7501  0.570    6  0.000  0.415     0.00     0.00 -1 -1.03e-06      0.00 6.732e-01 3.170e-01 1.098e-03 1.857e-03 3.527e-03 -1.000 9.787e-03 -7.943 -6.737 -7.215 -7.910 -8.293 -8.627 -9.074 -9.388 -9.440
0.00970 1.00e+07 19.4099235535   18.414  5.088  3.7366  0.513    6  0.000  0.416     0.00     0.00 -1 -1.06e-06      0.00 6.734e-01 3.168e-01 1.100e-03 1.852e-03 3.530e-03 -1.000 9.789e-03 -7.950 -6.537 -7.092 -7.876 -8.297 -8.658 -9.145 -9.492 -9.548
0.00970 1.00e+07 19.4350242615   18.414  5.090  3.7259  0.468    6  0.000  0.416     0.00     0.00 -1 -1.07e-06      0.00 6.735e-01 3.167e-01 1.102e-03 1.849e-03 3.532e-03 -1.000 9.790e-03 -7.956 -6.353 -6.986 -7.844 -8.295 -8.679 -9.198 -9.574 -9.631
0.00970 1.00e+07 19.4585609436   18.414  5.092  3.7155  0.425    6  0.000  0.416     0.00     0.00 -1  -1.1e-06      0.00 6.737e-01 3.165e-01 1.103e-03 1.845e-03 3.534e-03 -1.000 9.791e-03 -7.961 -6.158 -6.878 -7.809 -8.289 -8.693 -9.246 -9.650 -9.709
0.00970 1.00e+07 19.4757461548   18.413  5.094  3.7075  0.391    6  0.000  0.416     0.00     0.00 -1  -1.2e-06      0.00 6.738e-01 3.164e-01 1.104e-03 1.843e-03 3.535e-03 -1.000 9.792e-03 -7.965 -6.001 -6.792 -7.780 -8.282 -8.702 -9.282 -9.708 -9.769
0.00970 1.00e+07 19.4946250916   18.412  5.096  3.6981  0.352    6  0.000  0.417     0.00     0.00 -1 -1.22e-06      0.00 6.739e-01 3.163e-01 1.105e-03 1.840e-03 3.537e-03 -1.000 9.792e-03 -7.969 -5.807 -6.688 -7.743 -8.271 -8.710 -9.322 -9.775 -9.837
0.00970 1.00e+07 19.5077991486   18.410  5.097  3.6910  0.322    6  0.000  0.417     0.00     0.00 -1 -1.22e-06      0.00 6.739e-01 3.163e-01 1.106e-03 1.838e-03 3.538e-03 -1.000 9.793e-03 -7.972 -5.648 -6.605 -7.711 -8.260 -8.712 -9.350 -9.824 -9.889
0.00970 1.00e+07 19.5220851898   18.409  5.098  3.6826  0.287    6  0.000  0.417     0.00     0.00 -1 -1.22e-06      0.00 6.740e-01 3.162e-01 1.107e-03 1.836e-03 3.539e-03 -1.000 9.793e-03 -7.975 -5.450 -6.502 -7.671 -8.244 -8.712 -9.384 -9.882 -9.950
0.00970 1.00e+07 19.5295944214   18.405  5.098  3.6775  0.267    6  0.000  0.417     0.00     0.00 -1 -2.02e-06      0.00 6.740e-01 3.162e-01 1.107e-03 1.835e-03 3.540e-03 -1.000 9.794e-03 -7.976 -5.319 -6.436 -7.642 -8.231 -8.710 -9.402 -9.914 -9.986
0.00970 1.00e+07 19.5365085602   18.401  5.099  3.6721  0.245    6  0.000  0.417     0.00     0.00 -1 -1.99e-06      0.00 6.741e-01 3.161e-01 1.107e-03 1.834e-03 3.540e-03 -1.000 9.794e-03 -7.976 -5.175 -6.363 -7.610 -8.216 -8.706 -9.422 -9.948 -10.025
0.00970 1.00e+07 19.5426502228   18.397  5.099  3.6663  0.221    6  0.000  0.417     0.00     0.00 -1 -1.97e-06      0.00 6.741e-01 3.161e-01 1.108e-03 1.833e-03 3.541e-03 -1.000 9.794e-03 -7.977 -5.014 -6.283 -7.574 -8.199 -8.701 -9.442 -9.983 -10.066
0.00970 1.00e+07 19.5481605530   18.394  5.098  3.6598  0.195    6  0.000  0.417     0.00     0.00 -1 -1.93e-06      0.00 6.741e-01 3.161e-01 1.108e-03 1.832e-03 3.541e-03 -1.000 9.795e-03 -7.976 -4.817 -6.186 -7.527 -8.175 -8.693 -9.463 -10.020 -10.110
0.00970 1.00e+07 19.5531120300   18.392  5.096  3.6537  0.173    6  0.000  0.417     0.00     0.00 -1 -1.88e-06      0.00 6.742e-01 3.160e-01 1.108e-03 1.831e-03 3.542e-03 -1.000 9.795e-03 -7.970 -4.623 -6.088 -7.477 -8.146 -8.678 -9.477 -10.048 -10.147
0.00970 1.00e+07 19.5575447083   18.389  5.099  3.6490  0.151    6  0.000  0.417     0.00     0.00 -1 -1.88e-06      0.00 6.742e-01 3.160e-01 1.108e-03 1.832e-03 3.542e-03 -1.000 9.788e-03 -7.978 -4.468 -6.018 -7.444 -8.131 -8.677 -9.499 -10.081 -10.187
0.00970 1.00e+07 19.5602436066   18.388  5.100  3.6463  0.139    6  0.000  0.417     0.00     0.00 -1 -1.89e-06      0.00 6.741e-01 3.161e-01 1.107e-03 1.834e-03 3.540e-03 -1.000 9.784e-03 -7.981 -4.380 -5.977 -7.424 -8.122 -8.676 -9.510 -10.098 -10.209
0.00970 1.00e+07 19.5627460480   18.386  5.101  3.6438  0.128    6  0.000  0.417     0.00     0.00 -1 -1.89e-06      0.00 6.740e-01 3.163e-01 1.106e-03 1.835e-03 3.539e-03 -1.000 9.780e-03 -7.984 -4.292 -5.937 -7.404 -8.112 -8.673 -9.520 -10.114 -10.229
0.00970 1.00e+07 19.5650711060   18.385  5.102  3.6412  0.117    6  0.000  0.417     0.00     0.00 -1 -1.89e-06      0.00 6.739e-01 3.164e-01 1.106e-03 1.837e-03 3.538e-03 -1.000 9.777e-03 -7.986 -4.205 -5.896 -7.384 -8.102 -8.670 -9.529 -10.129 -10.248
0.00970 1.00e+07 19.5672264099   18.384  5.103  3.6387  0.106    6  0.000  0.417     0.00     0.00 -1 -1.89e-06      0.00 6.738e-01 3.164e-01 1.105e-03 1.839e-03 3.537e-03 -1.000 9.774e-03 -7.988 -4.117 -5.855 -7.362 -8.091 -8.667 -9.538 -10.144 -10.267
0.00970 1.00e+07 19.5692310333   18.383  5.104  3.6362  0.095    6  0.000  0.416     0.00     0.00 -1 -1.88e-06      0.00 6.737e-01 3.165e-01 1.105e-03 1.840e-03 3.536e-03 -1.000 9.771e-03 -7.990 -4.028 -5.812 -7.338 -8.078 -8.663 -9.546 -10.158 -10.286
0.00970 1.00e+07 19.5710868835   18.382  5.105  3.6337  0.085    6  0.000  0.416     0.00     0.00 -1 -1.88e-06      0.00 6.736e-01 3.166e-01 1.104e-03 1.841e-03 3.535e-03 -1.000 9.768e-03 -7.991 -3.940 -5.770 -7.315 -8.066 -8.658 -9.554 -10.172 -10.304
0.00970 1.00e+07 19.5728092194   18.381  5.105  3.6313  0.074    6  0.000  0.416     0.00     0.00 -1 -1.87e-06      0.00 6.736e-01 3.167e-01 1.104e-03 1.843e-03 3.534e-03 -1.000 9.765e-03 -7.993 -3.852 -5.728 -7.292 -8.053 -8.654 -9.562 -10.185 -10.321
0.00970 1.00e+07 19.5748081207   18.380  5.106  3.6282  0.062    6  0.000  0.416     0.00     0.00 -1 -1.87e-06      0.00 6.735e-01 3.168e-01 1.103e-03 1.844e-03 3.533e-03 -1.000 9.762e-03 -7.994 -3.741 -5.675 -7.262 -8.037 -8.648 -9.571 -10.201 -10.343
0.00970 1.00e+07 19.5773086548   18.380  5.106  3.6239  0.043    6  0.000  0.416     0.00     0.00 -1 -1.86e-06      0.00 6.734e-01 3.169e-01 1.102e-03 1.846e-03 3.532e-03 -1.000 9.758e-03 -7.996 -3.586 -5.598 -7.217 -8.012 -8.638 -9.583 -10.223 -10.373
0.00970 1.00e+07 19.5787696838   18.379  5.107  3.6210  0.032    6  0.000  0.416     0.00     0.00 -1 -1.86e-06      0.00 6.733e-01 3.169e-01 1.102e-03 1.847e-03 3.531e-03 -1.000 9.756e-03 -7.997 -3.485 -5.545 -7.184 -7.993 -8.630 -9.590 -10.238 -10.392
0.00970 1.00e+07 19.5802536011   18.378  5.107  3.6177  0.018    6  0.000  0.416     0.00     0.00 -1 -1.85e-06      0.00 6.732e-01 3.170e-01 1.102e-03 1.848e-03 3.531e-03 -1.000 9.754e-03 -7.997 -3.369 -5.484 -7.147 -7.971 -8.621 -9.597 -10.254 -10.414
0.00970 1.00e+07 19.5816841125   18.378  5.107  3.6140  0.003    6  0.000  0.416     0.00     0.00 -1 -1.84e-06      0.00 6.732e-01 3.171e-01 1.101e-03 1.849e-03 3.530e-03 -1.000 9.751e-03 -7.998 -3.241 -5.417 -7.105 -7.946 -8.611 -9.605 -10.271 -10.438
0.00970 1.00e+07 19.5830230713   18.377  5.107  3.6101 -0.012    6  0.000  0.416     0.00     0.00 -1 -1.82e-06      0.00 6.731e-01 3.172e-01 1.101e-03 1.851e-03 3.529e-03 -1.000 9.749e-03 -7.998 -3.114 -5.345 -7.058 -7.917 -8.599 -9.612 -10.289 -10.463
0.00970 1.00e+07 19.5842590332   18.377  5.107  3.6060 -0.029    6  0.000  0.416     0.00     0.00 -1 -1.81e-06      0.00 6.730e-01 3.173e-01 1.100e-03 1.853e-03 3.528e-03 -1.000 9.748e-03 -7.997 -2.989 -5.268 -7.005 -7.884 -8.585 -9.618 -10.308 -10.489
0.00970 1.00e+07 19.5853900909   18.376  5.107  3.6016 -0.046    6  0.000  0.416     0.00     0.00 -1 -1.78e-06      0.00 6.729e-01 3.174e-01 1.100e-03 1.854e-03 3.527e-03 -1.000 9.746e-03 -7.996 -2.857 -5.187 -6.949 -7.848 -8.569 -9.624 -10.328 -10.515
0.00970 1.00e+07 19.5858993530   18.376  5.106  3.5996 -0.054    6  0.000  0.416     0.00     0.00 -1 -1.76e-06      0.00 6.729e-01 3.174e-01 1.099e-03 1.855e-03 3.526e-03 -1.000 9.745e-03 -7.996 -2.794 -5.148 -6.922 -7.831 -8.562 -9.627 -10.337 -10.527
0.00970 1.00e+07 19.5864696503   18.376  5.106  3.5971 -0.063    6  0.000  0.416     0.00     0.00 -1 -1.75e-06      0.00 6.728e-01 3.174e-01 1.099e-03 1.856e-03 3.526e-03 -1.000 9.744e-03 -7.994 -2.721 -5.099 -6.887 -7.808 -8.552 -9.630 -10.348 -10.542
0.00970 1.00e+07 19.5871467590   18.376  5.105  3.5939 -0.075    6  0.000  0.416     0.00     0.00 -1 -1.72e-06      0.00 6.728e-01 3.175e-01 1.099e-03 1.857e-03 3.525e-03 -1.000 9.743e-03 -7.993 -2.637 -5.035 -6.839 -7.775 -8.539 -9.633 -10.362 -10.560
0.00970 1.00e+07 19.5875701904   18.376  5.104  3.5918 -0.083    6  0.000  0.416     0.00     0.00 -1 -1.71e-06      0.00 6.727e-01 3.175e-01 1.099e-03 1.857e-03 3.525e-03 -1.000 9.742e-03 -7.991 -2.581 -4.992 -6.805 -7.753 -8.530 -9.634 -10.370 -10.572
0.00970 1.00e+07 19.5880966187   18.376  5.103  3.5888 -0.094    6  0.000  0.416     0.00     0.00 -1 -1.69e-06      0.00 6.727e-01 3.176e-01 1.098e-03 1.858e-03 3.524e-03 -1.000 9.742e-03 -7.989 -2.503 -4.932 -6.759 -7.722 -8.517 -9.637 -10.382 -10.588
0.00970 1.00e+07 19.5884094238   18.376  5.103  3.5870 -0.101    6  0.000  0.415     0.00     0.00 -1 -1.68e-06      0.00 6.727e-01 3.176e-01 1.098e-03 1.859e-03 3.524e-03 -1.000 9.741e-03 -7.987 -2.454 -4.894 -6.730 -7.702 -8.509 -9.638 -10.390 -10.598
0.00970 1.00e+07 19.5887584686   18.375  5.102  3.5849 -0.108    6  0.000  0.415     0.00     0.00 -1 -1.67e-06      0.00 6.726e-01 3.176e-01 1.098e-03 1.859e-03 3.524e-03 -1.000 9.740e-03 -7.985 -2.398 -4.850 -6.696 -7.679 -8.500 -9.639 -10.397 -10.609
0.00970 1.00e+07 19.5891513824   18.375  5.101  3.5826 -0.116    6  0.000  0.415     0.00     0.00 -1 -1.65e-06      0.00 6.726e-01 3.177e-01 1.098e-03 1.860e-03 3.523e-03 -1.000 9.740e-03 -7.981 -2.342 -4.798 -6.654 -7.649 -8.488 -9.640 -10.406 -10.621
0.00970 1.00e+07 19.5895843506   18.375  5.099  3.5802 -0.124    6  0.000  0.415     0.00     0.00 -1 -1.63e-06      0.00 6.726e-01 3.177e-01 1.097e-03 1.860e-03 3.523e-03 -1.000 9.739e-03 -7.977 -2.287 -4.743 -6.605 -7.614 -8.474 -9.639 -10.413 -10.631
0.00970 1.00e+07 19.5901012421   18.375  5.096  3.5780 -0.130    6  0.000  0.415     0.00     0.00 -1  -1.6e-06      0.00 6.725e-01 3.178e-01 1.097e-03 1.861e-03 3.522e-03 -1.000 9.738e-03 -7.970 -2.234 -4.689 -6.558 -7.579 -8.458 -9.636 -10.417 -10.639
0.00970 1.00e+07 19.5907478333   18.375  5.091  3.5759 -0.133    6  0.000  0.415     0.00     0.00 -1 -1.56e-06      0.00 6.725e-01 3.178e-01 1.097e-03 1.862e-03 3.522e-03 -1.000 9.737e-03 -7.958 -2.182 -4.634 -6.508 -7.540 -8.438 -9.627 -10.415 -10.640
0.00970 1.00e+07 19.5915336609   18.375  5.087  3.5745 -0.134    6  0.000  0.415     0.00     0.00 -1 -1.51e-06      0.00 6.724e-01 3.179e-01 1.096e-03 1.863e-03 3.521e-03 -1.000 9.736e-03 -7.946 -2.145 -4.595 -6.472 -7.511 -8.421 -9.618 -10.411 -10.637
0.00970 1.00e+07 19.5923328400   18.375  5.081  3.5735 -0.133    6  0.000  0.415     0.00     0.00 -1 -1.47e-06      0.00 6.723e-01 3.179e-01 1.096e-03 1.864e-03 3.520e-03 -1.000 9.735e-03 -7.933 -2.114 -4.561 -6.440 -7.484 -8.403 -9.606 -10.402 -10.630
0.00970 1.00e+07 19.5933475494   18.375  5.081  3.5716 -0.141    6  0.000  0.415     0.00     0.00 -1 -1.43e-06      0.00 6.722e-01 3.180e-01 1.096e-03 1.866e-03 3.519e-03 -1.000 9.733e-03 -7.933 -2.074 -4.521 -6.406 -7.461 -8.397 -9.609 -10.412 -10.643
0.00970 1.00e+07 19.5940856934   18.374  5.093  3.5699 -0.159    6  0.000  0.412     0.00     0.00 -1 -1.48e-06      0.00 6.722e-01 3.181e-01 1.086e-03 1.877e-03 3.518e-03 -1.000 9.732e-03 -7.961 -2.053 -4.503 -6.397 -7.464 -8.418 -9.641 -10.449 -10.682
0.00970 1.00e+07 19.5948753357   18.374  5.103  3.5686 -0.175    6  0.000  0.404     0.00     0.00 -1 -1.57e-06      0.00 6.721e-01 3.182e-01 1.065e-03 1.904e-03 3.517e-03 -1.000 9.748e-03 -7.988 -2.046 -4.492 -6.390 -7.467 -8.439 -9.671 -10.482 -10.718
0.00970 1.00e+07 19.5959987640   18.374  5.110  3.5677 -0.185    6  0.000  0.400     0.00     0.00 -1 -1.65e-06      0.00 6.720e-01 3.183e-01 1.056e-03 1.916e-03 3.516e-03 -1.000 9.746e-03 -8.005 -2.041 -4.485 -6.385 -7.469 -8.452 -9.691 -10.504 -10.741
0.00970 1.00e+07 19.5974369049   18.374  5.114  3.5671 -0.192    6  0.000  0.399     0.00     0.00 -1 -1.69e-06      0.00 6.719e-01 3.184e-01 1.053e-03 1.921e-03 3.515e-03 -1.000 9.744e-03 -8.016 -2.038 -4.480 -6.381 -7.470 -8.460 -9.703 -10.517 -10.755
0.00970 1.00e+07 19.5990238190   18.374  5.124  3.5657 -0.207    7  0.000  0.395     0.00     0.00 -1 -1.75e-06      0.00 6.692e-01 3.211e-01 1.030e-03 1.981e-03 3.477e-03 -1.000 9.744e-03 -8.040 -2.028 -4.464 -6.369 -7.468 -8.478 -9.731 -10.548 -10.788
0.00970 1.00e+07 19.6012248993   18.373  5.147  3.5629 -0.241    7  0.000  0.389     0.00     0.00 -1 -1.94e-06      0.00 6.652e-01 3.251e-01 9.971e-04 2.071e-03 3.422e-03 -1.000 9.744e-03 -8.098 -2.015 -4.441 -6.353 -7.475 -8.523 -9.796 -10.620 -10.865
0.00970 1.00e+07 19.6083965302   18.368  5.192  3.5577 -0.308    7  0.000  0.382     0.00     0.00 -1 -2.41e-06      0.00 6.605e-01 3.298e-01 9.599e-04 2.175e-03 3.354e-03 -1.000 9.745e-03 -8.211 -1.997 -4.404 -6.331 -7.495 -8.613 -9.923 -10.759 -11.013
0.00970 1.00e+07 19.6111507416   18.366  5.210  3.5558 -0.332    7  0.000  0.381     0.00     0.00 -1 -2.61e-06      0.00 6.598e-01 3.305e-01 9.545e-04 2.191e-03 3.344e-03 -1.000 9.730e-03 -8.254 -1.992 -4.390 -6.321 -7.501 -8.647 -9.971 -10.811 -11.068
0.00970 1.00e+07 19.6143550873   18.363  5.240  3.5525 -0.376    7  0.000  0.380     0.00     0.00 -1 -3.02e-06      0.00 6.588e-01 3.315e-01 9.482e-04 2.213e-03 3.328e-03 -1.000 9.748e-03 -8.330 -1.989 -4.349 -6.275 -7.492 -8.700 -10.057 -10.904 -11.167
0.00970 1.00e+07 19.6186256409   18.358  5.280  3.5481 -0.434    7  0.000  0.380     0.00     0.00 -1 -3.73e-06      0.00 6.570e-01 3.332e-01 9.403e-04 2.245e-03 3.302e-03 -1.000 9.732e-03 -8.430 -1.986 -4.294 -6.212 -7.478 -8.769 -10.170 -11.025 -11.296
0.00970 1.00e+07 19.6200561523   18.358  5.293  3.5467 -0.452    7  0.000  0.379     0.00     0.00 -1 -3.87e-06      0.00 6.564e-01 3.339e-01 9.374e-04 2.256e-03 3.294e-03 -1.000 9.743e-03 -8.462 -1.985 -4.277 -6.192 -7.474 -8.791 -10.206 -11.064 -11.337
#isochrone terminated
